328 0.8277802791535345 0.5261554998208527 0.08959927960378208 0.09781440343962737
191 0.6992345790184602 0.675206019347904 0.11616389013957677 0.14080974561089216
191 0.7924358397118415 0.6635614475098531 0.10625844214317876 0.11895378000716589
191 0.8610986042323278 0.6490505195270513 0.08779828905898245 0.1028305266929416
93 0.9653309320126069 0.5069867431028305 0.06123367852318776 0.0802579720530276
47 0.904997748761819 0.5209602293084916 0.10715893741557857 0.09243998566821927
14 0.6253939666816749 0.5607309208169114 0.09995497523638001 0.11895378000716589
14 0.5497523638000901 0.5702257255463992 0.11256190904997748 0.13006091006807596
50 0.4565511031067087 0.5881404514510928 0.11616389013957677 0.13149408814045144
50 0.3563710040522287 0.6006807595843784 0.13372354795137326 0.14725904693658187
50 0.2420081044574516 0.6248656395557148 0.13912651958577218 0.14761734145467575
34 0.5022512381809996 0.7151558581153709 0.12471859522737505 0.14761734145467575
34 0.39509230076542096 0.7603009673951988 0.14993246285457001 0.1605159441060552
205 0.744934714092751 0.8609817269795772 0.12742008104457453 0.17556431386599786
205 0.8223773075191355 0.822106771766392 0.09860423232778028 0.1551415263346471
205 0.8962179198559208 0.8002508061626658 0.08509680324178298 0.1601576495879613
205 0.9506978838361099 0.7760659261913293 0.08779828905898245 0.14546757434611252
97 0.205087798289059 0.38874955213185236 0.11391265195857722 0.16768183446793264
97 0.31764970733903647 0.3864206377642422 0.16794236830256642 0.16660695091365102
97 0.4495722647456101 0.3864206377642422 0.13372354795137326 0.13149408814045144
181 0.5796938316073841 0.37083482622715874 0.14993246285457001 0.14761734145467575
181 0.6816749212066636 0.372984593335722 0.11616389013957677 0.14761734145467575
330 0.7836560108059433 0.37603009673951987 0.11481314723097703 0.10354711572912935
330 0.8381359747861323 0.37603009673951987 0.09320126069338136 0.09781440343962737
121 0.12471859522737505 0.1288068792547474 0.2305267897343539 0.21175206019347903
121 0.3014407924358397 0.14564672160515943 0.18955425484016208 0.19312074525259765
30 0.4464205312922107 0.16123253314224292 0.16163890139576767 0.17413113579362235
30 0.5738406123367852 0.17520601934790397 0.13012156686177398 0.16123253314224292
53 0.8009905447996398 0.20852740953063417 0.15308419630796938 0.11465424579003941
162 0.9128770823953174 0.2223217484772483 0.09770373705538046 0.09996417054819061
162 0.9718595227375056 0.22357577929057684 0.05628095452498874 0.10247223217484773
223 0.8894642053129221 0.37352203511286275 0.05718144979738857 0.08778215693299893
108 0.9581269698334084 0.37352203511286275 0.06033318325078793 0.07774991042637047
197 0.9272850067537145 0.6277319957004658 0.07429085997298514 0.09602293084915801
197 0.9759117514633048 0.6134002149767108 0.04817649707339036 0.09029021855965604
34 0.25281404772624944 0.7966678609817269 0.18325078793336336 0.19598710139734862
218 0.42368302566411525 0.9430311716230741 0.15308419630796938 0.11250447868147617
218 0.5396217919855921 0.9238624149050519 0.14452949122017109 0.15155858115370835
218 0.6418280054029716 0.9079183088498746 0.12471859522737505 0.15979935506986742
