185 0.11236169400991988 0.18489677653024267 0.08279282716520411 0.1358203549438609
185 0.03529187333078977 0.18507787033683448 0.07058374666157954 0.1369069177834118
104 0.5932850057230065 0.3160086925027164 0.22739412438000764 0.043824701195219126
193 0.5978634109118657 0.3706990220934444 0.2479969477298741 0.07279971024990946
193 0.5932850057230065 0.4279246649764578 0.23655093475772607 0.054690329590728
193 0.5932850057230065 0.4786309308221659 0.23807706982067914 0.05324157913799348
102 0.8063716138878291 0.338826512133285 0.22243418542541016 0.023542194856935893
72 0.8414727203357497 0.37631293009779065 0.2529568866844716 0.06881564650488953
193 0.8441434566959176 0.43100325968851866 0.23006486074017551 0.049981890619340816
193 0.8431896222815719 0.47772546178920683 0.22739412438000764 0.05360376675117711
105 0.5753529187333078 0.5766026801883376 0.23349866463181992 0.08185440057950018
95 0.5776421213277375 0.6336472292647591 0.2289202594429607 0.06410720753350235
105 0.5764975200305227 0.6780152118797537 0.22739412438000764 0.06229626946758421
267 0.8136207554368562 0.6720391162622238 0.24151087371232355 0.08149221296631655
105 0.8130484547882487 0.6251358203549439 0.24647081266692103 0.08330315103223469
105 0.8161007249141549 0.5776892430278885 0.2479969477298741 0.08185440057950018
237 0.12361694009919878 0.5711698659905832 0.2182373140022892 0.07678377399492937
237 0.1255246089278901 0.6242303513219848 0.2243418542541015 0.06265845708076784
237 0.12628767645936664 0.6655197392249185 0.21518504387638307 0.06772908366533864
237 0.3410911865700115 0.571350959797175 0.20831743609309425 0.07931908728721478
237 0.33994658527279664 0.6285766026801883 0.20831743609309425 0.06265845708076784
237 0.3409004196871423 0.6751177109742846 0.20488363220144984 0.06302064469395147
102 0.10816482258679894 0.3639985512495473 0.20946203739030905 0.08402752625860195
102 0.10816482258679894 0.42593263310394786 0.20946203739030905 0.055052517203911626
102 0.10721098817245327 0.4713871785584933 0.20679130103014118 0.05903658094893155
139 0.26726440289965664 0.31637088011590003 0.133918351774132 0.05106845345889171
139 0.26955360549408625 0.3717855849329953 0.13010301411674932 0.06555595798623687
139 0.2726058756199924 0.4268381021369069 0.12170927127050744 0.052517203911626224
139 0.274895078214422 0.4751901484969214 0.12399847386493705 0.052155016298442596
139 0.3966043494849294 0.47663889894965594 0.12399847386493705 0.05143064107207534
139 0.39565051507058374 0.42720028975009056 0.12590614269362838 0.054690329590728
139 0.39450591377336897 0.3670771459616081 0.12590614269362838 0.07859471206084752
269 0.6756962991224723 0.11843534951104673 0.22510492178557803 0.06519377037305324
269 0.6735978634109119 0.17873958710612098 0.22014498283098055 0.06193408185440058
6 0.6735978634109119 0.23578413618254257 0.2170927127050744 0.05939876856211518
269 0.8880198397558184 0.23777616805505253 0.22014498283098055 0.058312205722564285
269 0.888973674170164 0.18055052517203912 0.21747424647081268 0.06193408185440058
269 0.8893552079359023 0.12042738138355669 0.21747424647081268 0.06917783411807316
80 0.3346051125524609 0.7633103947844984 0.19763449065242275 0.06700470843897138
80 0.32659290347195724 0.8194494748279609 0.17397939717665015 0.041651575516117346
80 0.3172453262113697 0.8817457442955451 0.20717283479587945 0.08656283955088737
80 0.32315909958031286 0.939514668598334 0.19610835558946968 0.05070626584570807
80 0.3267836703548264 0.9755523361101051 0.1911484166348722 0.04889532777978993
80 0.09271270507439909 0.9478449837015575 0.18237314002289204 0.047084389713871785
80 0.09271270507439909 0.9092720028975009 0.18237314002289204 0.04961970300615719
80 0.09271270507439909 0.8504165157551612 0.18237314002289204 0.08764940239043825
80 0.11598626478443343 0.8165519739224919 0.16940099198779093 0.041651575516117346
80 0.14021365890881343 0.7776168055052517 0.1575734452499046 0.042013763129300975
80 0.09271270507439909 0.9693951466859834 0.18237314002289204 0.027164070988772184
275 0.5488363220144983 0.7654835204636001 0.19801602441816102 0.06772908366533864
275 0.549790156428844 0.8265121332850417 0.20602823349866464 0.044186888808402755
275 0.549790156428844 0.8888084027526258 0.170927127050744 0.086925027164071
232 0.5553223960320488 0.9487504527345165 0.14765356734070964 0.04672220210068816
275 0.5539870278519649 0.9831582759869613 0.1434566959175887 0.033683448026077506
275 0.7966425028615033 0.9820717131474104 0.161007249141549 0.035856573705179286
275 0.7989317054559328 0.9500181093806592 0.170927127050744 0.05070626584570807
275 0.7966425028615033 0.8917059036580949 0.1877146127432278 0.08982252806954003
275 0.7815719191148417 0.8078594712060847 0.21327737504769173 0.08076783773994929
275 0.7624952308279282 0.7546178920680913 0.1827546737886303 0.04092720028975009
232 0.24437237695536054 0.06410720753350235 0.12323540633346051 0.06809127127852227
232 0.36589088134299885 0.06501267656646142 0.11827546737886303 0.060485331401666065
232 0.4784433422357879 0.23723288663527708 0.13124761541396412 0.07026439695762404
232 0.4866463181991606 0.1231437884824339 0.1362075543685616 0.06664252082578775
232 0.4807325448302175 0.17801521187975372 0.14421976344906523 0.05106845345889171
232 0.3460511255246089 0.11517566099239405 0.12895841281953452 0.0659181455994205
232 0.20908050362457078 0.1206084751901485 0.13124761541396412 0.0659181455994205
232 0.21556657764212134 0.17203911626222385 0.1304845478824876 0.0572256428830134
267 0.20717283479587945 0.22745382107931908 0.14498283098054177 0.06881564650488953
267 0.34490652422739415 0.23234335385729807 0.13353681800839373 0.07424846070264397
232 0.34872186188477683 0.17620427381383558 0.12972148035101105 0.05324157913799348
