108 0.16178385416666666 0.495849609375 0.107421875 0.11083984375
330 0.2662760416666667 0.490966796875 0.15625 0.13037109375
50 0.3971354166666667 0.487060546875 0.12630208333333334 0.13134765625
164 0.5201822916666666 0.488037109375 0.13541666666666666 0.14794921875
164 0.6442057291666666 0.485107421875 0.14127604166666666 0.15673828125
97 0.95703125 0.689208984375 0.0859375 0.16064453125
181 0.8463541666666666 0.669677734375 0.14453125 0.12939453125
181 0.7213541666666666 0.670654296875 0.14192708333333334 0.15283203125
218 0.3414713541666667 0.649169921875 0.13346354166666666 0.15283203125
218 0.24088541666666666 0.652099609375 0.15625 0.15283203125
7 0.4654947916666667 0.870849609375 0.15104166666666666 0.17041015625
85 0.7154947916666666 0.876708984375 0.1796875 0.18603515625
85 0.8317057291666666 0.886962890625 0.162109375 0.20361328125
35 0.9544270833333334 0.872802734375 0.09114583333333333 0.16943359375
214 0.8795572916666666 0.042724609375 0.11458333333333333 0.08544921875
53 0.6051432291666666 0.046630859375 0.162109375 0.09326171875
53 0.4596354166666667 0.05078125 0.16145833333333334 0.1015625
29 0.2623697916666667 0.0537109375 0.18098958333333334 0.107421875
29 0.07975260416666667 0.056640625 0.15950520833333334 0.11328125
130 0.13736979166666666 0.277099609375 0.1875 0.17529296875
130 0.2692057291666667 0.277099609375 0.16341145833333334 0.17724609375
30 0.3951822916666667 0.268310546875 0.13671875 0.19482421875
30 0.5797526041666666 0.269287109375 0.17252604166666666 0.19580078125
261 0.7252604166666666 0.304443359375 0.11979166666666667 0.12158203125
261 0.8404947916666666 0.300537109375 0.12369791666666667 0.12939453125
61 0.9557291666666666 0.308349609375 0.08854166666666667 0.11865234375
61 0.9573567708333334 0.192138671875 0.08528645833333333 0.14990234375
214 0.7457682291666666 0.046630859375 0.17643229166666666 0.09326171875
205 0.23014322916666666 0.81982421875 0.123046875 0.12890625
205 0.3326822916666667 0.850830078125 0.15494791666666666 0.16845703125
34 0.5777994791666666 0.68994140625 0.13606770833333334 0.1474609375
34 0.4541015625 0.669189453125 0.134765625 0.14697265625
194 0.7760416666666666 0.4833984375 0.12239583333333333 0.123046875
75 0.9228515625 0.4931640625 0.14908854166666666 0.12890625
