46 0.8695436507936508 0.580191798941799 0.05324074074074074 0.030753968253968252
46 0.8703703703703703 0.5481150793650794 0.05886243386243386 0.034722222222222224
174 0.812665343915344 0.548776455026455 0.06448412698412699 0.03670634920634921
174 0.8121693121693122 0.5815145502645502 0.05291005291005291 0.03207671957671958
309 0.7458664021164021 0.5836640211640212 0.060515873015873016 0.03306878306878307
309 0.75 0.5491071428571429 0.06878306878306878 0.03736772486772487
287 0.6832010582010583 0.5502645502645502 0.06812169312169312 0.03968253968253968
287 0.6785714285714286 0.5853174603174603 0.06349206349206349 0.03306878306878307
173 0.603505291005291 0.5841600529100529 0.07208994708994709 0.045965608465608467
178 0.4333664021164021 0.5775462962962963 0.03869047619047619 0.06712962962962964
146 0.4661044973544973 0.5772156084656085 0.03802910052910053 0.06382275132275132
325 0.501984126984127 0.5757275132275133 0.036375661375661374 0.06481481481481481
325 0.5345568783068783 0.5758928571428571 0.040674603174603176 0.06183862433862434
178 0.3411044973544973 0.5712632275132276 0.054563492063492064 0.0882936507936508
178 0.38673941798941797 0.5715939153439153 0.05125661375661376 0.08366402116402116
65 0.10300925925925926 0.5833333333333334 0.05588624338624339 0.08002645502645503
65 0.16087962962962962 0.5818452380952381 0.06316137566137567 0.08234126984126984
182 0.22288359788359788 0.5777116402116402 0.052248677248677246 0.08597883597883597
182 0.2777777777777778 0.5773809523809523 0.056216931216931214 0.083994708994709
40 0.025793650793650792 0.7253637566137566 0.051587301587301584 0.13723544973544974
40 0.07622354497354497 0.7288359788359788 0.0710978835978836 0.1402116402116402
63 0.12450396825396826 0.7156084656084656 0.0710978835978836 0.13095238095238096
63 0.19113756613756613 0.7073412698412699 0.06481481481481481 0.11838624338624339
171 0.25496031746031744 0.7098214285714286 0.06613756613756613 0.12334656084656084
171 0.31415343915343913 0.7119708994708994 0.056216931216931214 0.09788359788359788
306 0.5171957671957672 0.6883267195767195 0.07539682539682539 0.10681216931216932
306 0.45949074074074076 0.6904761904761905 0.03273809523809524 0.1111111111111111
56 0.5648148148148148 0.6878306878306878 0.06878306878306878 0.0958994708994709
56 0.6121031746031746 0.6833664021164021 0.057539682539682536 0.09292328042328042
56 0.6491402116402116 0.6810515873015873 0.06018518518518518 0.08895502645502645
225 0.673941798941799 0.68369708994709 0.009259259259259259 0.07572751322751323
136 0.6896494708994709 0.6830357142857143 0.036044973544973546 0.0744047619047619
136 0.7204034391534392 0.6818783068783069 0.04398148148148148 0.07208994708994709
169 0.765542328042328 0.6808862433862434 0.051587301587301584 0.06481481481481481
169 0.8043981481481481 0.6779100529100529 0.05588624338624339 0.06084656084656084
266 0.8591269841269841 0.6665013227513228 0.042328042328042326 0.0710978835978836
352 0.6420304232804233 0.4611441798941799 0.03935185185185185 0.05919312169312169
177 0.6863425925925926 0.46147486772486773 0.040674603174603176 0.059854497354497355
177 0.7197420634920635 0.45965608465608465 0.040674603174603176 0.056216931216931214
334 0.7607473544973545 0.46130952380952384 0.044642857142857144 0.05952380952380952
334 0.7966269841269841 0.46279761904761907 0.041005291005291 0.06117724867724868
98 0.8272156084656085 0.4636243386243386 0.03406084656084656 0.06018518518518518
355 0.6011904761904762 0.45866402116402116 0.046957671957671955 0.06547619047619048
46 0.8741732804232805 0.4798280423280423 0.05191798941798942 0.03042328042328042
297 0.87880291005291 0.44659391534391535 0.050595238095238096 0.03670634920634921
9 0.8516865079365079 0.4968584656084656 0.01488095238095238 0.013558201058201057
9 0.875 0.4966931216931217 0.031084656084656083 0.013227513227513227
89 0.6256613756613757 0.3468915343915344 0.04894179894179894 0.0496031746031746
89 0.6681547619047619 0.35284391534391535 0.04927248677248677 0.0496031746031746
215 0.7126322751322751 0.35615079365079366 0.04497354497354497 0.04563492063492063
215 0.7523148148148148 0.3611111111111111 0.04497354497354497 0.046296296296296294
20 0.800760582010582 0.3654100529100529 0.040013227513227514 0.04298941798941799
83 0.8478835978835979 0.3705357142857143 0.04828042328042328 0.044642857142857144
337 0.8981481481481481 0.36507936507936506 0.056878306878306875 0.06349206349206349
189 0.9293981481481481 0.28869047619047616 0.05919312169312169 0.042328042328042326
189 0.9290674603174603 0.2533068783068783 0.05853174603174603 0.042328042328042326
87 0.8591269841269841 0.2673611111111111 0.03439153439153439 0.055224867724867725
87 0.8816137566137566 0.27314814814814814 0.03505291005291005 0.05489417989417989
74 0.8799603174603174 0.2443783068783069 0.018518518518518517 0.007275132275132275
46 0.7898478835978836 0.238260582010582 0.0625 0.04332010582010582
46 0.8121693121693122 0.27314814814814814 0.05886243386243386 0.037037037037037035
106 0.8136574074074074 0.2873677248677249 0.034722222222222224 0.012566137566137565
355 0.4401455026455027 0.2027116402116402 0.09325396825396826 0.07275132275132275
355 0.5183531746031746 0.21511243386243387 0.07506613756613757 0.07308201058201058
355 0.5821759259259259 0.22486772486772486 0.06448412698412699 0.06746031746031746
215 0.6400462962962963 0.23082010582010581 0.06448412698412699 0.06547619047619048
215 0.6931216931216931 0.2414021164021164 0.05489417989417989 0.0667989417989418
314 0.12946428571428573 0.1488095238095238 0.10218253968253968 0.09391534391534391
314 0.22337962962962962 0.16451719576719576 0.09424603174603174 0.08432539682539683
324 0.1271494708994709 0.27199074074074076 0.08035714285714286 0.10747354497354497
107 0.20023148148148148 0.2838955026455027 0.07308201058201058 0.09490740740740741
142 0.26967592592592593 0.2934854497354497 0.06977513227513228 0.09292328042328042
142 0.33796296296296297 0.30224867724867727 0.06878306878306878 0.08862433862433862
222 0.3950066137566138 0.30853174603174605 0.05257936507936508 0.08002645502645503
222 0.45171957671957674 0.31630291005291006 0.07473544973544974 0.08564814814814815
192 0.5114087301587301 0.32175925925925924 0.0539021164021164 0.07473544973544974
192 0.5720899470899471 0.32953042328042326 0.06349206349206349 0.07771164021164022
106 0.6011904761904762 0.3462301587301587 0.013888888888888888 0.0496031746031746
137 0.33019179894179895 0.43005952380952384 0.04728835978835979 0.06911375661375661
137 0.3716931216931217 0.43253968253968256 0.047619047619047616 0.06746031746031746
292 0.41898148148148145 0.4308862433862434 0.04298941798941799 0.07275132275132275
292 0.45552248677248675 0.43154761904761907 0.04332010582010582 0.07275132275132275
111 0.548776455026455 0.4343584656084656 0.0419973544973545 0.0744047619047619
111 0.5082671957671958 0.4320436507936508 0.04298941798941799 0.0744047619047619
1 0.22453703703703703 0.43039021164021163 0.04894179894179894 0.06183862433862434
1 0.27397486772486773 0.43270502645502645 0.05324074074074074 0.060515873015873016
171 0.4007936507936508 0.857473544973545 0.04298941798941799 0.09126984126984126
171 0.4312169312169312 0.8500330687830688 0.05026455026455026 0.10615079365079365
171 0.47602513227513227 0.8472222222222222 0.05654761904761905 0.10052910052910052
171 0.5171957671957672 0.8416005291005291 0.046296296296296294 0.08928571428571429
259 0.6514550264550265 0.8103505291005291 0.046957671957671955 0.06316137566137567
32 0.6119378306878307 0.8120039682539683 0.04662698412698413 0.06646825396825397
32 0.5750661375661376 0.8134920634920635 0.04365079365079365 0.06481481481481481
298 0.7313161375661376 0.7867063492063492 0.04927248677248677 0.08333333333333333
298 0.7728174603174603 0.7843915343915344 0.0496031746031746 0.07936507936507936
298 0.8088624338624338 0.7789351851851852 0.042328042328042326 0.06845238095238096
282 0.6843584656084656 0.9252645502645502 0.05588624338624339 0.07738095238095238
282 0.7253637566137566 0.9189814814814815 0.10284391534391535 0.07275132275132275
282 0.7911706349206349 0.9123677248677249 0.05853174603174603 0.06018518518518518
106 0.748181216931217 0.8893849206349206 0.028769841269841268 0.013558201058201057
54 0.5808531746031746 0.9439484126984127 0.06183862433862434 0.105489417989418
54 0.6327711640211641 0.9375 0.06117724867724868 0.09325396825396826
184 0.5881283068783069 0.5380291005291006 0.07175925925925926 0.04431216931216931
339 0.38310185185185186 0.0441468253968254 0.08697089947089948 0.08167989417989419
339 0.46312830687830686 0.06332671957671958 0.08035714285714286 0.07175925925925926
25 0.5368716931216931 0.08035714285714286 0.06646825396825397 0.06481481481481481
25 0.6020171957671958 0.09523809523809523 0.07242063492063493 0.06547619047619048
122 0.7247023809523809 0.136739417989418 0.055224867724867725 0.03935185185185185
37 0.7577711640211641 0.12979497354497355 0.0419973544973545 0.05787037037037037
37 0.7896825396825397 0.13773148148148148 0.03571428571428571 0.05853174603174603
37 0.8169642857142857 0.14500661375661375 0.03406084656084656 0.05720899470899471
141 0.03422619047619048 0.30654761904761907 0.06712962962962964 0.1474867724867725
144 0.03439153439153439 0.5565476190476191 0.06878306878306878 0.14417989417989419
171 0.5200066137566137 0.951223544973545 0.03670634920634921 0.09093915343915344
171 0.4798280423280423 0.9558531746031746 0.03835978835978836 0.0882936507936508
171 0.4333664021164021 0.957010582010582 0.049933862433862435 0.08597883597883597
171 0.39203042328042326 0.9623015873015873 0.03273809523809524 0.07539682539682539
198 0.2833994708994709 0.03521825396825397 0.10714285714285714 0.07043650793650794
