232 0.08041082164328657 0.5778218694885362 0.12775551102204408 0.05599647266313933
232 0.18987975951903807 0.6161816578483245 0.12024048096192384 0.068342151675485
232 0.187124248496994 0.6662257495590829 0.11272545090180361 0.059082892416225746
275 0.3494488977955912 0.8207671957671958 0.1718436873747495 0.068342151675485
80 0.5906813627254509 0.8780864197530864 0.23547094188376755 0.08509700176366843
355 0.6675851703406813 0.7045855379188712 0.19789579158316634 0.05555555555555555
195 0.6678356713426854 0.6507936507936508 0.20440881763527055 0.06437389770723104
355 0.6678356713426854 0.6089065255731922 0.20440881763527055 0.05555555555555555
237 0.6678356713426854 0.531084656084656 0.18336673346693386 0.068342151675485
237 0.6675851703406813 0.47883597883597884 0.19789579158316634 0.05731922398589065
237 0.6678356713426854 0.43364197530864196 0.20440881763527055 0.050705467372134036
213 0.6678356713426854 0.36419753086419754 0.14529058116232466 0.05555555555555555
213 0.6675851703406813 0.31040564373897706 0.1377755511022044 0.05555555555555555
10 0.6796092184368737 0.08289241622574955 0.20490981963927857 0.05555555555555555
10 0.6811122244488977 0.13337742504409172 0.20490981963927857 0.050705467372134036
10 0.6811122244488977 0.18893298059964728 0.20190380761523047 0.050705467372134036
213 0.6811122244488977 0.25308641975308643 0.13076152304609218 0.05026455026455026
355 0.843687374749499 0.6108906525573192 0.23547094188376755 0.057760141093474424
80 0.8186372745490982 0.7879188712522046 0.218436873747495 0.05026455026455026
213 0.9433867735470942 0.3747795414462081 0.11322645290581163 0.05114638447971781
213 0.939128256513026 0.32275132275132273 0.12174348697394789 0.05555555555555555
213 0.939128256513026 0.2687389770723104 0.12174348697394789 0.050705467372134036
10 0.9313627254509018 0.19576719576719576 0.1372745490981964 0.05026455026455026
10 0.9351202404809619 0.1419753086419753 0.12975951903807614 0.04497354497354497
10 0.9328657314629258 0.08818342151675485 0.1342685370741483 0.05114638447971781
213 0.8113727454909819 0.263668430335097 0.1287575150300601 0.05114638447971781
213 0.8053607214428857 0.31040564373897706 0.1287575150300601 0.05114638447971781
213 0.8038577154308617 0.36067019400352734 0.12374749498997996 0.05114638447971781
80 0.8038577154308617 0.8860229276895943 0.23196392785571143 0.04805996472663139
80 0.810370741482966 0.8331128747795414 0.21793587174348697 0.057760141093474424
139 0.07014028056112225 0.06261022927689594 0.125250501002004 0.053791887125220456
139 0.07089178356713427 0.1111111111111111 0.1317635270541082 0.05291005291005291
139 0.07114228456913828 0.15652557319223986 0.12725450901803606 0.05114638447971781
139 0.19213426853707416 0.16335978835978837 0.12474949899799599 0.05246913580246913
139 0.19514028056112223 0.1164021164021164 0.125751503006012 0.054673721340388004
139 0.19488977955911824 0.06812169312169312 0.12324649298597194 0.056878306878306875
139 0.3156312625250501 0.07517636684303351 0.125250501002004 0.05423280423280423
139 0.3166332665330661 0.12367724867724868 0.12424849699398798 0.051587301587301584
139 0.31462925851703405 0.1697530864197531 0.12725450901803606 0.05202821869488536
139 0.4281062124248497 0.17416225749559083 0.09468937875751503 0.05114638447971781
139 0.4281062124248497 0.12764550264550265 0.09869739478957916 0.05246913580246913
139 0.4281062124248497 0.07694003527336861 0.10571142284569138 0.057760141093474424
213 0.187625250501002 0.3353174603174603 0.12374749498997996 0.057760141093474424
213 0.30210420841683366 0.3392857142857143 0.12625250501002003 0.05423280423280423
213 0.3053607214428858 0.2943121693121693 0.12474949899799599 0.05423280423280423
213 0.30485971943887774 0.24625220458553793 0.12675350701402804 0.05423280423280423
213 0.4185871743486974 0.2508818342151676 0.10571142284569138 0.05114638447971781
213 0.3995490981963928 0.29894179894179895 0.0686372745490982 0.05291005291005291
213 0.3995490981963928 0.3474426807760141 0.0656312625250501 0.05202821869488536
213 0.5673847695390781 0.35471781305114636 0.0746492985971944 0.05335097001763668
213 0.5686372745490982 0.306657848324515 0.07114228456913828 0.051587301587301584
213 0.5548597194388778 0.2585978835978836 0.09969939879759519 0.05599647266313933
269 0.312625250501002 0.5063932980599647 0.20040080160320642 0.06746031746031746
275 0.15781563126252504 0.7817460317460317 0.21743486973947895 0.0855379188712522
275 0.1370240480961924 0.8492063492063492 0.2279559118236473 0.0837742504409171
232 0.06387775551102204 0.6234567901234568 0.11372745490981964 0.05731922398589065
232 0.06162324649298597 0.6721781305114638 0.12324649298597194 0.05511463844797178
232 0.24223446893787576 0.580026455026455 0.09769539078156313 0.05511463844797178
269 0.11648296593186373 0.49559082892416223 0.1938877755511022 0.0837742504409171
80 0.8356713426853707 0.9417989417989417 0.24949899799599198 0.10493827160493827
80 0.5959418837675351 0.7729276895943563 0.22895791583166333 0.07142857142857142
80 0.5891783567134269 0.8234126984126984 0.24148296593186372 0.04188712522045855
355 0.873997995991984 0.6765873015873016 0.1998997995991984 0.062169312169312166
355 0.874248496993988 0.7330246913580247 0.20741482965931865 0.062169312169312166
237 0.8817635270541082 0.44576719576719576 0.21743486973947895 0.05555555555555555
237 0.8792585170340681 0.49559082892416223 0.21943887775551102 0.0582010582010582
237 0.875 0.5447530864197531 0.22394789579158317 0.06305114638447971
