259 0.19375 0.941875 0.13416666666666666 0.11625
266 0.30416666666666664 0.9375 0.135 0.125
355 0.9158333333333334 0.7715625 0.16833333333333333 0.055625
355 0.9145833333333333 0.7090625 0.17083333333333334 0.088125
27 0.71875 0.70625 0.18083333333333335 0.075
122 0.5695833333333333 0.6696875 0.14083333333333334 0.073125
122 0.5679166666666666 0.7265625 0.1575 0.064375
122 0.5679166666666666 0.7784375 0.1575 0.055625
309 0.6154166666666666 0.5603125 0.2175 0.076875
309 0.6195833333333334 0.4890625 0.18916666666666668 0.081875
46 0.8129166666666666 0.4853125 0.20083333333333334 0.080625
46 0.8204166666666667 0.5584375 0.1925 0.071875
174 0.9575 0.5565625 0.085 0.060625
174 0.9570833333333333 0.4921875 0.08583333333333333 0.080625
173 0.43 0.5671875 0.18166666666666667 0.064375
173 0.42791666666666667 0.498125 0.1825 0.0825
87 0.27958333333333335 0.5340625 0.11583333333333333 0.138125
334 0.14666666666666667 0.5340625 0.115 0.135625
210 0.47 0.300625 0.10333333333333333 0.13875
19 0.7133333333333334 0.314375 0.175 0.10625
142 0.36333333333333334 0.0753125 0.13666666666666666 0.131875
206 0.22375 0.078125 0.13583333333333333 0.13
192 0.09916666666666667 0.076875 0.195 0.125
222 0.50125 0.075 0.13583333333333333 0.1325
324 0.6445833333333333 0.074375 0.1425 0.13
111 0.7645833333333333 0.078125 0.11916666666666667 0.1225
111 0.8733333333333333 0.0734375 0.10833333333333334 0.131875
146 0.9575 0.069375 0.085 0.13875
196 0.57625 0.29875 0.09416666666666666 0.14125
45 0.19541666666666666 0.78125 0.17083333333333334 0.06625
45 0.18416666666666667 0.7121875 0.18333333333333332 0.061875
45 0.36083333333333334 0.711875 0.17166666666666666 0.06875
45 0.3595833333333333 0.7784375 0.17416666666666666 0.064375
266 0.4125 0.9321875 0.09333333333333334 0.135625
32 0.5291666666666667 0.9375 0.1 0.125
32 0.63125 0.9378125 0.0975 0.124375
