194 0.06881443298969073 0.11431478968792401 0.1077319587628866 0.1485753052917232
194 0.1481958762886598 0.12381275440976934 0.09948453608247422 0.14314789687924015
194 0.2309278350515464 0.1322930800542741 0.088659793814433 0.13704206241519673
75 0.3100515463917526 0.13975576662143827 0.0788659793814433 0.13025780189959293
75 0.3783505154639175 0.15027137042062416 0.07525773195876288 0.12686567164179105
75 0.4466494845360825 0.1587516960651289 0.07371134020618557 0.1248303934871099
130 0.5172680412371135 0.15162822252374492 0.08814432989690722 0.15264586160108548
130 0.5853092783505155 0.15773405698778833 0.08814432989690722 0.1485753052917232
29 0.6548969072164949 0.16723202170963364 0.07783505154639175 0.13772048846675713
29 0.7195876288659794 0.1719810040705563 0.06907216494845361 0.1309362279511533
29 0.7778350515463918 0.1828358208955224 0.06597938144329897 0.12686567164179105
29 0.8301546391752578 0.19097693351424694 0.060309278350515465 0.12143826322930801
30 0.884020618556701 0.19504748982360923 0.0577319587628866 0.12686567164179105
30 0.9337628865979382 0.2021709633649932 0.052061855670103095 0.12754409769335143
30 0.9770618556701031 0.20793758480325644 0.04587628865979381 0.12143826322930801
53 0.9350515463917526 0.3443012211668928 0.04845360824742268 0.09565807327001356
53 0.8876288659793814 0.3443012211668928 0.05463917525773196 0.09565807327001356
330 0.8301546391752578 0.34633649932157395 0.05618556701030928 0.08887381275440977
330 0.7827319587628866 0.34633649932157395 0.052061855670103095 0.08887381275440977
50 0.7291237113402061 0.3405698778833107 0.060309278350515465 0.09769335142469471
50 0.6793814432989691 0.3358208955223881 0.05463917525773196 0.09769335142469471
47 0.6304123711340206 0.33955223880597013 0.05567010309278351 0.09294436906377204
47 0.5817010309278351 0.3368385345997286 0.05412371134020619 0.09158751696065129
305 0.5342783505154639 0.3358208955223881 0.05721649484536082 0.09090909090909091
305 0.4842783505154639 0.3368385345997286 0.05618556701030928 0.09565807327001356
305 0.4368556701030928 0.3344640434192673 0.060309278350515465 0.09769335142469471
117 0.3734536082474227 0.33344640434192674 0.05721649484536082 0.09972862957937585
117 0.31984536082474224 0.3310719131614654 0.0634020618556701 0.1044776119402985
78 0.25412371134020617 0.32869742198100405 0.06494845360824743 0.10922659430122117
78 0.18969072164948453 0.3273405698778833 0.06907216494845361 0.11058344640434192
315 0.12371134020618557 0.3310719131614654 0.06907216494845361 0.09769335142469471
315 0.059278350515463915 0.32971506105834464 0.07010309278350516 0.09769335142469471
260 0.06881443298969073 0.48507462686567165 0.06443298969072164 0.09769335142469471
260 0.13350515463917526 0.4860922659430122 0.06391752577319587 0.09972862957937585
61 0.1884020618556701 0.4860922659430122 0.060309278350515465 0.09294436906377204
61 0.24304123711340206 0.4837177747625509 0.05515463917525773 0.09090909090909091
201 0.29536082474226805 0.48134328358208955 0.05463917525773196 0.09158751696065129
201 0.3492268041237113 0.4799864314789688 0.05412371134020619 0.09158751696065129
261 0.40128865979381445 0.4799864314789688 0.052061855670103095 0.08616010854816825
164 0.46829896907216495 0.5006784260515604 0.06649484536082474 0.11804613297150611
164 0.5319587628865979 0.5003392130257802 0.06288659793814433 0.11736770691994572
223 0.5891752577319588 0.5003392130257802 0.0577319587628866 0.10651289009497965
223 0.6525773195876289 0.49796472184531887 0.06804123711340206 0.10312075983717775
187 0.7131443298969072 0.4932157394843962 0.06752577319587628 0.1112618724559023
187 0.7693298969072165 0.4918588873812754 0.0634020618556701 0.10312075983717775
34 0.8242268041237113 0.4827001356852103 0.06288659793814433 0.11736770691994572
34 0.8719072164948454 0.48134328358208955 0.05721649484536082 0.11329715061058344
34 0.920360824742268 0.4799864314789688 0.05721649484536082 0.11058344640434192
342 0.8059278350515464 0.6363636363636364 0.0634020618556701 0.1112618724559023
97 0.752319587628866 0.6495929443690638 0.06649484536082474 0.11736770691994572
181 0.5914948453608248 0.6594301221166893 0.0634020618556701 0.13297150610583447
181 0.5304123711340206 0.6746947082767978 0.06804123711340206 0.12143826322930801
181 0.46855670103092784 0.6835142469470827 0.06907216494845361 0.12686567164179105
214 0.3309278350515464 0.723202170963365 0.05670103092783505 0.09090909090909091
15 0.2077319587628866 0.6075305291723202 0.06288659793814433 0.12415196743554953
15 0.2734536082474227 0.6054952510176391 0.06649484536082474 0.12143826322930801
108 0.33324742268041235 0.5993894165535957 0.05618556701030928 0.10651289009497965
108 0.3806701030927835 0.6027815468113975 0.060309278350515465 0.09837177747625508
7 0.2894329896907217 0.921302578018996 0.0788659793814433 0.10312075983717775
7 0.3577319587628866 0.89280868385346 0.07731958762886598 0.12754409769335143
35 0.42216494845360825 0.8795793758480326 0.06391752577319587 0.1309362279511533
35 0.479639175257732 0.8700814111261872 0.060309278350515465 0.1282225237449118
205 0.5389175257731958 0.8361601085481682 0.07371134020618557 0.17028493894165536
205 0.5989690721649484 0.8263229308005428 0.06391752577319587 0.1560379918588874
23 0.654639175257732 0.8300542740841248 0.06907216494845361 0.1282225237449118
23 0.7095360824742268 0.8205563093622795 0.060309278350515465 0.11736770691994572
23 0.7572164948453608 0.8158073270013568 0.0577319587628866 0.11736770691994572
218 0.8085051546391753 0.7927408412483039 0.060309278350515465 0.14314789687924015
218 0.8520618556701031 0.7879918588873813 0.05670103092783505 0.13364993215739485
218 0.8948453608247423 0.7795115332428765 0.05154639175257732 0.12754409769335143
342 0.8850515463917525 0.6390773405698779 0.05670103092783505 0.10312075983717775
97 0.7010309278350515 0.6546811397557666 0.05670103092783505 0.1112618724559023
97 0.6512886597938145 0.6638398914518318 0.060309278350515465 0.12143826322930801
85 0.2077319587628866 0.858887381275441 0.1 0.14789687924016282
85 0.12989690721649486 0.8758480325644504 0.08041237113402062 0.07869742198100407
214 0.2881443298969072 0.7316824966078698 0.07010309278350516 0.09294436906377204
342 0.8484536082474227 0.641112618724559 0.0577319587628866 0.11261872455902307
268 0.10360824742268042 0.6102442333785617 0.05257731958762887 0.059023066485753055
268 0.10747422680412372 0.653663500678426 0.04587628865979381 0.046811397557666216
186 0.1518041237113402 0.6075305291723202 0.04587628865979381 0.059023066485753055
268 0.15077319587628865 0.6489145183175034 0.04484536082474227 0.04952510176390773
186 0.12010309278350516 0.7296472184531886 0.0443298969072165 0.05223880597014925
186 0.125 0.762550881953867 0.04381443298969072 0.05563093622795115
186 0.16494845360824742 0.7265943012211669 0.0443298969072165 0.051560379918588875
186 0.16597938144329896 0.762550881953867 0.041237113402061855 0.04613297150610583
231 0.936340206185567 0.5708955223880597 0.0365979381443299 0.05088195386702849
231 0.9667525773195876 0.573270013568521 0.028350515463917526 0.04477611940298507
73 0.9182989690721649 0.6387381275440976 0.023195876288659795 0.056309362279511534
73 0.9425257731958763 0.6343283582089553 0.026288659793814433 0.04341926729986431
73 0.9729381443298969 0.6367028493894166 0.029381443298969072 0.05088195386702849
73 0.9716494845360825 0.6794436906377205 0.026804123711340205 0.046811397557666216
73 0.9466494845360824 0.6845318860244234 0.025257731958762887 0.048846675712347354
73 0.9201030927835051 0.6879240162822252 0.026804123711340205 0.04477611940298507
264 0.9332474226804124 0.7591587516960652 0.029381443298969072 0.04477611940298507
264 0.9286082474226804 0.8073270013568521 0.029381443298969072 0.050203527815468114
264 0.9615979381443299 0.757123473541384 0.025257731958762887 0.048846675712347354
264 0.9590206185567011 0.8063093622795116 0.02422680412371134 0.044097693351424695
264 0.9853092783505155 0.7506784260515604 0.025257731958762887 0.056309362279511534
264 0.9847938144329897 0.8008819538670285 0.02422680412371134 0.04816824966078698
