164 0.5388144841269841 0.19212962962962962 0.08754960317460317 0.1712962962962963
145 0.6072668650793651 0.19890873015873015 0.08754960317460317 0.16236772486772486
75 0.7848462301587301 0.23015873015873015 0.07316468253968254 0.12698412698412698
75 0.8288690476190477 0.2371031746031746 0.06547619047619048 0.12037037037037036
194 0.8737599206349206 0.2390873015873016 0.06746031746031746 0.12037037037037036
261 0.9118303571428571 0.24074074074074073 0.06324404761904762 0.12037037037037036
194 0.9432043650793651 0.24173280423280424 0.06101190476190476 0.12301587301587301
261 0.9729662698412699 0.2587632275132275 0.05406746031746032 0.09292328042328042
330 0.2898065476190476 0.38938492063492064 0.109375 0.16435185185185186
330 0.37475198412698413 0.3923611111111111 0.10119047619047619 0.15773809523809523
50 0.4490327380952381 0.3864087301587302 0.08953373015873016 0.15707671957671956
355 0.5202132936507936 0.3951719576719577 0.08308531746031746 0.1388888888888889
355 0.5672123015873016 0.39616402116402116 0.07192460317460317 0.13161375661375663
47 0.6169394841269841 0.39814814814814814 0.07514880952380952 0.12433862433862433
47 0.6599702380952381 0.39914021164021163 0.06597222222222222 0.11507936507936507
305 0.7018849206349206 0.4001322751322751 0.06547619047619048 0.1111111111111111
305 0.7447916666666666 0.39914021164021163 0.06101190476190476 0.1111111111111111
117 0.7839781746031746 0.39814814814814814 0.06101190476190476 0.10648148148148148
117 0.8180803571428571 0.39914021164021163 0.05679563492063492 0.10648148148148148
78 0.8562748015873016 0.39715608465608465 0.06225198412698413 0.10251322751322751
78 0.8885168650793651 0.39715608465608465 0.05431547619047619 0.10052910052910052
223 0.6910962301587301 0.5611772486772487 0.07514880952380952 0.12764550264550265
223 0.6433531746031746 0.5709325396825397 0.06597222222222222 0.12797619047619047
191 0.5896577380952381 0.5749007936507936 0.07911706349206349 0.13723544973544974
191 0.5281498015873016 0.5788690476190477 0.08754960317460317 0.14649470899470898
187 0.45287698412698413 0.5846560846560847 0.09424603174603174 0.15211640211640212
187 0.3767361111111111 0.5963955026455027 0.10119047619047619 0.16236772486772486
23 0.43725198412698413 0.9456018518518519 0.10267857142857142 0.1087962962962963
23 0.5057043650793651 0.9379960317460317 0.10119047619047619 0.12400793650793651
181 0.6910962301587301 0.7086640211640212 0.07018849206349206 0.13756613756613756
181 0.6393849206349206 0.7126322751322751 0.07688492063492064 0.14616402116402116
97 0.5818452380952381 0.7233796296296297 0.08283730158730158 0.13921957671957672
97 0.5105406746031746 0.7379298941798942 0.09499007936507936 0.17096560846560846
97 0.44308035714285715 0.7379298941798942 0.08308531746031746 0.14649470899470898
97 0.3767361111111111 0.7789351851851852 0.10119047619047619 0.18154761904761904
205 0.4021577380952381 0.8913690476190477 0.08556547619047619 0.10085978835978836
23 0.37289186507936506 0.9566798941798942 0.10887896825396826 0.08664021164021164
214 0.7359871031746031 0.7194113756613757 0.058779761904761904 0.10085978835978836
214 0.7672371031746031 0.7086640211640212 0.058779761904761904 0.10119047619047619
214 0.7956349206349206 0.7048611111111112 0.053075396825396824 0.09490740740740741
30 0.06907242063492064 0.11623677248677249 0.13764880952380953 0.230489417989418
30 0.17819940476190477 0.12169312169312169 0.13368055555555555 0.24206349206349206
29 0.2821180555555556 0.148478835978836 0.11284722222222222 0.21031746031746032
29 0.3785962301587302 0.15823412698412698 0.1148313492063492 0.2027116402116402
29 0.46664186507936506 0.17278439153439154 0.09945436507936507 0.1908068783068783
130 0.7320188492063492 0.20767195767195767 0.07862103174603174 0.1626984126984127
75 0.7594246031746031 0.22668650793650794 0.023313492063492064 0.12400793650793651
130 0.6711309523809523 0.19725529100529102 0.08333333333333333 0.16898148148148148
53 0.07589285714285714 0.3792989417989418 0.14186507936507936 0.1917989417989418
53 0.18799603174603174 0.38525132275132273 0.1195436507936508 0.17063492063492064
34 0.09288194444444445 0.6121031746031746 0.13120039682539683 0.21296296296296297
34 0.19717261904761904 0.5990410052910053 0.11359126984126984 0.20403439153439154
34 0.28335813492063494 0.5798611111111112 0.10143849206349206 0.19014550264550265
342 0.10478670634920635 0.8387896825396826 0.11631944444444445 0.16633597883597884
342 0.2027529761904762 0.8179563492063492 0.1029265873015873 0.18617724867724866
342 0.2880704365079365 0.7984457671957672 0.09102182539682539 0.17162698412698413
205 0.5718005952380952 0.9145171957671958 0.08209325396825397 0.17096560846560846
205 0.6206597222222222 0.9110449735449735 0.08407738095238096 0.1779100529100529
342 0.5380704365079365 0.9470899470899471 0.014632936507936508 0.10582010582010581
35 0.6852678571428571 0.9108796296296297 0.049107142857142856 0.12466931216931217
35 0.7216021825396826 0.8973214285714286 0.061755952380952384 0.1259920634920635
108 0.740203373015873 0.6016865079365079 0.04538690476190476 0.09556878306878307
15 0.7821180555555556 0.5920965608465608 0.057787698412698416 0.10284391534391535
15 0.8126240079365079 0.5894510582010583 0.03695436507936508 0.09755291005291006
268 0.8405257936507936 0.5808531746031746 0.031746031746031744 0.04728835978835979
268 0.8622271825396826 0.6096230158730159 0.031994047619047616 0.036044973544973546
186 0.8839285714285714 0.6063161375661376 0.025297619047619048 0.035383597883597885
186 0.9012896825396826 0.6036706349206349 0.027777777777777776 0.034722222222222224
186 0.9017857142857143 0.5740740740740741 0.028273809523809524 0.03902116402116402
268 0.8843005952380952 0.576223544973545 0.02703373015873016 0.03935185185185185
268 0.8684275793650794 0.5787037037037037 0.0339781746031746 0.046957671957671955
268 0.8404017857142857 0.6121031746031746 0.031001984126984128 0.037698412698412696
201 0.7455357142857143 0.4930555555555556 0.04662698412698413 0.07407407407407407
201 0.7786458333333334 0.49255952380952384 0.04439484126984127 0.07374338624338625
201 0.8070436507936508 0.4905753968253968 0.04117063492063492 0.07175925925925926
201 0.8354414682539683 0.4889219576719577 0.03844246031746032 0.06779100529100529
201 0.8630952380952381 0.48743386243386244 0.039186507936507936 0.06481481481481481
261 0.8918650793650794 0.486276455026455 0.03968253968253968 0.06316137566137567
261 0.9165426587301587 0.48478835978835977 0.03298611111111111 0.06018518518518518
7 0.7390873015873016 0.8184523809523809 0.10416666666666667 0.07208994708994709
7 0.7879464285714286 0.7939814814814815 0.09523809523809523 0.07605820105820106
85 0.8539186507936508 0.7855489417989417 0.08779761904761904 0.08697089947089948
271 0.9610615079365079 0.5729166666666666 0.04662698412698413 0.04398148148148148
271 0.9572172619047619 0.6150793650793651 0.04290674603174603 0.03835978835978836
329 0.9451884920634921 0.6947751322751323 0.03125 0.08333333333333333
329 0.9104662698412699 0.6942791005291006 0.030753968253968252 0.08101851851851852
84 0.9678819444444444 0.7668650793650794 0.06324404761904762 0.052248677248677246
84 0.9706101190476191 0.8232473544973545 0.058779761904761904 0.045965608465608467
62 0.9108382936507936 0.830191798941799 0.034970238095238096 0.08101851851851852
250 0.943328373015873 0.48148148148148145 0.014136904761904762 0.051587301587301584
250 0.9632936507936508 0.4781746031746032 0.018353174603174604 0.04497354497354497
250 0.9825148809523809 0.47437169312169314 0.016617063492063492 0.04662698412698413
250 0.9802827380952381 0.5186838624338624 0.016617063492063492 0.03273809523809524
250 0.9587053571428571 0.5241402116402116 0.016617063492063492 0.03835978835978836
250 0.9384920634920635 0.5228174603174603 0.015376984126984126 0.03439153439153439
92 0.9563492063492064 0.33482142857142855 0.020337301587301588 0.045965608465608467
92 0.9815228174603174 0.3396164021164021 0.014632936507936508 0.04431216931216931
21 0.9862351190476191 0.2524801587301587 0.019097222222222224 0.09424603174603174
152 0.9817708333333334 0.6630291005291006 0.031994047619047616 0.041005291005291
152 0.9797867063492064 0.7013888888888888 0.024553571428571428 0.037698412698412696
315 0.9242311507936508 0.39599867724867727 0.037450396825396824 0.07374338624338625
52 0.9539930555555556 0.41220238095238093 0.029513888888888888 0.05654761904761905
52 0.9859871031746031 0.41947751322751325 0.02703373015873016 0.049933862433862435
