239 0.03707815275310835 0.081 0.0741563055062167 0.125
239 0.12677619893428063 0.081 0.11145648312611012 0.1215
239 0.2400088809946714 0.08575 0.10079928952042629 0.116
239 0.341696269982238 0.084875 0.10701598579040852 0.11825
280 0.4509325044404973 0.091625 0.10079928952042629 0.10125
280 0.5523978685612788 0.094625 0.10035523978685613 0.09775
280 0.6511989342806395 0.094625 0.10079928952042629 0.09775
307 0.7526642984014209 0.100375 0.10479573712255773 0.09025
307 0.8523534635879219 0.0975 0.11234458259325045 0.0915
307 0.9480461811722913 0.0965 0.10124333925399645 0.098
284 0.9118561278863233 0.23225 0.16829484902309058 0.0825
284 0.7839698046181173 0.23225 0.14786856127886322 0.081
52 0.6236678507992895 0.236125 0.1594138543516874 0.07625
52 0.46558614564831263 0.23525 0.16119005328596803 0.076
208 0.27908525754884544 0.236125 0.19049733570159857 0.07625
208 0.10634991119005328 0.236125 0.1460923623445826 0.07625
82 0.08769982238010657 0.35525 0.10790408525754884 0.0665
82 0.18738898756660746 0.35525 0.11190053285968028 0.0665
349 0.9880106571936057 0.58975 0.023090586145648313 0.056
349 0.9793516873889876 0.6435 0.038632326820603906 0.051
349 0.894316163410302 0.586875 0.152753108348135 0.05725
349 0.8912078152753108 0.643375 0.14298401420959148 0.05175
132 0.7302397868561279 0.58675 0.1691829484902309 0.059
132 0.7273534635879219 0.645375 0.17761989342806395 0.04925
132 0.5681616341030196 0.58975 0.1336589698046181 0.059
132 0.5663854351687388 0.6435 0.14698046181172292 0.0515
152 0.41185612788632325 0.589625 0.12921847246891652 0.05425
109 0.27508880994671403 0.592625 0.12921847246891652 0.06225
109 0.2753108348134991 0.64825 0.1216696269982238 0.049
109 0.14520426287744229 0.592625 0.1447602131438721 0.06225
109 0.14431616341030196 0.645375 0.14298401420959148 0.05325
233 0.20470692717584368 0.507125 0.11101243339253997 0.06775
233 0.13765541740674955 0.50525 0.12255772646536411 0.0655
207 0.9154085257548845 0.449125 0.13543516873889877 0.06575
207 0.9154085257548845 0.5095 0.13454706927175844 0.056
236 0.6276642984014209 0.445875 0.13454706927175844 0.06275
236 0.6272202486678508 0.50625 0.13632326820603907 0.061
236 0.7659857904085258 0.509375 0.15008880994671403 0.06475
236 0.7659857904085258 0.44375 0.15008880994671403 0.068
96 0.1516429840142096 0.71575 0.119449378330373 0.054
96 0.27353463587921845 0.71575 0.12078152753108348 0.054
96 0.15341918294849022 0.765125 0.12300177619893428 0.04675
96 0.27331261101243337 0.764875 0.12033747779751332 0.04575
296 0.39853463587921845 0.716125 0.119449378330373 0.05775
296 0.39831261101243337 0.765125 0.1172291296625222 0.04375
349 0.5213143872113677 0.71525 0.12344582593250444 0.057
296 0.5177619893428064 0.76375 0.11811722912966252 0.0445
271 0.6414298401420959 0.754875 0.12300177619893428 0.06125
33 0.1922735346358792 0.916 0.16074600355239788 0.09
33 0.3488010657193606 0.9155 0.16740674955595028 0.0895
33 0.5106571936056838 0.913375 0.16074600355239788 0.08525
243 0.7220248667850799 0.921625 0.2424511545293073 0.06825
246 0.9138543516873889 0.91725 0.14564831261101244 0.0605
