29 0.5461309523809523 0.18683862433862433 0.0818452380952381 0.17394179894179895
29 0.6076388888888888 0.20535714285714285 0.07589285714285714 0.16468253968253968
29 0.6573660714285714 0.21908068783068782 0.06522817460317461 0.15773809523809523
130 0.7043650793650794 0.2316468253968254 0.06101190476190476 0.15112433862433863
130 0.7464037698412699 0.24553571428571427 0.05828373015873016 0.1431878306878307
336 0.7824900793650794 0.2728174603174603 0.049107142857142856 0.09986772486772487
75 0.8361855158730159 0.2853835978835979 0.05580357142857143 0.09986772486772487
194 0.8635912698412699 0.2933201058201058 0.044642857142857144 0.09986772486772487
194 0.8869047619047619 0.2961309523809524 0.041666666666666664 0.09953703703703703
78 0.9073660714285714 0.30886243386243384 0.03695436507936508 0.08465608465608465
47 0.8976934523809523 0.42592592592592593 0.05233134920634921 0.08531746031746032
117 0.8508184523809523 0.42592592592592593 0.04538690476190476 0.08531746031746032
78 0.8312251984126984 0.42509920634920634 0.04389880952380952 0.08564814814814815
305 0.7991071428571429 0.4203042328042328 0.04662698412698413 0.09126984126984126
240 0.7677331349206349 0.4173280423280423 0.05133928571428571 0.09656084656084656
50 0.7317708333333334 0.40757275132275134 0.05133928571428571 0.1087962962962963
50 0.6965525793650794 0.4044312169312169 0.05133928571428571 0.11441798941798942
330 0.6515376984126984 0.4074074074074074 0.06101190476190476 0.1111111111111111
330 0.6086309523809523 0.4017857142857143 0.056051587301587304 0.1164021164021164
53 0.5745287698412699 0.4017857142857143 0.04985119047619048 0.1164021164021164
164 0.5412946428571429 0.5911044973544973 0.06969246031746032 0.14583333333333334
164 0.5930059523809523 0.5843253968253969 0.06101190476190476 0.13955026455026456
164 0.6300843253968254 0.5813492063492064 0.04389880952380952 0.13425925925925927
223 0.6555059523809523 0.5813492063492064 0.050595238095238096 0.11904761904761904
223 0.6867559523809523 0.5753968253968254 0.04811507936507937 0.11177248677248677
261 0.7180059523809523 0.5843253968253969 0.04365079365079365 0.09126984126984126
261 0.7531001984126984 0.5813492063492064 0.05133928571428571 0.0873015873015873
214 0.8185763888888888 0.7336309523809523 0.056299603174603176 0.10813492063492064
191 0.6681547619047619 0.7718253968253969 0.06101190476190476 0.13955026455026456
97 0.6183035714285714 0.7843915343915344 0.07291666666666667 0.1527777777777778
97 0.5597718253968254 0.8010912698412699 0.07787698412698413 0.16435185185185186
97 0.49528769841269843 0.8136574074074074 0.07490079365079365 0.17162698412698413
214 0.8585069444444444 0.7260251322751323 0.046875 0.09424603174603174
23 0.6242559523809523 0.9527116402116402 0.09027777777777778 0.09457671957671958
181 0.7219742063492064 0.750165343915344 0.06696428571428571 0.14583333333333334
181 0.7580605158730159 0.7445436507936508 0.05381944444444445 0.12136243386243387
14 0.2683531746031746 0.1023478835978836 0.022321428571428572 0.1974206349206349
30 0.3148561507936508 0.11210317460317461 0.11235119047619048 0.21825396825396826
30 0.40587797619047616 0.13392857142857142 0.09151785714285714 0.20634920634920634
29 0.48139880952380953 0.16418650793650794 0.08432539682539683 0.18683862433862433
34 0.4399801587301587 0.3601190476190476 0.0873015873015873 0.18915343915343916
34 0.3621031746031746 0.34970238095238093 0.09325396825396826 0.2027116402116402
34 0.2672371031746032 0.33878968253968256 0.11879960317460317 0.21726190476190477
187 0.26264880952380953 0.621031746031746 0.10962301587301587 0.19775132275132276
187 0.35342261904761907 0.6127645502645502 0.0992063492063492 0.18121693121693122
145 0.48053075396825395 0.5990410052910053 0.07911706349206349 0.15046296296296297
53 0.5131448412698413 0.3834325396825397 0.0798611111111111 0.14252645502645503
260 0.7904265873015873 0.5376984126984127 0.04712301587301587 0.083994708994709
315 0.8169642857142857 0.5365410052910053 0.028273809523809524 0.07705026455026455
315 0.8410218253968254 0.5368716931216931 0.04265873015873016 0.0710978835978836
61 0.8671875 0.5315806878306878 0.04439484126984127 0.0744047619047619
201 0.8876488095238095 0.531415343915344 0.0248015873015873 0.07142857142857142
268 0.8570188492063492 0.6127645502645502 0.024553571428571428 0.04298941798941799
186 0.8670634920634921 0.6111111111111112 0.024305555555555556 0.041005291005291
186 0.8809523809523809 0.6078042328042328 0.026785714285714284 0.03835978835978836
268 0.8953373015873016 0.6049933862433863 0.024305555555555556 0.03935185185185185
268 0.8942212301587301 0.6344246031746031 0.021577380952380952 0.0333994708994709
268 0.8810763888888888 0.6350859788359788 0.026041666666666668 0.03869047619047619
268 0.8680555555555556 0.6374007936507936 0.023313492063492064 0.03869047619047619
268 0.8546626984126984 0.640707671957672 0.022817460317460316 0.035383597883597885
342 0.2602926587301587 0.9007936507936508 0.11383928571428571 0.1984126984126984
342 0.3549107142857143 0.8807870370370371 0.09027777777777778 0.1960978835978836
342 0.4262152777777778 0.8544973544973545 0.08556547619047619 0.17989417989417988
194 0.31212797619047616 0.8966600529100529 0.007688492063492063 0.16633597883597884
205 0.7048611111111112 0.9141865079365079 0.07539682539682539 0.17162698412698413
35 0.7620287698412699 0.9280753968253969 0.046875 0.13392857142857142
35 0.7958829365079365 0.9079034391534392 0.03521825396825397 0.12533068783068782
85 0.8747519841269841 0.8530092592592593 0.04563492063492063 0.105489417989418
85 0.892609126984127 0.8444113756613757 0.03125 0.10218253968253968
