30 0.8523478835978836 0.2982390873015873 0.035383597883597885 0.06225198412698413
164 0.4728835978835979 0.23561507936507936 0.15608465608465608 0.17559523809523808
29 0.37549603174603174 0.22457837301587302 0.15046296296296297 0.17782738095238096
29 0.22503306878306878 0.22978670634920634 0.18551587301587302 0.16989087301587302
34 0.09358465608465609 0.22470238095238096 0.1832010582010582 0.17212301587301587
78 0.59375 0.24751984126984128 0.15112433862433863 0.15327380952380953
30 0.7731481481481481 0.2062251984126984 0.2294973544973545 0.24875992063492064
121 0.9353505291005291 0.20114087301587302 0.1292989417989418 0.251984126984127
53 0.03670634920634921 0.4227430555555556 0.06944444444444445 0.1148313492063492
53 0.10433201058201058 0.4244791666666667 0.08498677248677249 0.11879960317460317
97 0.19146825396825398 0.4357638888888889 0.16600529100529102 0.1433531746031746
97 0.17691798941798942 0.43439980158730157 0.11507936507936507 0.12822420634920634
97 0.3156415343915344 0.43427579365079366 0.15046296296296297 0.14781746031746032
187 0.5054563492063492 0.41121031746031744 0.12003968253968254 0.12748015873015872
181 0.6354166666666666 0.484375 0.18088624338624337 0.19295634920634921
191 0.8219246031746031 0.5190972222222222 0.20601851851851852 0.18303571428571427
35 0.9500661375661376 0.5291418650793651 0.09986772486772487 0.203125
23 0.07093253968253968 0.5465029761904762 0.09821428571428571 0.11235119047619048
23 0.13690476190476192 0.560515873015873 0.10978835978835978 0.11755952380952381
130 0.21676587301587302 0.5747767857142857 0.11673280423280423 0.1297123015873016
75 0.30257936507936506 0.6067708333333334 0.10912698412698413 0.10441468253968254
194 0.3955026455026455 0.6247519841269841 0.11574074074074074 0.11359126984126984
50 0.4990079365079365 0.6360367063492064 0.10582010582010581 0.1341765873015873
305 0.5844907407407407 0.6706349206349206 0.103505291005291 0.11755952380952381
78 0.6764219576719577 0.6961805555555556 0.11342592592592593 0.12152777777777778
117 0.7966269841269841 0.7171378968253969 0.125 0.13169642857142858
330 0.935681216931217 0.7008928571428571 0.1259920634920635 0.14087301587301587
205 0.2412367724867725 0.7268105158730159 0.13326719576719576 0.15401785714285715
7 0.3708664021164021 0.7378472222222222 0.14054232804232805 0.11061507936507936
85 0.5090939153439153 0.7709573412698413 0.10747354497354497 0.10441468253968254
85 0.6357473544973545 0.8071676587301587 0.11673280423280423 0.10987103174603174
108 0.7218915343915344 0.9155505952380952 0.08465608465608465 0.1470734126984127
15 0.8374669312169312 0.9117063492063492 0.11144179894179894 0.1765873015873016
15 0.9399801587301587 0.9128224206349206 0.11144179894179894 0.17435515873015872
