30 0.4427083333333333 0.06746031746031746 0.1111111111111111 0.1349206349206349
130 0.5385664682539683 0.05588624338624339 0.11334325396825397 0.11177248677248677
130 0.6371527777777778 0.04034391534391534 0.1111111111111111 0.08068783068783068
305 0.6546378968253969 0.24338624338624337 0.09350198412698413 0.1527777777777778
305 0.5853174603174603 0.263723544973545 0.08878968253968254 0.14583333333333334
47 0.5189732142857143 0.2804232804232804 0.08308531746031746 0.14285714285714285
47 0.4584573412698413 0.2961309523809524 0.08308531746031746 0.13260582010582012
50 0.4007936507936508 0.30009920634920634 0.0763888888888889 0.15443121693121692
50 0.3392857142857143 0.3166335978835979 0.08878968253968254 0.1431878306878307
53 0.15463789682539683 0.36342592592592593 0.10540674603174603 0.13955026455026456
34 0.16641865079365079 0.5236441798941799 0.12549603174603174 0.15641534391534392
187 0.24553571428571427 0.5216600529100529 0.08333333333333333 0.14781746031746032
187 0.30505952380952384 0.5196759259259259 0.08878968253968254 0.1412037037037037
223 0.35974702380952384 0.5168650793650794 0.09598214285714286 0.125
223 0.42038690476190477 0.5071097883597884 0.09226190476190477 0.14583333333333334
164 0.48474702380952384 0.4905753968253968 0.08308531746031746 0.16170634920634921
164 0.5502232142857143 0.48561507936507936 0.0920138888888889 0.16170634920634921
108 0.6263640873015873 0.47784391534391535 0.08209325396825397 0.15674603174603174
108 0.6996527777777778 0.4689153439153439 0.08333333333333333 0.15476190476190477
315 0.7914186507936508 0.5431547619047619 0.08234126984126984 0.13260582010582012
201 0.9554811507936508 0.5305886243386243 0.08854166666666667 0.14583333333333334
260 0.8549107142857143 0.3731812169312169 0.08878968253968254 0.1359126984126984
260 0.7845982142857143 0.38392857142857145 0.08209325396825397 0.14285714285714285
214 0.8705357142857143 0.7111441798941799 0.08878968253968254 0.14583333333333334
214 0.8098958333333334 0.7101521164021164 0.08209325396825397 0.14583333333333334
181 0.7201140873015873 0.6828703703703703 0.09945436507936507 0.15343915343915343
181 0.6371527777777778 0.7043650793650794 0.10069444444444445 0.15343915343915343
181 0.5610119047619048 0.7043650793650794 0.09226190476190477 0.15476190476190477
97 0.41443452380952384 0.7063492063492064 0.08878968253968254 0.15343915343915343
23 0.3489583333333333 0.71494708994709 0.08878968253968254 0.125
23 0.28943452380952384 0.7151124338624338 0.08234126984126984 0.12268518518518519
342 0.23772321428571427 0.718915343915344 0.07316468253968254 0.12103174603174603
7 0.5892857142857143 0.8791335978835979 0.10267857142857142 0.1650132275132275
7 0.6644345238095238 0.8771494708994709 0.09226190476190477 0.16170634920634921
85 0.8382936507936508 0.9181547619047619 0.09523809523809523 0.15443121693121692
85 0.9193948412698413 0.9265873015873016 0.1056547619047619 0.14682539682539683
85 0.9768105158730159 0.9265873015873016 0.046378968253968256 0.14682539682539683
7 0.7240823412698413 0.8409391534391535 0.07316468253968254 0.10185185185185185
342 0.1810515873015873 0.7111441798941799 0.06746031746031746 0.12996031746031747
97 0.4955357142857143 0.7003968253968254 0.09970238095238096 0.15674603174603174
315 0.8479662698412699 0.5324074074074074 0.11259920634920635 0.14285714285714285
29 0.05071924603174603 0.19477513227513227 0.0900297619047619 0.14484126984126985
29 0.10069444444444445 0.17857142857142858 0.09226190476190477 0.164021164021164
29 0.15674603174603174 0.15426587301587302 0.10317460317460317 0.17294973544973544
29 0.2191220238095238 0.12797619047619047 0.10094246031746032 0.1832010582010582
30 0.2896825396825397 0.10152116402116403 0.10863095238095238 0.18981481481481483
30 0.35788690476190477 0.08912037037037036 0.11061507936507936 0.1650132275132275
53 0.0992063492063492 0.3748346560846561 0.08978174603174603 0.14054232804232805
330 0.28087797619047616 0.3341600529100529 0.054811507936507936 0.1583994708994709
330 0.22569444444444445 0.3501984126984127 0.0625 0.14285714285714285
117 0.7550843253968254 0.21709656084656084 0.08506944444444445 0.20932539682539683
117 0.8438740079365079 0.1896494708994709 0.0920138888888889 0.19477513227513227
78 0.9306795634920635 0.16881613756613756 0.09250992063492064 0.19543650793650794
61 0.9487847222222222 0.3664021164021164 0.08804563492063493 0.16137566137566137
218 0.2214781746031746 0.8488756613756614 0.05357142857142857 0.12698412698412698
218 0.2662450396825397 0.8635912698412699 0.08159722222222222 0.14781746031746032
218 0.31746031746031744 0.8683862433862434 0.08432539682539683 0.15542328042328044
205 0.37202380952380953 0.8741732804232805 0.08779761904761904 0.17294973544973544
205 0.43452380952380953 0.8806216931216931 0.10168650793650794 0.18121693121693122
205 0.505828373015873 0.8791335978835979 0.09895833333333333 0.1775793650793651
