194 0.07953063885267275 0.06088992974238876 0.1316818774445893 0.12177985948477751
194 0.19654498044328553 0.06975577116092338 0.11994784876140809 0.13951154232184676
194 0.313722294654498 0.08012713282034126 0.12027379400260756 0.16025426564068251
75 0.4067796610169492 0.09886249581799933 0.08604954367666232 0.1562395449983272
75 0.48435462842242505 0.10856473737035797 0.0880052151238592 0.1448645031783205
75 0.5695893089960886 0.1283037805286049 0.08898305084745763 0.14018066242890598
130 0.6536831812255541 0.1283037805286049 0.10528031290743155 0.16025426564068251
130 0.7198500651890483 0.14285714285714285 0.07594524119947849 0.1559049849447976
29 0.7658083441981747 0.16543994647039142 0.06290743155149935 0.12612914018066243
29 0.8114406779661016 0.17430578788892606 0.06290743155149935 0.1251254600200736
194 0.8547913950456323 0.18517898962863835 0.06681877444589308 0.1167614586818334
30 0.9427966101694916 0.19103379056540648 0.06225554106910039 0.12044161927065908
30 0.9804432855280313 0.2027433924389428 0.03911342894393742 0.11441953830712613
330 0.8880378096479792 0.33907661425225827 0.05443285528031291 0.09401137504182
50 0.8332790091264668 0.33506189360990296 0.06029986962190352 0.09601873536299765
50 0.7796610169491526 0.33506189360990296 0.05410691003911343 0.09534961525593844
355 0.556877444589309 0.3203412512546002 0.049869621903520206 0.09200401472064236
305 0.5086375488917861 0.2781866845098695 0.07073011734028684 0.11207761793241887
240 0.43986310299869624 0.2684844429575109 0.07855280312907431 0.11809969889595183
117 0.3520208604954368 0.2606222816995651 0.08213820078226858 0.1211107393777183
117 0.2716753585397653 0.2497490799598528 0.09224250325945241 0.12679826028772165
78 0.17878096479791394 0.24389427902308464 0.09615384615384616 0.1365005018400803
78 0.07936766623207302 0.2340247574439612 0.11701434159061277 0.15088658414185346
61 0.07936766623207302 0.4016393442622951 0.09224250325945241 0.11809969889595183
61 0.16215775749674055 0.4016393442622951 0.08376792698826598 0.1167614586818334
260 0.2526075619295958 0.4016393442622951 0.09256844850065189 0.11207761793241887
261 0.39129726205997395 0.40465038474406156 0.07073011734028684 0.09869521579123453
261 0.4589308996088657 0.39979926396788223 0.06844850065189048 0.09902977584476413
261 0.5135267275097783 0.40080294412847106 0.06029986962190352 0.08899297423887588
201 0.311277705345502 0.5292740046838408 0.08213820078226858 0.10772833723653395
315 0.23223598435462842 0.5378052860488458 0.08246414602346806 0.11207761793241887
315 0.1507496740547588 0.5379725660756106 0.07855280312907431 0.1211107393777183
315 0.07936766623207302 0.5506858481097356 0.09224250325945241 0.11843425894948144
108 0.44361147327249023 0.5163934426229508 0.06584093872229466 0.09601873536299765
268 0.211864406779661 0.6799933087989294 0.06323337679269883 0.06657745065239211
268 0.1507496740547588 0.6801605888256942 0.06812255541069101 0.0702576112412178
268 0.08572359843546284 0.6850117096018735 0.07301173402868318 0.06791569086651054
268 0.08963494132985658 0.748745399799264 0.07692307692307693 0.07962529274004684
268 0.1623207301173403 0.741886918701907 0.07301173402868318 0.06791569086651054
214 0.3111147327249022 0.7929073268651723 0.06681877444589308 0.10906657745065239
214 0.36978487614080835 0.7848778855804617 0.06681877444589308 0.09902977584476413
214 0.25130378096479794 0.8231850117096019 0.07692307692307693 0.10605553696888592
308 0.1673728813559322 0.8389093342254935 0.07464146023468057 0.11207761793241887
308 0.10495436766623208 0.8721980595516895 0.08148631029986962 0.12378721980595517
7 0.32121903520208606 0.9384409501505521 0.11245110821382008 0.12311809969889595
7 0.4144393741851369 0.9277350284376046 0.11245110821382008 0.1445299431247909
35 0.49462190352020863 0.8887587822014051 0.07855280312907431 0.12612914018066243
35 0.556877444589309 0.8653395784543325 0.07203389830508475 0.13817330210772832
205 0.6880704041720991 0.8203412512546002 0.0847457627118644 0.16995650719304115
23 0.7592894393741851 0.8054533288725326 0.07203389830508475 0.1214452994312479
23 0.8078552803129074 0.796587487453998 0.06681877444589308 0.10639009702241552
218 0.859354628422425 0.7624623619939779 0.06290743155149935 0.13382402141184344
218 0.8942307692307693 0.748745399799264 0.06290743155149935 0.1211107393777183
218 0.9401890482398957 0.7183004349280696 0.05508474576271186 0.10639009702241552
342 0.9476857887874837 0.6065573770491803 0.07203389830508475 0.09568417530946804
342 0.8917861799217731 0.608564737370358 0.06323337679269883 0.09568417530946804
97 0.825619295958279 0.6319839411174306 0.08213820078226858 0.11441953830712613
97 0.7452737940026075 0.6467045834727334 0.06681877444589308 0.12780194044831047
181 0.6880704041720991 0.6584141853462696 0.07431551499348109 0.12445633991301439
181 0.625651890482399 0.6781532285045165 0.07464146023468057 0.12713282034125126
181 0.556877444589309 0.6968885915021746 0.08507170795306389 0.1518902643024423
268 0.20811603650586702 0.7211441953830713 0.06421121251629726 0.06791569086651054
201 0.37108865710560623 0.5378052860488458 0.07855280312907431 0.07929073268651723
108 0.5086375488917861 0.5115423218467715 0.07073011734028684 0.09902977584476413
164 0.720013037809648 0.4918032786885246 0.06844850065189048 0.10639009702241552
164 0.7695567144719687 0.4851120776179324 0.06323337679269883 0.10639009702241552
145 0.8114406779661016 0.4851120776179324 0.06029986962190352 0.09902977584476413
145 0.8547913950456323 0.48310471729675475 0.06029986962190352 0.09568417530946804
34 0.8942307692307693 0.4723987955838073 0.06029986962190352 0.11441953830712613
34 0.9375814863102999 0.46637671462027436 0.05508474576271186 0.10839745734359317
34 0.9753911342894394 0.46637671462027436 0.04921773142112125 0.10371361659417866
47 0.6205997392438071 0.3288725326196052 0.06453715775749674 0.10639009702241552
47 0.6654172099087353 0.3355637336901974 0.0394393741851369 0.10572097691535631
223 0.7103976531942634 0.3333890933422549 0.06290743155149935 0.109401137504182
223 0.753748370273794 0.3370692539310806 0.033572359843546284 0.11475409836065574
262 0.9427966101694916 0.3467714954834393 0.03878748370273794 0.10471729675476749
53 0.9773468057366362 0.34292405486784877 0.03422425032594524 0.09568417530946804
187 0.5953389830508474 0.5021746403479425 0.0818122555410691 0.13516226162596187
187 0.6574315514993481 0.4968216794914687 0.06584093872229466 0.13047842087654735
186 0.34827249022164275 0.6990632318501171 0.051173402868318126 0.05988624958179993
186 0.3060625814863103 0.7097691535630646 0.04758800521512386 0.05921712947474072
186 0.29986962190352023 0.6692873870859819 0.0560625814863103 0.061893609902977584
186 0.2816166883963494 0.650384744061559 0.052803129074315516 0.06022080963532954
186 0.33360495436766624 0.6430244228839077 0.05573663624511082 0.05687520910003346
15 0.4496414602346806 0.6465373034459686 0.13005215123859193 0.07661425225828036
214 0.42682529335071706 0.7902308464369354 0.05899608865710561 0.07293409166945466
