121 0.053875 0.19283333333333333 0.06525 0.11766666666666667
121 0.107625 0.19383333333333333 0.05725 0.11766666666666667
187 0.16325 0.20366666666666666 0.063 0.10666666666666667
187 0.215875 0.2075 0.05825 0.103
187 0.2735 0.2095 0.066 0.10833333333333334
162 0.336 0.2095 0.063 0.10566666666666667
162 0.39275 0.21133333333333335 0.066 0.10666666666666667
50 0.452375 0.21833333333333332 0.05425 0.09866666666666667
50 0.501125 0.22216666666666668 0.05625 0.09566666666666666
50 0.555875 0.22216666666666668 0.05425 0.09566666666666666
50 0.605625 0.22216666666666668 0.06025 0.103
355 0.6525 0.232 0.0485 0.084
355 0.70325 0.227 0.063 0.10333333333333333
214 0.752125 0.234 0.05625 0.08666666666666667
214 0.798 0.23683333333333334 0.056 0.08833333333333333
108 0.947375 0.23883333333333334 0.06025 0.09233333333333334
108 0.980625 0.24183333333333334 0.03825 0.09166666666666666
315 0.979375 0.357 0.04125 0.08133333333333333
315 0.936625 0.357 0.05425 0.08133333333333333
315 0.89175 0.352 0.052 0.076
201 0.85075 0.351 0.052 0.074
201 0.80875 0.3481666666666667 0.0485 0.07366666666666667
201 0.768625 0.3481666666666667 0.04825 0.07233333333333333
61 0.72375 0.3461666666666667 0.0485 0.069
61 0.681875 0.3443333333333333 0.04825 0.07
61 0.64175 0.3403333333333333 0.0455 0.07133333333333333
61 0.602625 0.3413333333333333 0.04525 0.07
308 0.55775 0.3345 0.0485 0.07566666666666666
308 0.508 0.33066666666666666 0.056 0.07533333333333334
223 0.255125 0.315 0.05425 0.08133333333333333
330 0.20025 0.31116666666666665 0.056 0.08366666666666667
330 0.16125 0.309 0.0405 0.078
330 0.12125 0.311 0.0485 0.074
330 0.08025 0.30716666666666664 0.052 0.07566666666666666
117 0.146625 0.4205 0.04825 0.07233333333333333
117 0.17975 0.42133333333333334 0.043 0.07
93 0.219875 0.42433333333333334 0.04325 0.07
93 0.255 0.42433333333333334 0.042 0.06866666666666667
117 0.295 0.42833333333333334 0.043 0.072
117 0.33225 0.43133333333333335 0.043 0.074
240 0.37425 0.436 0.042 0.072
240 0.410375 0.438 0.04475 0.07533333333333334
277 0.465 0.438 0.063 0.084
277 0.519625 0.44183333333333336 0.05425 0.081
277 0.5725 0.44483333333333336 0.059 0.08633333333333333
61 0.6085 0.44783333333333336 0.022 0.08633333333333333
75 0.646625 0.44966666666666666 0.05525 0.08666666666666667
75 0.698375 0.45266666666666666 0.05325 0.088
194 0.758 0.4575 0.059 0.08633333333333333
194 0.810625 0.4613333333333333 0.05125 0.09
194 0.853625 0.4643333333333333 0.05525 0.09
355 0.910375 0.4683333333333333 0.06025 0.088
355 0.957125 0.4723333333333333 0.06025 0.08533333333333333
197 0.964375 0.5943333333333334 0.07025 0.09533333333333334
23 0.895625 0.5845 0.07075 0.10433333333333333
23 0.833125 0.5796666666666667 0.07075 0.10466666666666667
23 0.772625 0.5746666666666667 0.07075 0.10466666666666667
342 0.716 0.5718333333333333 0.065 0.10433333333333333
342 0.656375 0.566 0.06575 0.10333333333333333
342 0.594 0.561 0.063 0.09866666666666667
164 0.534375 0.5561666666666667 0.05325 0.09566666666666666
164 0.490375 0.5533333333333333 0.05325 0.09866666666666667
145 0.4415 0.5513333333333333 0.048 0.09533333333333334
145 0.39475 0.5495 0.0505 0.09233333333333334
53 0.344875 0.5445 0.05525 0.09233333333333334
53 0.292125 0.5415 0.05075 0.08833333333333333
53 0.241375 0.5356666666666666 0.05525 0.088
53 0.148625 0.526 0.06375 0.08533333333333333
53 0.093875 0.525 0.06525 0.08333333333333333
29 0.105625 0.6323333333333333 0.05425 0.09533333333333334
29 0.1505 0.6361666666666667 0.059 0.09233333333333334
29 0.20425 0.6363333333333333 0.0545 0.09
29 0.250125 0.6401666666666667 0.05125 0.08966666666666667
29 0.295125 0.651 0.05425 0.09533333333333334
130 0.347875 0.6566666666666666 0.05525 0.09866666666666667
130 0.398625 0.6606666666666666 0.05425 0.09533333333333334
130 0.451375 0.6636666666666666 0.05525 0.09866666666666667
34 0.503 0.6676666666666666 0.059 0.10666666666666667
34 0.55875 0.6733333333333333 0.059 0.10666666666666667
34 0.6135 0.6801666666666667 0.063 0.103
34 0.667125 0.688 0.07075 0.10666666666666667
181 0.72075 0.6948333333333333 0.063 0.103
181 0.7745 0.6986666666666667 0.063 0.10333333333333333
181 0.835125 0.7066666666666667 0.07075 0.10666666666666667
97 0.895625 0.7133333333333334 0.07075 0.09533333333333334
23 0.95025 0.7173333333333334 0.066 0.10466666666666667
97 0.98475 0.7221666666666666 0.0305 0.101
30 0.09675 0.769 0.059 0.1
30 0.13975 0.7681666666666667 0.057 0.121
218 0.185625 0.771 0.05725 0.12066666666666667
85 0.593875 0.8226666666666667 0.05625 0.09533333333333334
85 0.64175 0.8208333333333333 0.063 0.09566666666666666
85 0.691625 0.8266666666666667 0.06225 0.12333333333333334
85 0.74325 0.8266666666666667 0.065 0.12333333333333334
7 0.779375 0.8336666666666667 0.07075 0.106
7 0.878125 0.8296666666666667 0.09325 0.09533333333333334
355 0.98725 0.477 0.0255 0.1
305 0.06725 0.4141666666666667 0.0455 0.07833333333333334
305 0.1055 0.421 0.049 0.08466666666666667
205 0.542875 0.809 0.05875 0.14066666666666666
205 0.4905 0.8038333333333333 0.0585 0.13966666666666666
205 0.438 0.7993333333333333 0.0595 0.13866666666666666
205 0.38625 0.7936666666666666 0.0605 0.13866666666666666
218 0.3365 0.7906666666666666 0.065 0.12866666666666668
218 0.282375 0.7855 0.05875 0.12633333333333333
218 0.23725 0.779 0.055 0.128
