214 0.2326388888888889 0.7690145502645502 0.05704365079365079 0.10813492063492064
97 0.5049603174603174 0.7212301587301587 0.07093253968253968 0.12764550264550265
97 0.6319444444444444 0.7094907407407407 0.07093253968253968 0.13723544973544974
342 0.8028273809523809 0.6870039682539683 0.07093253968253968 0.12334656084656084
342 0.8643353174603174 0.6871693121693122 0.06498015873015874 0.11772486772486772
218 0.9268353174603174 0.8402777777777778 0.06299603174603174 0.1574074074074074
218 0.8664434523809523 0.8354828042328042 0.0597718253968254 0.1431878306878307
218 0.8107638888888888 0.8442460317460317 0.06498015873015874 0.15145502645502645
35 0.45709325396825395 0.9184854497354498 0.06498015873015874 0.16038359788359788
35 0.39459325396825395 0.9047619047619048 0.06498015873015874 0.15145502645502645
34 0.9171626984126984 0.4947089947089947 0.06101190476190476 0.13095238095238096
34 0.8312251984126984 0.4965277777777778 0.05431547619047619 0.13260582010582012
34 0.7901785714285714 0.4947089947089947 0.05406746031746032 0.13624338624338625
187 0.7374751984126984 0.5132275132275133 0.06820436507936507 0.11177248677248677
187 0.673859126984127 0.5150462962962963 0.06299603174603174 0.11607142857142858
223 0.6154513888888888 0.5200066137566137 0.060267857142857144 0.11144179894179894
145 0.5596478174603174 0.5238095238095238 0.060267857142857144 0.11772486772486772
164 0.5011160714285714 0.5200066137566137 0.06274801587301587 0.12731481481481483
164 0.4444444444444444 0.5289351851851852 0.06299603174603174 0.12665343915343916
260 0.37611607142857145 0.4732142857142857 0.04836309523809524 0.08531746031746032
260 0.3272569444444444 0.47619047619047616 0.04935515873015873 0.08531746031746032
61 0.2326388888888889 0.47800925925925924 0.05257936507936508 0.08101851851851852
61 0.18365575396825398 0.47800925925925924 0.047371031746031744 0.08630952380952381
201 0.13392857142857142 0.4781746031746032 0.05109126984126984 0.08994708994708994
201 0.08320932539682539 0.4801587301587302 0.05431547619047619 0.08994708994708994
315 0.13392857142857142 0.3639219576719577 0.06001984126984127 0.09226190476190477
261 0.07725694444444445 0.36177248677248675 0.05431547619047619 0.08994708994708994
78 0.2003968253968254 0.3541666666666667 0.06299603174603174 0.10317460317460317
355 0.259796626984127 0.3541666666666667 0.05828373015873016 0.0992063492063492
117 0.3272569444444444 0.3549933862433862 0.05530753968253968 0.09623015873015874
117 0.38392857142857145 0.35697751322751325 0.05406746031746032 0.09490740740740741
305 0.43960813492063494 0.35697751322751325 0.05431547619047619 0.09556878306878307
305 0.49429563492063494 0.35697751322751325 0.053075396825396824 0.0916005291005291
47 0.5509672619047619 0.35697751322751325 0.05133928571428571 0.0916005291005291
47 0.5948660714285714 0.3568121693121693 0.041914682539682536 0.08994708994708994
50 0.6417410714285714 0.35119047619047616 0.05431547619047619 0.09854497354497355
50 0.7090773809523809 0.3492063492063492 0.06597222222222222 0.10317460317460317
330 0.7833581349206349 0.35300925925925924 0.05530753968253968 0.09556878306878307
53 0.8458581349206349 0.35102513227513227 0.06572420634920635 0.09556878306878307
53 0.9131944444444444 0.35102513227513227 0.06001984126984127 0.09556878306878307
30 0.9494047619047619 0.1822089947089947 0.06299603174603174 0.125
30 0.8781001984126984 0.17824074074074073 0.06225198412698413 0.12764550264550265
29 0.7374751984126984 0.17724867724867724 0.07068452380952381 0.12301587301587301
29 0.6651785714285714 0.18799603174603174 0.06299603174603174 0.09490740740740741
29 0.6154513888888888 0.18799603174603174 0.04538690476190476 0.09093915343915344
29 0.5567956349206349 0.16848544973544974 0.07093253968253968 0.12731481481481483
29 0.49813988095238093 0.1744378306878307 0.05133928571428571 0.10813492063492064
130 0.4445684523809524 0.15492724867724866 0.07614087301587301 0.14252645502645503
130 0.36731150793650796 0.1509589947089947 0.07936507936507936 0.14715608465608465
75 0.29216269841269843 0.16550925925925927 0.06498015873015874 0.10681216931216932
75 0.22668650793650794 0.16352513227513227 0.06597222222222222 0.10681216931216932
194 0.16121031746031747 0.16650132275132276 0.059027777777777776 0.09226190476190477
194 0.09387400793650794 0.16352513227513227 0.07068452380952381 0.09556878306878307
85 0.09685019841269842 0.955191798941799 0.08556547619047619 0.08961640211640212
85 0.1935763888888889 0.9495701058201058 0.09151785714285714 0.10085978835978836
50 0.28236607142857145 0.7652116402116402 0.046378968253968256 0.10582010582010581
15 0.3819444444444444 0.7379298941798942 0.05406746031746032 0.12334656084656084
342 0.9141865079365079 0.6762566137566137 0.07093253968253968 0.12301587301587301
97 0.7286706349206349 0.6762566137566137 0.06597222222222222 0.12632275132275134
97 0.6759672619047619 0.6822089947089947 0.05133928571428571 0.12103174603174603
181 0.5860615079365079 0.7055224867724867 0.08085317460317461 0.144510582010582
181 0.44060019841269843 0.7194113756613757 0.07415674603174603 0.14252645502645503
15 0.32924107142857145 0.7377645502645502 0.060267857142857144 0.13955026455026456
214 0.17981150793650794 0.7729828042328042 0.05704365079365079 0.10615079365079365
205 0.5220734126984127 0.9117063492063492 0.07341269841269842 0.1765873015873016
35 0.5905257936507936 0.90625 0.07093253968253968 0.17824074074074073
268 0.06336805555555555 0.5715939153439153 0.046378968253968256 0.0539021164021164
268 0.11098710317460317 0.5674603174603174 0.04290674603174603 0.051587301587301584
268 0.06882440476190477 0.6116071428571429 0.04389880952380952 0.05324074074074074
268 0.06336805555555555 0.6536044973544973 0.044890873015873016 0.04728835978835979
268 0.10714285714285714 0.6517857142857143 0.03720238095238095 0.04365079365079365
268 0.10850694444444445 0.6116071428571429 0.04141865079365079 0.04662698412698413
261 0.1558779761904762 0.625 0.057787698412698416 0.09060846560846561
261 0.21378968253968253 0.6203703703703703 0.053075396825396824 0.09060846560846561
261 0.2646329365079365 0.6182208994708994 0.05257936507936508 0.08564814814814815
108 0.31299603174603174 0.6025132275132276 0.06547619047619048 0.10978835978835978
108 0.3758680555555556 0.5995370370370371 0.06125992063492063 0.1078042328042328
