286 0.10893854748603352 0.05968586387434555 0.2111731843575419 0.06282722513089005
286 0.11173184357541899 0.11204188481675392 0.20558659217877095 0.05863874345549738
286 0.11620111731843576 0.16020942408376965 0.20558659217877095 0.05235602094240838
286 0.3128491620111732 0.05602094240837696 0.20558659217877095 0.061780104712041886
286 0.3128491620111732 0.10837696335078534 0.2011173184357542 0.05759162303664921
286 0.31452513966480444 0.1581151832460733 0.2022346368715084 0.05654450261780105
286 0.5162011173184358 0.05759162303664921 0.19888268156424582 0.06282722513089005
286 0.5184357541899441 0.11047120418848168 0.19888268156424582 0.05759162303664921
286 0.5184357541899441 0.15916230366492146 0.19888268156424582 0.05445026178010471
193 0.4346368715083799 0.2602094240837696 0.12960893854748604 0.061780104712041886
193 0.4340782122905028 0.31308900523560207 0.12625698324022347 0.05654450261780105
193 0.435195530726257 0.35916230366492147 0.1217877094972067 0.05235602094240838
193 0.5536312849162012 0.2612565445026178 0.12625698324022347 0.061780104712041886
193 0.553072625698324 0.31308900523560207 0.12513966480446928 0.05235602094240838
193 0.5575418994413408 0.35916230366492147 0.11396648044692738 0.05235602094240838
193 0.6759776536312849 0.2607329842931937 0.12737430167597766 0.05863874345549738
193 0.676536312849162 0.31151832460732987 0.12625698324022347 0.05549738219895288
193 0.6759776536312849 0.3586387434554974 0.12513966480446928 0.05340314136125655
4 0.8111731843575419 0.35340314136125656 0.12737430167597766 0.05759162303664921
4 0.8122905027932961 0.3078534031413613 0.1318435754189944 0.05863874345549738
4 0.8201117318435754 0.2591623036649215 0.1340782122905028 0.05759162303664921
4 0.9379888268156424 0.2581151832460733 0.12402234636871508 0.05759162303664921
4 0.9379888268156424 0.30837696335078535 0.12402234636871508 0.05549738219895288
4 0.9351955307262569 0.3549738219895288 0.12513966480446928 0.05235602094240838
6 0.2698324022346369 0.2617801047120419 0.20446927374301677 0.06282722513089005
6 0.2709497206703911 0.31413612565445026 0.2022346368715084 0.05445026178010471
6 0.27150837988826815 0.3607329842931937 0.2011173184357542 0.05340314136125655
6 0.0893854748603352 0.35916230366492147 0.17430167597765364 0.05235602094240838
6 0.0893854748603352 0.31308900523560207 0.17430167597765364 0.05445026178010471
6 0.0888268156424581 0.26230366492146595 0.17318435754189945 0.05759162303664921
237 0.29329608938547486 0.4445026178010471 0.20893854748603352 0.07015706806282722
237 0.30223463687150837 0.4968586387434555 0.20446927374301677 0.05549738219895288
237 0.30502793296089387 0.543455497382199 0.2011173184357542 0.05445026178010471
237 0.11564245810055866 0.5424083769633508 0.19329608938547485 0.05235602094240838
237 0.1106145251396648 0.4968586387434555 0.18994413407821228 0.05549738219895288
237 0.11173184357541899 0.44136125654450264 0.20335195530726258 0.07643979057591622
139 0.46759776536312847 0.4455497382198953 0.11508379888268157 0.06596858638743455
139 0.5770949720670391 0.44397905759162304 0.1217877094972067 0.060732984293193716
232 0.6932960893854748 0.44397905759162304 0.12625698324022347 0.060732984293193716
232 0.8106145251396648 0.44397905759162304 0.12625698324022347 0.060732984293193716
232 0.9273743016759777 0.44607329842931936 0.12960893854748604 0.06701570680628273
232 0.9256983240223464 0.49581151832460735 0.12402234636871508 0.049214659685863874
232 0.8078212290502793 0.493717277486911 0.12290502793296089 0.05130890052356021
232 0.6932960893854748 0.4942408376963351 0.11955307262569832 0.05235602094240838
139 0.5793296089385475 0.4942408376963351 0.11955307262569832 0.05235602094240838
139 0.46759776536312847 0.4952879581151832 0.11508379888268157 0.050261780104712044
139 0.46759776536312847 0.5392670157068062 0.11508379888268157 0.05235602094240838
139 0.5793296089385475 0.5387434554973822 0.11955307262569832 0.05130890052356021
232 0.6905027932960894 0.5387434554973822 0.11620111731843576 0.05340314136125655
232 0.8083798882681564 0.5387434554973822 0.11955307262569832 0.05130890052356021
232 0.9251396648044693 0.5382198952879581 0.12067039106145251 0.048167539267015703
275 0.8279329608938547 0.6450261780104712 0.18100558659217877 0.050261780104712044
275 0.8435754189944135 0.6706806282722513 0.20335195530726258 0.05130890052356021
275 0.870391061452514 0.7115183246073299 0.2011173184357542 0.0806282722513089
275 0.8698324022346369 0.7675392670157068 0.15307262569832403 0.05235602094240838
232 0.8653631284916201 0.8136125654450261 0.15307262569832403 0.05445026178010471
275 0.8631284916201117 0.8554973821989529 0.15307262569832403 0.05445026178010471
275 0.8603351955307262 0.8884816753926702 0.1452513966480447 0.032460732984293195
283 0.6273743016759776 0.618848167539267 0.23128491620111732 0.07329842931937172
283 0.6273743016759776 0.6727748691099477 0.23128491620111732 0.05759162303664921
283 0.6240223463687151 0.7198952879581152 0.22905027932960895 0.05549738219895288
283 0.6273743016759776 0.7633507853403141 0.13966480446927373 0.050261780104712044
283 0.6284916201117319 0.8047120418848167 0.13743016759776536 0.05549738219895288
283 0.6279329608938548 0.8502617801047121 0.13631284916201117 0.05235602094240838
283 0.6273743016759776 0.8842931937172774 0.13519553072625698 0.0387434554973822
80 0.16983240223463686 0.7130890052356021 0.2346368715083799 0.07539267015706806
80 0.16983240223463686 0.7675392670157068 0.22793296089385476 0.05235602094240838
80 0.16983240223463686 0.8089005235602095 0.22569832402234638 0.05340314136125655
80 0.17206703910614526 0.8507853403141361 0.23016759776536314 0.05340314136125655
80 0.17206703910614526 0.8863874345549738 0.22569832402234638 0.04293193717277487
80 0.39553072625698327 0.8842931937172774 0.2212290502793296 0.040837696335078534
80 0.4 0.8523560209424084 0.22346368715083798 0.05235602094240838
80 0.3994413407821229 0.8120418848167539 0.2223463687150838 0.04712041884816754
80 0.394413407821229 0.7696335078534031 0.22793296089385476 0.05654450261780105
80 0.3983240223463687 0.7219895287958115 0.22905027932960895 0.05340314136125655
80 0.4011173184357542 0.6670157068062827 0.22793296089385476 0.0774869109947644
80 0.40893854748603353 0.6230366492146597 0.20558659217877095 0.04397905759162304
80 0.19106145251396647 0.6418848167539267 0.21899441340782122 0.07329842931937172
