62 0.07304067460317461 0.935515873015873 0.09796626984126984 0.12235449735449735
62 0.1619543650793651 0.9255952380952381 0.08382936507936507 0.14682539682539683
329 0.23722718253968253 0.9031084656084656 0.07762896825396826 0.15013227513227514
329 0.2977430555555556 0.8650793650793651 0.07663690476190477 0.1421957671957672
33 0.3680555555555556 0.8523478835978836 0.07688492063492064 0.1292989417989418
33 0.42472718253968256 0.8348214285714286 0.06572420634920635 0.12003968253968254
235 0.5798611111111112 0.7840608465608465 0.060515873015873016 0.10251322751322751
235 0.615203373015873 0.7703373015873016 0.045882936507936505 0.09556878306878307
208 0.6453373015873016 0.7536375661375662 0.034722222222222224 0.09523809523809523
338 0.3845486111111111 0.6706349206349206 0.10987103174603174 0.05423280423280423
338 0.38467261904761907 0.7118055555555556 0.08978174603174603 0.0763888888888889
246 0.28794642857142855 0.6931216931216931 0.06994047619047619 0.06415343915343916
246 0.22259424603174602 0.7018849206349206 0.06969246031746032 0.06646825396825397
132 0.1375248015873016 0.7253637566137566 0.07713293650793651 0.07771164021164022
132 0.05133928571428571 0.7372685185185185 0.09722222222222222 0.07771164021164022
132 0.05357142857142857 0.8015873015873016 0.08382936507936507 0.06018518518518518
132 0.13082837301587302 0.7880291005291006 0.06969246031746032 0.06018518518518518
338 0.22259424603174602 0.7576058201058201 0.061755952380952384 0.05423280423280423
246 0.28794642857142855 0.7430555555555556 0.060515873015873016 0.06018518518518518
233 0.28794642857142855 0.42956349206349204 0.10466269841269842 0.06415343915343916
233 0.3055555555555556 0.3698743386243386 0.0625 0.06646825396825397
233 0.25384424603174605 0.36689814814814814 0.04935515873015873 0.07308201058201058
243 0.08147321428571429 0.21263227513227514 0.16245039682539683 0.10449735449735449
243 0.08147321428571429 0.14417989417989419 0.16145833333333334 0.10251322751322751
5 0.32862103174603174 0.07275132275132275 0.051587301587301584 0.14285714285714285
5 0.37016369047619047 0.0798611111111111 0.048859126984126984 0.15575396825396826
13 0.4071180555555556 0.08763227513227513 0.041914682539682536 0.15806878306878308
13 0.44308035714285715 0.10168650793650794 0.043402777777777776 0.15707671957671956
11 0.49193948412698413 0.11458333333333333 0.06522817460317461 0.17096560846560846
280 0.5441468253968254 0.09672619047619048 0.0248015873015873 0.08432539682539683
280 0.5579117063492064 0.10631613756613757 0.021577380952380952 0.08101851851851852
280 0.5786210317460317 0.11541005291005291 0.034722222222222224 0.07473544973544974
280 0.5384424603174603 0.17046957671957672 0.022817460317460316 0.07242063492063493
280 0.5608878968253969 0.18022486772486773 0.034970238095238096 0.06878306878306878
280 0.5885416666666666 0.18799603174603174 0.03670634920634921 0.0710978835978836
239 0.6164434523809523 0.18948412698412698 0.028025793650793652 0.08068783068783068
239 0.6357886904761905 0.1960978835978836 0.03050595238095238 0.0787037037037037
239 0.6540178571428571 0.2035383597883598 0.02976190476190476 0.0763888888888889
188 0.6707589285714286 0.20866402116402116 0.024553571428571428 0.07407407407407407
188 0.7043650793650794 0.2275132275132275 0.02976190476190476 0.05555555555555555
307 0.7234623015873016 0.23363095238095238 0.024305555555555556 0.054563492063492064
307 0.736359126984127 0.23875661375661375 0.015873015873015872 0.04828042328042328
307 0.7689732142857143 0.24834656084656084 0.020089285714285716 0.05092592592592592
68 0.7844742063492064 0.2533068783068783 0.025793650793650792 0.05092592592592592
68 0.7966269841269841 0.25810185185185186 0.018353174603174604 0.04861111111111111
311 0.6631944444444444 0.29828042328042326 0.032242063492063495 0.041666666666666664
311 0.6907242063492064 0.30340608465608465 0.028769841269841268 0.040674603174603176
349 0.7032490079365079 0.3133267195767196 0.010168650793650794 0.027447089947089946
333 0.7155257936507936 0.3290343915343915 0.03125 0.0582010582010582
333 0.7354910714285714 0.3341600529100529 0.019097222222222224 0.05588624338624339
311 0.6861359126984127 0.33779761904761907 0.029513888888888888 0.03406084656084656
311 0.6615823412698413 0.33349867724867727 0.028521825396825396 0.035383597883597885
3 0.4388640873015873 0.27116402116402116 0.05828373015873016 0.08862433862433862
3 0.4782986111111111 0.28158068783068785 0.05233134920634921 0.08101851851851852
3 0.5296378968253969 0.29150132275132273 0.057787698412698416 0.08101851851851852
38 0.6349206349206349 0.30869708994708994 0.022321428571428572 0.07572751322751323
38 0.6175595238095238 0.30539021164021163 0.029265873015873016 0.07771164021164022
38 0.5933779761904762 0.29563492063492064 0.03794642857142857 0.08994708994708994
66 0.2166418650793651 0.18518518518518517 0.09995039682539683 0.08994708994708994
66 0.2126736111111111 0.24305555555555555 0.0920138888888889 0.07407407407407407
66 0.29129464285714285 0.2620701058201058 0.07415674603174603 0.06382275132275132
66 0.2984871031746032 0.20601851851851852 0.08804563492063493 0.07671957671957672
0 0.35131448412698413 0.2531415343915344 0.029513888888888888 0.03670634920634921
0 0.3871527777777778 0.2605820105820106 0.03571428571428571 0.03968253968253968
250 0.37103174603174605 0.43253968253968256 0.039186507936507936 0.05952380952380952
250 0.37177579365079366 0.3759920634920635 0.040674603174603176 0.06283068783068783
250 0.4103422619047619 0.38326719576719576 0.04141865079365079 0.062169312169312166
250 0.4076140873015873 0.43882275132275134 0.04092261904761905 0.05357142857142857
250 0.4303075396825397 0.4399801587301587 0.006944444444444444 0.050595238095238096
250 0.45275297619047616 0.39037698412698413 0.035962301587301584 0.05853174603174603
250 0.4765625 0.39021164021164023 0.02058531746031746 0.05423280423280423
250 0.49975198412698413 0.3931878306878307 0.034722222222222224 0.05489417989417989
250 0.5236855158730159 0.3958333333333333 0.0220734126984127 0.05489417989417989
250 0.5424107142857143 0.3986441798941799 0.027281746031746032 0.054563492063492064
82 0.5705605158730159 0.3999669312169312 0.035962301587301584 0.05125661375661376
82 0.5987103174603174 0.40343915343915343 0.029265873015873016 0.0496031746031746
82 0.6168154761904762 0.404265873015873 0.015873015873015872 0.045965608465608467
82 0.6135912698412699 0.4485780423280423 0.021825396825396824 0.0419973544973545
82 0.5936259920634921 0.44841269841269843 0.029513888888888888 0.041666666666666664
82 0.5690724206349206 0.44758597883597884 0.029513888888888888 0.04133597883597884
250 0.5239335317460317 0.4439484126984127 0.033482142857142856 0.04662698412698413
250 0.49541170634920634 0.4437830687830688 0.033482142857142856 0.04563492063492063
250 0.4720982142857143 0.44212962962962965 0.02058531746031746 0.047619047619047616
250 0.4505208333333333 0.44146825396825395 0.03447420634920635 0.04828042328042328
349 0.6842757936507936 0.5519179894179894 0.020833333333333332 0.028439153439153438
349 0.7052331349206349 0.550760582010582 0.023561507936507936 0.028108465608465607
349 0.732390873015873 0.548776455026455 0.0248015873015873 0.030753968253968252
349 0.7522321428571429 0.5474537037037037 0.02628968253968254 0.03009259259259259
349 0.7583085317460317 0.5085978835978836 0.019593253968253968 0.03439153439153439
349 0.7434275793650794 0.5087632275132276 0.026041666666666668 0.035383597883597885
349 0.7119295634920635 0.509755291005291 0.030009920634920636 0.03736772486772487
349 0.6902281746031746 0.5124007936507936 0.020833333333333332 0.03273809523809524
52 0.040054563492063495 0.4093915343915344 0.07961309523809523 0.08002645502645503
52 0.1154513888888889 0.40988756613756616 0.07862103174603174 0.08035714285714286
244 0.1185515873015873 0.5337301587301587 0.07539682539682539 0.0787037037037037
244 0.041046626984126984 0.5375330687830688 0.08159722222222222 0.09093915343915344
244 0.03968253968253968 0.603505291005291 0.07936507936507936 0.05357142857142857
244 0.11656746031746032 0.5998677248677249 0.07490079365079365 0.06084656084656084
52 0.1918402777777778 0.34755291005291006 0.07118055555555555 0.08333333333333333
52 0.1966765873015873 0.4201388888888889 0.07490079365079365 0.06845238095238096
39 0.18092757936507936 0.5788690476190477 0.04092261904761905 0.105489417989418
39 0.22110615079365079 0.578207671957672 0.046378968253968256 0.10416666666666667
39 0.26785714285714285 0.5745701058201058 0.04811507936507937 0.10152116402116403
39 0.3040674603174603 0.5710978835978836 0.04117063492063492 0.09656084656084656
21 0.34263392857142855 0.5674603174603174 0.03695436507936508 0.09457671957671958
21 0.37487599206349204 0.564318783068783 0.033482142857142856 0.09093915343915344
21 0.43625992063492064 0.5590277777777778 0.036210317460317464 0.08697089947089948
21 0.46143353174603174 0.5568783068783069 0.030009920634920636 0.08465608465608465
207 0.5102926587301587 0.5241402116402116 0.04141865079365079 0.052248677248677246
207 0.5416666666666666 0.5233134920634921 0.03869047619047619 0.049933862433862435
207 0.5713045634920635 0.517526455026455 0.031994047619047616 0.03902116402116402
207 0.5700644841269841 0.5615079365079365 0.038938492063492064 0.05423280423280423
207 0.5344742063492064 0.564318783068783 0.024305555555555556 0.036044973544973546
207 0.5088045634920635 0.5659722222222222 0.023065476190476192 0.036044973544973546
236 0.6108630952380952 0.5166997354497355 0.03422619047619048 0.04861111111111111
236 0.6385168650793651 0.517691798941799 0.03149801587301587 0.050595238095238096
236 0.6618303571428571 0.5166997354497355 0.02554563492063492 0.04861111111111111
236 0.6594742063492064 0.5575396825396826 0.028273809523809524 0.03968253968253968
236 0.6336805555555556 0.5601851851851852 0.028273809523809524 0.03902116402116402
236 0.6072668650793651 0.5595238095238095 0.02703373015873016 0.042328042328042326
92 0.6397569444444444 0.4495701058201058 0.021081349206349208 0.03802910052910053
92 0.6533978174603174 0.4439484126984127 0.021577380952380952 0.03009259259259259
92 0.6700148809523809 0.44113756613756616 0.023561507936507936 0.036375661375661374
212 0.6909722222222222 0.4489087301587302 0.02132936507936508 0.040674603174603176
212 0.7082093253968254 0.45023148148148145 0.019593253968253968 0.040013227513227514
345 0.7270585317460317 0.44576719576719576 0.024057539682539684 0.03306878306878307
271 0.45696924603174605 0.656415343915344 0.04389880952380952 0.056216931216931214
271 0.49330357142857145 0.6541005291005291 0.03968253968253968 0.051587301587301584
271 0.4833829365079365 0.6965939153439153 0.032242063492063495 0.04398148148148148
271 0.45709325396825395 0.703042328042328 0.028273809523809524 0.04034391534391534
152 0.5362103174603174 0.6491402116402116 0.037698412698412696 0.0582010582010582
152 0.5328621031746031 0.689318783068783 0.031001984126984128 0.03670634920634921
152 0.560515873015873 0.6870039682539683 0.033234126984126984 0.03670634920634921
152 0.5641121031746031 0.6469907407407407 0.03149801587301587 0.054563492063492064
296 0.597594246031746 0.6370701058201058 0.026041666666666668 0.03935185185185185
296 0.6123511904761905 0.6655092592592593 0.027281746031746032 0.050595238095238096
296 0.5874255952380952 0.6746031746031746 0.02554563492063492 0.03902116402116402
86 0.654265873015873 0.6253306878306878 0.03869047619047619 0.04497354497354497
86 0.6831597222222222 0.6246693121693122 0.019593253968253968 0.04365079365079365
86 0.6739831349206349 0.6579034391534392 0.026041666666666668 0.0333994708994709
86 0.652405753968254 0.6615410052910053 0.023065476190476192 0.03207671957671958
73 0.8143601190476191 0.59375 0.019593253968253968 0.02943121693121693
217 0.8312251984126984 0.6261574074074074 0.018601190476190476 0.034722222222222224
217 0.8335813492063492 0.5922619047619048 0.014384920634920634 0.03505291005291005
73 0.7827380952380952 0.6342592592592593 0.020833333333333332 0.03306878306878307
73 0.7982390873015873 0.6349206349206349 0.021081349206349208 0.031746031746031744
152 0.8062996031746031 0.6185515873015873 0.00496031746031746 0.0036375661375661374
284 0.7628968253968254 0.5924272486772487 0.022321428571428572 0.0333994708994709
284 0.7375992063492064 0.5949074074074074 0.017857142857142856 0.03835978835978836
284 0.7579365079365079 0.6393849206349206 0.015873015873015872 0.040013227513227514
284 0.7424355158730159 0.6476521164021164 0.018105158730158732 0.03141534391534392
204 0.7476438492063492 0.7422288359788359 0.018601190476190476 0.040013227513227514
204 0.7511160714285714 0.701223544973545 0.02058531746031746 0.04265873015873016
204 0.7673611111111112 0.6979166666666666 0.018849206349206348 0.036044973544973546
204 0.7647569444444444 0.734457671957672 0.024057539682539684 0.041666666666666664
264 0.800719246031746 0.7258597883597884 0.021081349206349208 0.041666666666666664
264 0.7888144841269841 0.7202380952380952 0.02058531746031746 0.06349206349206349
264 0.7920386904761905 0.6896494708994709 0.024553571428571428 0.034722222222222224
264 0.8064236111111112 0.685681216931217 0.01314484126984127 0.028108465608465607
231 0.8257688492063492 0.6790674603174603 0.014632936507936508 0.03207671957671958
231 0.8370535714285714 0.6822089947089947 0.017361111111111112 0.03902116402116402
231 0.8313492063492064 0.7157738095238095 0.025793650793650792 0.03802910052910053
143 0.6876240079365079 0.7428902116402116 0.03993055555555555 0.03935185185185185
143 0.6861359126984127 0.7711640211640212 0.03695436507936508 0.04431216931216931
265 0.7135416666666666 0.7544642857142857 0.028273809523809524 0.050595238095238096
157 0.7264384920634921 0.7478505291005291 0.027281746031746032 0.04927248677248677
96 0.4738343253968254 0.8472222222222222 0.03298611111111111 0.056216931216931214
96 0.4758184523809524 0.7971230158730159 0.03695436507936508 0.0625
96 0.5048363095238095 0.8374669312169312 0.038938492063492064 0.055224867724867725
96 0.5099206349206349 0.7857142857142857 0.03968253968253968 0.06481481481481481
96 0.5414186507936508 0.7749669312169312 0.03273809523809524 0.05919312169312169
96 0.5389384920634921 0.8235780423280423 0.037698412698412696 0.0539021164021164
109 0.7239583333333334 0.6506283068783069 0.015873015873015872 0.04265873015873016
109 0.7052331349206349 0.654265873015873 0.019097222222222224 0.04332010582010582
