97 0.07323232323232323 0.1029664660361135 0.128099173553719 0.15950128976784178
97 0.19788797061524335 0.1029664660361135 0.1285583103764922 0.15004299226139295
181 0.31910009182736454 0.10425623387790198 0.11937557392102846 0.13972484952708514
181 0.4201101928374656 0.10812553740326741 0.11386593204775022 0.13972484952708514
181 0.5162993572084481 0.10812553740326741 0.09963269054178145 0.1362854686156492
187 0.6317722681359045 0.11564918314703354 0.10835629017447199 0.12123817712811694
187 0.7311753902662994 0.11564918314703354 0.09963269054178145 0.11865864144453998
23 0.8308080808080808 0.11564918314703354 0.09963269054178145 0.12209802235597593
23 0.9194214876033058 0.11693895098882201 0.08677685950413223 0.11693895098882201
305 0.9554637281910009 0.29707652622527947 0.07713498622589532 0.09114359415305245
78 0.8902662993572085 0.29707652622527947 0.07713498622589532 0.09114359415305245
78 0.821625344352617 0.29707652622527947 0.07667584940312214 0.09114359415305245
328 0.7545913682277319 0.2947119518486672 0.07208448117539026 0.1001719690455718
328 0.6825068870523416 0.2921324161650903 0.07851239669421488 0.1061908856405847
14 0.6065197428833793 0.2947119518486672 0.0743801652892562 0.10275150472914875
148 0.5307621671258035 0.2947119518486672 0.0743801652892562 0.10275150472914875
34 0.43847566574839303 0.27429062768701634 0.11019283746556474 0.15047291487532244
34 0.3351698806244261 0.2768701633705933 0.11386593204775022 0.15047291487532244
29 0.21602387511478421 0.28460877042132415 0.11891643709825528 0.1358555460017197
29 0.07323232323232323 0.2843938091143594 0.128099173553719 0.13800515907136715
342 0.10927456382001836 0.48258813413585555 0.12304866850321396 0.14230438521066208
342 0.2231404958677686 0.4774290627687016 0.11386593204775022 0.13714531384350817
30 0.3370064279155188 0.46732588134135855 0.11386593204775022 0.14445399828030955
30 0.44214876033057854 0.4647463456577816 0.11386593204775022 0.14273430782459157
164 0.5505050505050505 0.4724849527085125 0.09733700642791551 0.12123817712811694
164 0.6320018365472911 0.47098022355975927 0.08677685950413223 0.11908856405846947
164 0.7222222222222222 0.4660361134995701 0.09090909090909091 0.12553740326741186
164 0.8037190082644629 0.4647463456577816 0.08677685950413223 0.12123817712811694
261 0.8976124885215794 0.4724849527085125 0.06978879706152434 0.09544282029234738
261 0.9664830119375574 0.471195184866724 0.06519742883379247 0.09114359415305245
75 0.9609733700642792 0.6640154772141015 0.0743801652892562 0.1061908856405847
75 0.8868227731864096 0.6603611349957008 0.081267217630854 0.12123817712811694
194 0.8037190082644629 0.6693895098882201 0.081267217630854 0.11435941530524506
194 0.7277318640955005 0.6717540842648323 0.08264462809917356 0.12166809974204643
53 0.6317722681359045 0.6754084264832331 0.09733700642791551 0.12553740326741186
53 0.5268595041322314 0.67798796216681 0.09963269054178145 0.13155631986242478
130 0.4292929292929293 0.6754084264832331 0.11019283746556474 0.15047291487532244
130 0.31910009182736454 0.680567497850387 0.11202938475665748 0.15563198624247634
289 0.2125803489439853 0.693250214961307 0.11937557392102846 0.14230438521066208
289 0.09848484848484848 0.7009888220120378 0.11248852157943066 0.14230438521066208
161 0.40932047750229567 0.883920894239037 0.07483930211202938 0.12553740326741186
218 0.23415977961432508 0.8748925193465176 0.10651974288337925 0.16766981943250214
218 0.1147842056932966 0.9028374892519346 0.14508723599632692 0.19260533104041272
61 0.546831955922865 0.8495270851246776 0.08264462809917356 0.13155631986242478
7 0.6264921946740128 0.8445829750644884 0.081267217630854 0.1534823731728289
85 0.7311753902662994 0.8407136715391229 0.08677685950413223 0.1534823731728289
85 0.8142791551882461 0.8521066208082545 0.08677685950413223 0.1349957007738607
85 0.917584940312213 0.8456577815993122 0.08677685950413223 0.15047291487532244
15 0.9680899908172635 0.807609630266552 0.06014692378328742 0.1354256233877902
97 0.5505050505050505 0.764402407566638 0.08080808080808081 0.037833190025795355
