78 0.2677443798939126 0.15067427385892115 0.047991917150795656 0.1187759336099585
47 0.30348572871937357 0.14600622406639005 0.04874968426370296 0.12396265560165975
47 0.3372063652437484 0.14445020746887965 0.049002273301338724 0.12396265560165975
117 0.3800202071230109 0.14133817427385892 0.04874968426370296 0.12188796680497925
117 0.42081333670118715 0.1366701244813278 0.04698156100025259 0.12188796680497925
93 0.47246779489770147 0.1338174273858921 0.04824450618843142 0.12136929460580913
93 0.5132609244758778 0.1338174273858921 0.04698156100025259 0.12448132780082988
75 0.7380651679717101 0.1078838174273859 0.057085122505683254 0.14107883817427386
75 0.7847941399343269 0.10632780082987552 0.05405405405405406 0.1441908713692946
75 0.8374589542813842 0.1016597510373444 0.054306643091689824 0.14937759336099585
194 0.8982066178327861 0.09699170124481328 0.07325082091437232 0.15560165975103735
194 0.9539025006314726 0.09232365145228216 0.06693609497347815 0.1504149377593361
214 0.9151300833543824 0.3220954356846473 0.06920939631220005 0.12551867219917012
214 0.8653700429401364 0.3223547717842324 0.05203334175296792 0.12188796680497925
214 0.8236928517302349 0.3223547717842324 0.05203334175296792 0.1187759336099585
355 0.47448850719878755 0.4600622406639004 0.03713058853245769 0.11929460580912864
61 0.5053043697903511 0.4678423236514523 0.03713058853245769 0.1078838174273859
61 0.5391513008335438 0.4678423236514523 0.03713058853245769 0.1078838174273859
61 0.5740085880272796 0.4675829875518672 0.03713058853245769 0.10529045643153527
61 0.6048244506188432 0.4678423236514523 0.03713058853245769 0.1078838174273859
61 0.700303106845163 0.4675829875518672 0.04016165698408689 0.11151452282157677
201 0.7370548118211669 0.4675829875518672 0.04243495832280879 0.10840248962655602
201 0.8047486739075524 0.4675829875518672 0.04091942409699419 0.10840248962655602
108 0.8953018438999747 0.4600622406639004 0.059863601919676684 0.12136929460580913
315 0.9061631725183127 0.5902489626556017 0.051780752715332154 0.09647302904564316
315 0.8523617075018944 0.5871369294605809 0.03965647890881536 0.09439834024896265
315 0.8176307148269765 0.587396265560166 0.04597120484970952 0.09595435684647304
315 0.7719120990149028 0.5793568464730291 0.04243495832280879 0.09439834024896265
260 0.7320030310684517 0.5765041493775933 0.04091942409699419 0.09387966804979253
260 0.6982823945440768 0.5871369294605809 0.03612023238191463 0.09439834024896265
260 0.6693609497347816 0.5902489626556017 0.04091942409699419 0.09647302904564316
261 0.5410457186158121 0.5902489626556017 0.035362465269007326 0.09439834024896265
261 0.5093457943925234 0.5902489626556017 0.03965647890881536 0.09647302904564316
261 0.4844657741854004 0.5871369294605809 0.03233139681737813 0.09439834024896265
23 0.4636271785804496 0.7103215767634855 0.051780752715332154 0.10943983402489627
23 0.4228340490022733 0.7035788381742739 0.050012629451881785 0.1187759336099585
162 0.382040919424097 0.6991701244813278 0.051780752715332154 0.11099585062240663
162 0.34629957059863603 0.695798755186722 0.05203334175296792 0.1187759336099585
355 0.3033594342005557 0.7004668049792531 0.05203334175296792 0.11151452282157677
355 0.2637029552917403 0.6929460580912863 0.04597120484970952 0.11099585062240663
191 0.17504420308158625 0.7007261410788381 0.05910583480676938 0.11514522821576763
34 0.04294013639808032 0.6926867219917012 0.05203334175296792 0.12188796680497925
34 0.01919676686031826 0.6898340248962656 0.029300328365748928 0.12136929460580913
205 0.14043950492548624 0.8612551867219918 0.07729224551654458 0.16026970954356848
205 0.19802980550644103 0.8137966804979253 0.05961101288204092 0.09439834024896265
85 0.3223036120232382 0.8475103734439834 0.05203334175296792 0.13070539419087138
85 0.4665319525132609 0.8521784232365145 0.037383177570093455 0.13070539419087138
221 0.5471078555190705 0.8353215767634855 0.04243495832280879 0.09387966804979253
7 0.5988886082344026 0.8262448132780082 0.03334175296792119 0.08609958506224066
7 0.6386713816620359 0.9027489626556017 0.05380146501641829 0.14159751037344398
7 0.602803738317757 0.9011929460580913 0.031068451629199294 0.1187759336099585
35 0.6928517302349078 0.8949688796680498 0.05203334175296792 0.13018672199170125
35 0.7301086132861834 0.8921161825726142 0.04016165698408689 0.11203319502074689
15 0.7639555443293761 0.9193464730290456 0.04874968426370296 0.1187759336099585
15 0.7917403384693105 0.9196058091286307 0.059863601919676684 0.11514522821576763
15 0.8435210911846426 0.9027489626556017 0.059863601919676684 0.13641078838174273
201 0.8335438241980299 0.4600622406639004 0.049002273301338724 0.11514522821576763
201 0.7719120990149028 0.4678423236514523 0.04243495832280879 0.1078838174273859
61 0.6683505935842384 0.4678423236514523 0.04091942409699419 0.1078838174273859
61 0.6356403132104067 0.4678423236514523 0.038140944683000756 0.1078838174273859
121 0.4297802475372569 0.3220954356846473 0.049760040414246025 0.1504149377593361
121 0.36903258398585503 0.32676348547717843 0.05809547865622632 0.15560165975103735
30 0.32432432432432434 0.33143153526970953 0.05809547865622632 0.15560165975103735
30 0.2745642839100783 0.33143153526970953 0.05809547865622632 0.15560165975103735
181 0.21987875726193484 0.33143153526970953 0.059863601919676684 0.15560165975103735
181 0.17213942914877495 0.33895228215767637 0.057842889618590555 0.15508298755186722
181 0.12541045718615812 0.3392116182572614 0.06289467037130589 0.1504149377593361
305 0.18716847688810306 0.15845435684647302 0.049002273301338724 0.10840248962655602
78 0.22884566809800455 0.15067427385892115 0.05203334175296792 0.1187759336099585
191 0.0915635261429654 0.6942427385892116 0.059863601919676684 0.12188796680497925
191 0.12743116948724426 0.7007261410788381 0.059863601919676684 0.11514522821576763
355 0.21987875726193484 0.6945020746887967 0.059863601919676684 0.11514522821576763
186 0.5505178075271533 0.11981327800829876 0.03157362970447083 0.06327800829875518
186 0.5752715332154584 0.11851659751037344 0.02955291740338469 0.06275933609958506
268 0.6011619095731245 0.11644190871369295 0.030815862591563527 0.0637966804979253
268 0.6271785804496085 0.11696058091286307 0.02828997221520586 0.0637966804979253
268 0.6271785804496085 0.16390041493775934 0.02828997221520586 0.052904564315352696
268 0.6192220257640818 0.0728734439834025 0.031068451629199294 0.05549792531120332
268 0.6012882040919424 0.16493775933609958 0.03056327355392776 0.05394190871369295
186 0.5748926496590048 0.16597510373443983 0.029300328365748928 0.05394190871369295
186 0.5500126294518818 0.16779045643153526 0.030058095478656226 0.05342323651452282
197 0.020964890123768627 0.5381224066390041 0.033846931043192724 0.11255186721991702
197 0.044076787067441274 0.5414937759336099 0.06188431422076282 0.12240663900414937
97 0.08499621116443547 0.5363070539419087 0.06289467037130589 0.13485477178423236
97 0.1270522859307906 0.5344917012448133 0.06264208133367012 0.1395228215767635
130 0.17049760040414247 0.5339730290456431 0.06011619095731245 0.1395228215767635
130 0.218615812073756 0.5311203319502075 0.07097751957565042 0.14522821576763487
29 0.3494569335690831 0.5355290456431535 0.061379136145491286 0.137448132780083
29 0.3937863096741601 0.5264522821576764 0.04849709522606719 0.13796680497925312
29 0.43609497347815107 0.5391597510373444 0.05481182116696135 0.14263485477178423
164 0.7010608739580703 0.7152489626556017 0.04925486233897449 0.12551867219917012
164 0.7442535993937863 0.7155082987551867 0.04874968426370296 0.125
145 0.7938873452892145 0.720695020746888 0.05203334175296792 0.11981327800829876
145 0.8359434200555695 0.720954356846473 0.05380146501641829 0.12033195020746888
145 0.8817883303864612 0.720695020746888 0.05910583480676938 0.13433609958506224
187 0.5154079312957818 0.7118775933609959 0.047234150037888355 0.1146265560165975
187 0.5597373074008588 0.7053941908713693 0.04496084869916646 0.11099585062240663
342 0.6087395807021975 0.7113589211618258 0.050012629451881785 0.12396265560165975
342 0.6518060116190957 0.7012448132780082 0.045213437736802226 0.10477178423236515
218 0.07438747158373327 0.8342842323651453 0.051780752715332154 0.14159751037344398
218 0.040666835059358426 0.8319502074688797 0.056074766355140186 0.14107883817427386
218 0.01944935589795403 0.8309128630705395 0.030815862591563527 0.13900414937759337
180 0.08411214953271028 0.7614107883817427 0.006062136903258399 0.00933609958506224
15 0.07325082091437232 0.7658195020746889 0.018691588785046728 0.01815352697095436
