273 0.03902116402116402 0.37351190476190477 0.07738095238095238 0.06001984126984127
273 0.040013227513227514 0.4095982142857143 0.08002645502645503 0.04538690476190476
273 0.040013227513227514 0.43898809523809523 0.08002645502645503 0.049107142857142856
273 0.040013227513227514 0.47606646825396826 0.08002645502645503 0.05233134920634921
351 0.17377645502645503 0.6128472222222222 0.13128306878306878 0.05853174603174603
351 0.17179232804232805 0.5698164682539683 0.13657407407407407 0.058779761904761904
351 0.17179232804232805 0.5337301587301587 0.13128306878306878 0.05803571428571429
41 0.167989417989418 0.47606646825396826 0.13095238095238096 0.05233134920634921
41 0.16220238095238096 0.43601190476190477 0.14384920634920634 0.05555555555555555
41 0.15922619047619047 0.3950892857142857 0.14914021164021163 0.05853174603174603
128 0.25281084656084657 0.06584821428571429 0.18154761904761904 0.05927579365079365
88 0.259755291005291 0.28856646825396826 0.15376984126984128 0.061755952380952384
41 0.2802579365079365 0.3949652777777778 0.14384920634920634 0.056299603174603176
41 0.2830687830687831 0.4340277777777778 0.13822751322751323 0.05555555555555555
41 0.283234126984127 0.4701140873015873 0.13194444444444445 0.050347222222222224
351 0.29398148148148145 0.5277777777777778 0.12301587301587301 0.056051587301587304
351 0.29976851851851855 0.5669642857142857 0.13128306878306878 0.05853174603174603
351 0.30076058201058203 0.6040426587301587 0.12334656084656084 0.05530753968253968
232 0.5625 0.4554811507936508 0.14417989417989419 0.056299603174603176
232 0.560515873015873 0.40674603174603174 0.15343915343915343 0.06646825396825397
232 0.675760582010582 0.3627232142857143 0.16302910052910052 0.05927579365079365
232 0.671792328042328 0.4429563492063492 0.14384920634920634 0.05803571428571429
139 0.751984126984127 0.07564484126984126 0.17195767195767195 0.0679563492063492
139 0.5965608465608465 0.06101190476190476 0.17394179894179895 0.06646825396825397
139 0.5858134920634921 0.022941468253968252 0.14649470899470898 0.04538690476190476
48 0.43253968253968256 0.025917658730158732 0.15343915343915343 0.05133928571428571
313 0.421957671957672 0.17137896825396826 0.15343915343915343 0.08581349206349206
313 0.421792328042328 0.25731646825396826 0.16302910052910052 0.13219246031746032
48 0.4130291005291005 0.06882440476190477 0.17394179894179895 0.0662202380952381
128 0.265707671957672 0.023065476190476192 0.16104497354497355 0.046130952380952384
88 0.265707671957672 0.18799603174603174 0.16302910052910052 0.061507936507936505
88 0.265707671957672 0.2378472222222222 0.16302910052910052 0.07142857142857142
88 0.12003968253968254 0.29055059523809523 0.1626984126984127 0.05927579365079365
88 0.12003968253968254 0.2456597222222222 0.1626984126984127 0.061755952380952384
88 0.11722883597883597 0.19084821428571427 0.16104497354497355 0.0662202380952381
110 0.07622354497354497 0.5492311507936508 0.15178571428571427 0.05580357142857143
110 0.07622354497354497 0.5922619047619048 0.15244708994708994 0.060515873015873016
110 0.07622354497354497 0.6274801587301587 0.15244708994708994 0.05555555555555555
185 0.4236111111111111 0.5625 0.08994708994708994 0.10615079365079365
6 0.5813492063492064 0.5797371031746031 0.2056878306878307 0.06324404761904762
6 0.583994708994709 0.5375744047619048 0.210978835978836 0.08209325396825397
43 0.12962962962962962 0.8349454365079365 0.11243386243386243 0.06076388888888889
43 0.12962962962962962 0.8735119047619048 0.11243386243386243 0.06398809523809523
43 0.12648809523809523 0.9159226190476191 0.10615079365079365 0.06646825396825397
43 0.1292989417989418 0.9630456349206349 0.11177248677248677 0.07390873015873016
43 0.12962962962962962 0.9854910714285714 0.11243386243386243 0.029017857142857144
43 0.12466931216931217 0.8005952380952381 0.10251322751322751 0.052083333333333336
80 0.33630952380952384 0.7689732142857143 0.21957671957671956 0.06125992063492063
80 0.3544973544973545 0.8541666666666666 0.24933862433862433 0.11507936507936507
80 0.3665674603174603 0.9239831349206349 0.25297619047619047 0.10540674603174603
80 0.3844246031746032 0.958953373015873 0.2767857142857143 0.08209325396825397
102 0.6327711640211641 0.9012896825396826 0.25363756613756616 0.1056547619047619
102 0.6240079365079365 0.9320436507936508 0.251984126984127 0.05406746031746032
102 0.5696097883597884 0.8149801587301587 0.20932539682539683 0.08680555555555555
102 0.5596891534391535 0.7704613095238095 0.2080026455026455 0.07762896825396826
283 0.5543981481481481 0.6334325396825397 0.22123015873015872 0.051587301587301584
283 0.5543981481481481 0.6564980158730159 0.22123015873015872 0.052083333333333336
283 0.5553902116402116 0.6842757936507936 0.21858465608465608 0.062003968253968256
355 0.14715608465608465 0.6956845238095238 0.12037037037037036 0.06746031746031746
355 0.1527777777777778 0.7263144841269841 0.1164021164021164 0.06473214285714286
220 0.08746693121693122 0.053075396825396824 0.15906084656084657 0.04563492063492063
220 0.08746693121693122 0.019469246031746032 0.15773809523809523 0.037450396825396824
275 0.3318452380952381 0.6945684523809523 0.21924603174603174 0.06820436507936507
139 0.75380291005291 0.027405753968253968 0.1722883597883598 0.04836309523809524
