75 0.07966101694915254 0.14781401804302569 0.08813559322033898 0.12074947952810548
78 0.07627118644067797 0.3684941013185288 0.1016949152542373 0.11103400416377515
78 0.1694915254237288 0.3695350451075642 0.10677966101694915 0.11311589174184594
277 0.2699152542372881 0.366412213740458 0.12966101694915255 0.12213740458015267
277 0.39152542372881355 0.36433032616238725 0.1271186440677966 0.12213740458015267
261 0.5050847457627119 0.3140180430256766 0.08813559322033898 0.0922970159611381
261 0.5885593220338983 0.315058986814712 0.09576271186440678 0.09299097848716169
22 0.6720338983050848 0.31158917418459403 0.08305084745762711 0.09576682859125607
22 0.7419491525423729 0.31158917418459403 0.08728813559322034 0.09576682859125607
61 0.823728813559322 0.3188757807078418 0.08813559322033898 0.08396946564885496
61 0.8974576271186441 0.3199167244968772 0.08813559322033898 0.08605135322692574
61 0.9652542372881356 0.32095766828591255 0.06949152542372881 0.08396946564885496
14 0.8902542372881356 0.15614156835530882 0.09576271186440678 0.1179736294240111
14 0.7872881355932203 0.1551006245662734 0.09830508474576272 0.12283136710617627
328 0.6970338983050848 0.15197779319916724 0.10254237288135593 0.1179736294240111
328 0.6050847457627119 0.15197779319916724 0.09830508474576272 0.11658570437196392
148 0.5415254237288135 0.15371269951422623 0.06949152542372881 0.11311589174184594
148 0.49322033898305084 0.14989590562109645 0.1016949152542373 0.12213740458015267
305 0.06652542372881357 0.549618320610687 0.10084745762711865 0.11103400416377515
305 0.15296610169491526 0.5503122831367107 0.10084745762711865 0.10825815405968078
117 0.24491525423728813 0.5537820957668286 0.1 0.10131852879944483
117 0.3233050847457627 0.5527411519777932 0.10084745762711865 0.10478834142956281
117 0.4101694915254237 0.5506592643997225 0.09661016949152543 0.10478834142956281
315 0.5050847457627119 0.5853573907009022 0.08305084745762711 0.0922970159611381
315 0.5771186440677966 0.5895211658570437 0.08813559322033898 0.08813324080499653
315 0.6584745762711864 0.5884802220680083 0.08813559322033898 0.09299097848716169
315 0.7266949152542372 0.582234559333796 0.08050847457627118 0.09299097848716169
15 0.9271186440677966 0.9236641221374046 0.14576271186440679 0.09715475364330327
15 0.9385593220338984 0.8313671061762665 0.07711864406779662 0.09854267869535045
35 0.7067796610169491 0.9111727966689799 0.09830508474576272 0.12074947952810548
35 0.7906779661016949 0.9094378903539209 0.10677966101694915 0.11311589174184594
85 0.5944915254237289 0.8643303261623873 0.12966101694915255 0.10340041637751561
85 0.5 0.8938237335183901 0.1271186440677966 0.06939625260235947
145 0.21949152542372882 0.7133934767522554 0.10677966101694915 0.12213740458015267
145 0.11313559322033899 0.7154753643303262 0.12627118644067797 0.12213740458015267
214 0.7953389830508475 0.7279666897987509 0.08898305084745763 0.09021512838306732
214 0.8686440677966102 0.7279666897987509 0.0847457627118644 0.09021512838306732
214 0.9423728813559322 0.7279666897987509 0.08305084745762711 0.09021512838306732
164 0.31949152542372883 0.7133934767522554 0.11016949152542373 0.1179736294240111
164 0.4139830508474576 0.7144344205412908 0.11440677966101695 0.11727966689798751
201 0.5012711864406779 0.45281054823039557 0.08728813559322034 0.08952116585704371
201 0.5783898305084746 0.45281054823039557 0.08389830508474576 0.08952116585704371
201 0.6529661016949152 0.4531575294934074 0.08389830508474576 0.08882720333102012
201 0.7271186440677966 0.45246356696738377 0.07796610169491526 0.08743927827897294
260 0.8025423728813559 0.4573213046495489 0.07966101694915254 0.08049965301873699
261 0.8733050847457627 0.4583622484385843 0.08389830508474576 0.08258154059680778
260 0.9470338983050848 0.4583622484385843 0.08220338983050847 0.08258154059680778
186 0.7906779661016949 0.5725190839694656 0.0576271186440678 0.04996530187369882
186 0.7872881355932203 0.6061762664816099 0.05423728813559322 0.04233171408743928
186 0.8402542372881356 0.6068702290076335 0.05847457627118644 0.04233171408743928
186 0.8427966101694915 0.5725190839694656 0.06016949152542373 0.048577376821651634
268 0.8923728813559322 0.5943789035392089 0.05593220338983051 0.05065926439972242
268 0.9059322033898305 0.5596807772380291 0.05593220338983051 0.049271339347675226
268 0.95 0.6058292852185982 0.06271186440677966 0.04718945176960444
221 0.3889830508474576 0.8709229701596114 0.1423728813559322 0.04718945176960444
205 0.07838983050847458 0.8605135322692574 0.15169491525423728 0.15405968077723803
