53 0.17628865979381445 0.05537590945836702 0.17525773195876287 0.11075181891673404
29 0.5742268041237113 0.10630557801131771 0.20412371134020618 0.12368633791430882
29 0.7731958762886598 0.1269199676637025 0.1979381443298969 0.1293451899757478
29 0.8855670103092783 0.14672594987873888 0.1134020618556701 0.11398544866612773
130 0.6381443298969072 0.2974939369442199 0.12989690721649486 0.12611156022635409
130 0.5030927835051546 0.2906224737267583 0.15670103092783505 0.14147130153597412
130 0.34845360824742266 0.28455941794664513 0.2020618556701031 0.15683104284559418
130 0.13195876288659794 0.27607113985448667 0.23917525773195877 0.17704122877930478
197 0.843298969072165 0.4462409054163298 0.10721649484536082 0.09700889248181083
197 0.756701030927835 0.4611964430072757 0.1154639175257732 0.09620048504446241
187 0.6412371134020619 0.46725949878738887 0.12783505154639174 0.10509296685529507
187 0.49690721649484537 0.4793856103476152 0.2020618556701031 0.1293451899757478
342 0.17422680412371133 0.4995957962813258 0.21649484536082475 0.15683104284559418
181 0.18453608247422681 0.711802748585287 0.24536082474226803 0.1544058205335489
181 0.35876288659793815 0.6632983023443816 0.12783505154639174 0.14793856103476152
181 0.5030927835051546 0.6459175424413904 0.1979381443298969 0.15359741309620048
181 0.6288659793814433 0.6135812449474535 0.1402061855670103 0.1293451899757478
97 0.7309278350515463 0.597413096200485 0.11752577319587629 0.12287793047696038
29 0.9649484536082474 0.15642683912691996 0.06597938144329897 0.11883589329021826
30 0.7546391752577319 0.30234438156831045 0.11134020618556702 0.11802748585286985
30 0.8546391752577319 0.30638641875505257 0.10103092783505155 0.1099434114793856
30 0.9360824742268041 0.30962004850444624 0.0865979381443299 0.10185933710590138
130 0.6948453608247422 0.30234438156831045 0.020618556701030927 0.11802748585286985
23 0.9216494845360824 0.4462409054163298 0.0577319587628866 0.10509296685529507
23 0.9762886597938144 0.43896523848019403 0.04742268041237113 0.10347615198059822
97 0.8237113402061855 0.5828617623282134 0.10515463917525773 0.11156022635408246
97 0.9 0.5658852061438965 0.10927835051546392 0.10185933710590138
97 0.9670103092783505 0.547696038803557 0.06597938144329897 0.09296685529506872
205 0.9474226804123711 0.6742118027485853 0.10103092783505155 0.13257881972514146
218 0.8092783505154639 0.7360549717057397 0.16288659793814433 0.15278900565885206
218 0.668041237113402 0.759498787388844 0.18556701030927836 0.15117219078415522
34 0.5195876288659794 0.7922392886014551 0.16494845360824742 0.13419563459983833
34 0.3628865979381443 0.8403395311236863 0.1979381443298969 0.15925626515763944
34 0.2020618556701031 0.9074373484236055 0.24742268041237114 0.18350848827809216
342 0.31649484536082473 0.4902991107518189 0.15876288659793814 0.1463217461600647
