140 0.04217128027681661 0.06725230414746544 0.08434256055363322 0.13392857142857142
39 0.18739186851211073 0.29377880184331795 0.05082179930795848 0.10311059907834101
39 0.23323961937716264 0.30256336405529954 0.04865916955017301 0.10339861751152074
39 0.2772491349480969 0.30544354838709675 0.048875432525951557 0.09994239631336406
39 0.3202854671280277 0.3094758064516129 0.045847750865051905 0.09994239631336406
21 0.3583477508650519 0.3132200460829493 0.042820069204152246 0.09994239631336406
21 0.3914359861591695 0.3182603686635945 0.037197231833910036 0.0944700460829493
21 0.4227941176470588 0.32214861751152074 0.034169550173010384 0.089573732718894
21 0.4539359861591695 0.3241647465437788 0.034169550173010384 0.089573732718894
143 0.4998918685121107 0.3182603686635945 0.060337370242214534 0.059907834101382486
143 0.5643382352941176 0.3191244239631336 0.051686851211072665 0.04723502304147465
143 0.567257785467128 0.35815092165898615 0.05579584775086505 0.04003456221198157
143 0.5037846020761245 0.35527073732718895 0.06639273356401384 0.04176267281105991
207 0.6101859861591695 0.3172523041474654 0.032655709342560554 0.05673963133640553
207 0.6453287197231834 0.3182603686635945 0.03200692041522491 0.052995391705069124
236 0.6766868512110726 0.3241647465437788 0.03027681660899654 0.053283410138248846
236 0.7019896193771626 0.3290610599078341 0.03200692041522491 0.048099078341013825
355 0.7303200692041523 0.3309331797235023 0.034169550173010384 0.04550691244239631
355 0.7264273356401384 0.36607142857142855 0.034169550173010384 0.04550691244239631
236 0.6747404844290658 0.36506336405529954 0.034169550173010384 0.04406682027649769
207 0.6453287197231834 0.3621831797235023 0.034169550173010384 0.04349078341013825
207 0.611159169550173 0.3611751152073733 0.029411764705882353 0.041474654377880185
82 0.6454368512110726 0.45305299539170507 0.030493079584775085 0.07603686635944701
82 0.6102941176470589 0.45305299539170507 0.029411764705882353 0.07776497695852534
233 0.5682309688581315 0.4529089861751152 0.03957612456747405 0.0820852534562212
233 0.4998918685121107 0.451036866359447 0.03179065743944637 0.08294930875576037
250 0.4686418685121107 0.4773905529953917 0.034169550173010384 0.04579493087557604
250 0.4344723183391003 0.4559331797235023 0.03503460207612457 0.08525345622119816
244 0.3915441176470588 0.4246831797235023 0.05082179930795848 0.06307603686635944
244 0.3416955017301038 0.42065092165898615 0.052768166089965395 0.06653225806451613
52 0.2791955017301038 0.419786866359447 0.057525951557093426 0.06422811059907835
52 0.20891003460207613 0.41777073732718895 0.06963667820069204 0.06653225806451613
52 0.2782223183391003 0.483294930875576 0.057742214532871976 0.05414746543778802
244 0.3416955017301038 0.48127880184331795 0.05060553633217993 0.051267281105990783
244 0.3914359861591695 0.4804147465437788 0.04974048442906574 0.04665898617511521
52 0.2118295847750865 0.4861751152073733 0.06639273356401384 0.056451612903225805
338 0.2734645328719723 0.5620679723502304 0.14554498269896193 0.06883640552995392
338 0.27292387543252594 0.6058467741935484 0.1453287197231834 0.049827188940092165
338 0.39878892733564014 0.5982142857142857 0.10813148788927336 0.05933179723502304
338 0.3993295847750865 0.5519873271889401 0.11094290657439447 0.0538594470046083
243 0.26805795847750863 0.747839861751152 0.11397058823529412 0.061347926267281104
243 0.26762543252595156 0.7013248847926268 0.11397058823529412 0.0846774193548387
243 0.3708910034602076 0.686491935483871 0.092560553633218 0.05846774193548387
243 0.3717560553633218 0.7266705069124424 0.09429065743944637 0.06509216589861751
329 0.24480968858131488 0.8859447004608295 0.06963667820069204 0.13076036866359447
329 0.3078503460207612 0.8597350230414746 0.059039792387543255 0.12557603686635946
329 0.37532439446366783 0.8313652073732719 0.05082179930795848 0.12471198156682027
62 0.4286332179930796 0.8227246543778802 0.042820069204152246 0.09879032258064516
62 0.4740484429065744 0.8045794930875576 0.04757785467128028 0.09706221198156682
209 0.5222750865051903 0.7688652073732719 0.042820069204152246 0.061347926267281104
209 0.5209775086505191 0.8100518433179723 0.04065743944636678 0.04925115207373272
208 0.5990484429065744 0.7321428571428571 0.030709342560553632 0.06624423963133641
208 0.5978589965397924 0.7763536866359447 0.02833044982698962 0.04349078341013825
33 0.6301903114186851 0.7407834101382489 0.0592560553633218 0.09331797235023041
33 0.6708477508650519 0.7319988479262672 0.04368512110726644 0.08093317972350231
33 0.686310553633218 0.7259504608294931 0.012326989619377162 0.06883640552995392
33 0.7078287197231834 0.7216301843317973 0.02768166089965398 0.06826036866359447
96 0.728265570934256 0.7298387096774194 0.01967993079584775 0.03571428571428571
96 0.729455017301038 0.695852534562212 0.022058823529411766 0.043202764976958526
96 0.7444852941176471 0.7232142857142857 0.025735294117647058 0.03513824884792627
96 0.7478373702422145 0.688508064516129 0.026816608996539794 0.04118663594470046
209 0.5623918685121108 0.7572004608294931 0.03741349480968858 0.05414746543778802
209 0.5615268166089965 0.7929147465437788 0.0361159169550173 0.0478110599078341
355 0.7914143598615917 0.5914458525345622 0.022707612456747406 0.03773041474654378
355 0.7731401384083045 0.5941820276497696 0.024653979238754325 0.036290322580645164
355 0.768598615916955 0.6241359447004609 0.02032871972318339 0.029953917050691243
355 0.7861159169550173 0.6196716589861752 0.021193771626297576 0.029089861751152073
66 0.6790657439446367 0.6201036866359447 0.03157439446366782 0.039746543778801845
66 0.6773356401384083 0.6480414746543779 0.028114186851211073 0.03052995391705069
66 0.7038278546712803 0.642713133640553 0.030060553633217992 0.029089861751152073
355 0.7057742214532872 0.6141993087557603 0.03092560553633218 0.036578341013824886
86 0.6132136678200693 0.6244239631336406 0.0361159169550173 0.05069124423963134
86 0.6403546712802768 0.6177995391705069 0.03633217993079585 0.04608294930875576
355 0.6423010380622838 0.6545218894009217 0.032439446366782004 0.03888248847926267
86 0.6110510380622838 0.6598502304147466 0.031358131487889275 0.03398617511520737
246 0.5753676470588235 0.6316244239631337 0.041306228373702424 0.054723502304147464
246 0.573961937716263 0.6723790322580645 0.038494809688581315 0.04349078341013825
349 0.4930795847750865 0.6486175115207373 0.037197231833910036 0.05587557603686636
349 0.4927551903114187 0.6915322580645161 0.03654844290657439 0.04377880184331797
246 0.5322231833910035 0.6826036866359447 0.04325259515570934 0.04665898617511521
246 0.5297361591695502 0.6424251152073732 0.04822664359861592 0.0538594470046083
349 0.45523356401384085 0.6622983870967742 0.04022491349480969 0.0527073732718894
349 0.45501730103806226 0.7021889400921659 0.0393598615916955 0.044930875576036866
84 0.5113538062283737 0.5410426267281107 0.09061418685121107 0.05558755760368664
84 0.5896410034602076 0.5335541474654378 0.07504325259515571 0.04867511520737327
84 0.5892084775086506 0.5722926267281107 0.07504325259515571 0.04435483870967742
84 0.5109212802768166 0.5773329493087558 0.09018166089965397 0.034274193548387094
132 0.6507352941176471 0.5272177419354839 0.04022491349480969 0.04521889400921659
132 0.6836072664359861 0.522897465437788 0.03676470588235294 0.0429147465437788
132 0.6473832179930796 0.563508064516129 0.035683391003460206 0.036578341013824886
132 0.6806877162629758 0.558323732718894 0.03308823529411765 0.036002304147465435
109 0.732590830449827 0.6015264976958525 0.021410034602076123 0.038306451612903226
109 0.7514057093425606 0.600086405529954 0.017084775086505192 0.03542626728110599
109 0.7491349480968859 0.6298963133640553 0.021193771626297576 0.03110599078341014
109 0.7320501730103807 0.6334965437788018 0.02032871972318339 0.031394009216589865
271 0.8048226643598616 0.5151209677419355 0.0231401384083045 0.031394009216589865
271 0.7988754325259516 0.5439228110599078 0.022058823529411766 0.029089861751152073
271 0.7863321799307958 0.5164170506912442 0.02162629757785467 0.032834101382488476
271 0.7797361591695502 0.5460829493087558 0.02097750865051903 0.0293778801843318
296 0.7637326989619377 0.517713133640553 0.025302768166089964 0.03542626728110599
296 0.7585423875432526 0.5491071428571429 0.023572664359861592 0.02966589861751152
296 0.7424307958477508 0.5188652073732719 0.02897923875432526 0.036002304147465435
296 0.7395112456747405 0.5496831797235023 0.023572664359861592 0.028513824884792628
280 0.49405276816608995 0.12716013824884792 0.030060553633217992 0.08381336405529954
280 0.4937283737024221 0.19297235023041476 0.026816608996539794 0.06278801843317973
280 0.5194636678200693 0.2037730414746544 0.027249134948096887 0.06480414746543779
280 0.5208693771626297 0.13551267281105991 0.028762975778546713 0.08093317972350231
280 0.5472534602076125 0.14199308755760368 0.030060553633217992 0.07891705069124424
280 0.5454152249134948 0.20910138248847926 0.02768166089965398 0.06509216589861751
307 0.5756920415224913 0.1548099078341014 0.03157439446366782 0.07344470046082949
307 0.5727724913494809 0.21802995391705068 0.029195501730103806 0.059907834101382486
307 0.6002378892733564 0.16359447004608296 0.02703287197231834 0.07085253456221198
307 0.5976427335640139 0.22422235023041476 0.024005190311418685 0.05673963133640553
307 0.6211072664359861 0.1693548387096774 0.029411764705882353 0.06970046082949309
307 0.6192690311418685 0.2288306451612903 0.025735294117647058 0.05731566820276498
188 0.6440311418685121 0.17684331797235023 0.026384083044982697 0.0673963133640553
188 0.641219723183391 0.23444700460829493 0.025086505190311418 0.05357142857142857
188 0.6616565743944637 0.23948732718894009 0.023572664359861592 0.053283410138248846
188 0.6656574394463668 0.18173963133640553 0.025951557093425604 0.06566820276497695
68 0.6813365051903114 0.24467165898617513 0.02487024221453287 0.049827188940092165
68 0.6862024221453287 0.18994815668202766 0.027249134948096887 0.06077188940092166
68 0.7050173010380623 0.19671658986175114 0.02249134948096886 0.06048387096774194
3 0.22383217993079585 0.11506336405529954 0.09515570934256055 0.11664746543778802
3 0.3076340830449827 0.13896889400921658 0.07720588235294118 0.1016705069124424
38 0.36602508650519033 0.15034562211981567 0.038278546712802765 0.09965437788018433
38 0.4018166089965398 0.1611463133640553 0.03633217993079585 0.09360599078341014
38 0.435121107266436 0.16964285714285715 0.03330449826989619 0.09043778801843318
38 0.46539792387543255 0.17525921658986174 0.031141868512110725 0.09245391705069124
