13 0.06832837301587301 0.05357142857142857 0.07366071428571429 0.10714285714285714
13 0.1307043650793651 0.06431878306878307 0.05952380952380952 0.12731481481481483
294 0.18737599206349206 0.06415343915343916 0.0597718253968254 0.1283068783068783
294 0.23821924603174602 0.06812169312169312 0.04836309523809524 0.13624338624338625
11 0.287078373015873 0.10714285714285714 0.045882936507936505 0.11838624338624339
11 0.34164186507936506 0.1541005291005291 0.08159722222222222 0.09986772486772487
355 0.4021577380952381 0.1970899470899471 0.045882936507936505 0.06415343915343916
355 0.4402281746031746 0.21180555555555555 0.03968253968253968 0.05324074074074074
355 0.47445436507936506 0.22337962962962962 0.03422619047619048 0.04794973544973545
355 0.505828373015873 0.23115079365079366 0.038938492063492064 0.05423280423280423
323 0.5691964285714286 0.2371031746031746 0.054563492063492064 0.09193121693121693
355 0.6160714285714286 0.26455026455026454 0.04265873015873016 0.07605820105820106
355 0.6453373015873016 0.2751322751322751 0.03670634920634921 0.06878306878306878
355 0.6767113095238095 0.296792328042328 0.035962301587301584 0.05919312169312169
355 0.7030009920634921 0.2996031746031746 0.03943452380952381 0.061507936507936505
307 0.8807043650793651 0.3416005291005291 0.04265873015873016 0.04828042328042328
307 0.9091021825396826 0.3503637566137566 0.036458333333333336 0.04927248677248677
307 0.9393601190476191 0.3621031746031746 0.03943452380952381 0.041666666666666664
188 0.9686259920634921 0.4168320105820106 0.03298611111111111 0.0419973544973545
333 0.9872271825396826 0.42956349206349204 0.023065476190476192 0.03968253968253968
188 0.941344246031746 0.4150132275132275 0.031994047619047616 0.03571428571428571
307 0.9187748015873016 0.3993055555555556 0.037450396825396824 0.03935185185185185
307 0.8973214285714286 0.39533730158730157 0.03422619047619048 0.03935185185185185
68 0.8718998015873016 0.3835978835978836 0.031994047619047616 0.03968253968253968
52 0.7392113095238095 0.42956349206349204 0.0339781746031746 0.03968253968253968
52 0.7021329365079365 0.4080687830687831 0.03819444444444445 0.04365079365079365
244 0.6657986111111112 0.39914021164021163 0.045882936507936505 0.041666666666666664
244 0.6307043650793651 0.39351851851851855 0.03819444444444445 0.041666666666666664
244 0.605406746031746 0.3913690476190476 0.03819444444444445 0.03935185185185185
355 0.5329861111111112 0.36507936507936506 0.039186507936507936 0.0496031746031746
355 0.49107142857142855 0.36507936507936506 0.040674603174603176 0.041666666666666664
355 0.44518849206349204 0.3533399470899471 0.04563492063492063 0.04398148148148148
355 0.443328373015873 0.3143187830687831 0.045882936507936505 0.04927248677248677
355 0.49107142857142855 0.32589285714285715 0.04265873015873016 0.04794973544973545
355 0.5301339285714286 0.32605820105820105 0.04241071428571429 0.041666666666666664
39 0.5331101190476191 0.453042328042328 0.035962301587301584 0.05423280423280423
21 0.5751488095238095 0.4705687830687831 0.03373015873015873 0.05423280423280423
39 0.6072668650793651 0.49007936507936506 0.036458333333333336 0.06415343915343916
39 0.6405009920634921 0.4938822751322751 0.04290674603174603 0.06646825396825397
39 0.6805555555555556 0.501818783068783 0.03670634920634921 0.07043650793650794
231 0.10404265873015874 0.580026455026455 0.06473214285714286 0.07142857142857142
231 0.11619543650793651 0.5102513227513228 0.0662202380952381 0.07738095238095238
217 0.1786954365079365 0.5152116402116402 0.051835317460317464 0.06944444444444445
217 0.17956349206349206 0.5787037037037037 0.0496031746031746 0.06283068783068783
264 0.23685515873015872 0.5188492063492064 0.04861111111111111 0.061507936507936505
264 0.28335813492063494 0.5236441798941799 0.04439484126984127 0.05919312169312169
264 0.23412698412698413 0.5796957671957672 0.050595238095238096 0.06349206349206349
264 0.2805059523809524 0.5882936507936508 0.04861111111111111 0.06018518518518518
265 0.37487599206349204 0.5297619047619048 0.04092261904761905 0.0496031746031746
265 0.3306051587301587 0.5256283068783069 0.04365079365079365 0.05125661375661376
265 0.32998511904761907 0.5866402116402116 0.044890873015873016 0.041666666666666664
265 0.3743799603174603 0.5911044973544973 0.04290674603174603 0.0419973544973545
66 0.4280753968253968 0.5562169312169312 0.05009920634920635 0.04563492063492063
66 0.43092757936507936 0.5998677248677249 0.05580357142857143 0.04034391534391534
66 0.4826388888888889 0.6018518518518519 0.05109126984126984 0.03835978835978836
243 0.5489831349206349 0.5633267195767195 0.06870039682539683 0.044642857142857144
243 0.5512152777777778 0.6028439153439153 0.07316468253968254 0.042328042328042326
109 0.599578373015873 0.6031746031746031 0.03546626984126984 0.042328042328042326
109 0.6293402777777778 0.6066468253968254 0.034970238095238096 0.03736772486772487
109 0.6298363095238095 0.5684523809523809 0.03695436507936508 0.04365079365079365
109 0.5999503968253969 0.5634920634920635 0.033234126984126984 0.046957671957671955
208 0.6398809523809523 0.6931216931216931 0.03521825396825397 0.03902116402116402
3 0.6693948412698413 0.685681216931217 0.03373015873015873 0.05125661375661376
38 0.6903521825396826 0.6828703703703703 0.025049603174603176 0.05357142857142857
38 0.7023809523809523 0.6817129629629629 0.017857142857142856 0.050595238095238096
38 0.7151537698412699 0.6820436507936508 0.024553571428571428 0.05191798941798942
329 0.5992063492063492 0.6787367724867724 0.040674603174603176 0.0744047619047619
143 0.4663938492063492 0.6793981481481481 0.06473214285714286 0.040674603174603176
143 0.46403769841269843 0.7103174603174603 0.06001984126984127 0.028439153439153438
143 0.5198412698412699 0.7076719576719577 0.05803571428571429 0.027777777777777776
143 0.5220734126984127 0.6782407407407407 0.05555555555555555 0.03835978835978836
73 0.3787202380952381 0.6944444444444444 0.037698412698412696 0.05357142857142857
73 0.41381448412698413 0.7002314814814815 0.037450396825396824 0.05191798941798942
73 0.41517857142857145 0.6501322751322751 0.034722222222222224 0.03571428571428571
284 0.337921626984127 0.6965939153439153 0.036458333333333336 0.04861111111111111
284 0.29389880952380953 0.7164351851851852 0.0441468253968254 0.04728835978835979
284 0.2977430555555556 0.6678240740740741 0.05233134920634921 0.05324074074074074
157 0.24342757936507936 0.6626984126984127 0.044890873015873016 0.05886243386243386
157 0.2431795634920635 0.7177579365079365 0.045882936507936505 0.05257936507936508
157 0.19270833333333334 0.7204034391534392 0.05406746031746032 0.06580687830687831
157 0.19605654761904762 0.6625330687830688 0.05233134920634921 0.05787037037037037
204 0.09151785714285714 0.654431216931217 0.05853174603174603 0.04298941798941799
204 0.14818948412698413 0.654431216931217 0.04092261904761905 0.041666666666666664
204 0.14682539682539683 0.7053571428571429 0.043154761904761904 0.061507936507936505
204 0.0954861111111111 0.7066798941798942 0.060515873015873016 0.06349206349206349
235 0.330109126984127 0.8373015873015873 0.06349206349206349 0.07936507936507936
235 0.38504464285714285 0.8325066137566137 0.0597718253968254 0.06977513227513228
235 0.43539186507936506 0.8295304232804233 0.05530753968253968 0.06382275132275132
235 0.47470238095238093 0.8298611111111112 0.0248015873015873 0.045965608465608467
355 0.49603174603174605 0.8258928571428571 0.028273809523809524 0.044642857142857144
96 0.5534474206349206 0.8015873015873016 0.06374007936507936 0.057539682539682536
96 0.5400545634920635 0.8042328042328042 0.037450396825396824 0.05291005291005291
96 0.5383184523809523 0.7554563492063492 0.0339781746031746 0.04332010582010582
96 0.5680803571428571 0.7536375661375662 0.03447420634920635 0.04365079365079365
338 0.8400297619047619 0.7721560846560847 0.050595238095238096 0.03306878306878307
338 0.8478422619047619 0.7473544973544973 0.045882936507936505 0.027777777777777776
338 0.8013392857142857 0.7486772486772487 0.051587301587301584 0.03042328042328042
338 0.7989831349206349 0.7726521164021164 0.038938492063492064 0.026124338624338623
33 0.607390873015873 0.7734788359788359 0.03373015873015873 0.05886243386243386
33 0.6339285714285714 0.7708333333333334 0.04017857142857143 0.05489417989417989
33 0.6727430555555556 0.77744708994709 0.056299603174603176 0.06746031746031746
8 0.7125496031746031 0.7622354497354498 0.044642857142857144 0.037698412698412696
8 0.7082093253968254 0.7936507936507936 0.03794642857142857 0.031084656084656083
208 0.27120535714285715 0.8625992063492064 0.05233134920634921 0.04927248677248677
208 0.22209821428571427 0.8354828042328042 0.057787698412698416 0.0625
208 0.2757936507936508 0.7984457671957672 0.046130952380952384 0.060515873015873016
109 0.6898561507936508 0.5757275132275133 0.03993055555555555 0.041005291005291
152 0.7249503968253969 0.5737433862433863 0.031746031746031744 0.037698412698412696
152 0.7318948412698413 0.6127645502645502 0.022321428571428572 0.026455026455026454
152 0.7154017857142857 0.611276455026455 0.025049603174603176 0.026785714285714284
109 0.6850198412698413 0.6089616402116402 0.029265873015873016 0.028108465608465607
109 0.6636904761904762 0.6051587301587301 0.023809523809523808 0.03505291005291005
152 0.6700148809523809 0.566468253968254 0.031994047619047616 0.03968253968253968
296 0.7600446428571429 0.6127645502645502 0.024057539682539684 0.02976190476190476
296 0.7803819444444444 0.6134259259259259 0.021577380952380952 0.027116402116402115
349 0.8009672619047619 0.6117724867724867 0.020089285714285716 0.03505291005291005
349 0.8170882936507936 0.6142526455026455 0.024553571428571428 0.02943121693121693
349 0.8257688492063492 0.6137566137566137 0.023065476190476192 0.032407407407407406
109 0.7710813492063492 0.5772156084656085 0.021825396825396824 0.03141534391534392
207 0.7176339285714286 0.4828042328042328 0.03993055555555555 0.04298941798941799
207 0.7413194444444444 0.4885912698412698 0.020337301587301588 0.034722222222222224
207 0.7614087301587301 0.4933862433862434 0.030753968253968252 0.04298941798941799
207 0.7640128968253969 0.5295965608465608 0.026041666666666668 0.03670634920634921
207 0.7414434523809523 0.5246362433862434 0.029017857142857144 0.040013227513227514
207 0.7162698412698413 0.5211640211640212 0.03670634920634921 0.041005291005291
355 0.8177083333333334 0.5375330687830688 0.03373015873015873 0.035383597883597885
355 0.7926587301587301 0.533068783068783 0.020833333333333332 0.037037037037037035
233 0.8048115079365079 0.5024801587301587 0.01984126984126984 0.03273809523809524
233 0.8196924603174603 0.5057870370370371 0.018353174603174604 0.030753968253968252
355 0.7899305555555556 0.4998346560846561 0.015376984126984126 0.030753968253968252
233 0.8809523809523809 0.5497685185185185 0.025793650793650792 0.030753968253968252
250 0.8969494047619048 0.5530753968253969 0.013640873015873016 0.026785714285714284
250 0.9061259920634921 0.5532407407407407 0.01314484126984127 0.027116402116402115
233 0.8504464285714286 0.5426587301587301 0.018849206349206348 0.02447089947089947
233 0.8396577380952381 0.5403439153439153 0.01066468253968254 0.01984126984126984
233 0.859375 0.5153769841269841 0.01636904761904762 0.02943121693121693
233 0.8441220238095238 0.5128968253968254 0.019593253968253968 0.03373015873015873
84 0.7661210317460317 0.6797288359788359 0.03819444444444445 0.036044973544973546
84 0.7588045634920635 0.6514550264550265 0.04141865079365079 0.021825396825396824
86 0.8196924603174603 0.6559193121693122 0.034722222222222224 0.028108465608465607
86 0.8246527777777778 0.6843584656084656 0.02628968253968254 0.02943121693121693
86 0.8070436507936508 0.6845238095238095 0.034722222222222224 0.02976190476190476
271 0.7131696428571429 0.3113425925925926 0.006696428571428571 0.049933862433862435
333 0.7275545634920635 0.3159722222222222 0.03149801587301587 0.05588624338624339
333 0.7522321428571429 0.32523148148148145 0.03422619047619048 0.05588624338624339
311 0.7739335317460317 0.3463955026455027 0.02703373015873016 0.03141534391534392
311 0.7813740079365079 0.3194444444444444 0.026041666666666668 0.03902116402116402
311 0.7759176587301587 0.28687169312169314 0.0339781746031746 0.035383597883597885
333 0.755828373015873 0.2749669312169312 0.024057539682539684 0.05324074074074074
333 0.732390873015873 0.2638888888888889 0.04513888888888889 0.06812169312169312
68 0.8423859126984127 0.31646825396825395 0.02703373015873016 0.0582010582010582
68 0.845734126984127 0.3748346560846561 0.017857142857142856 0.05720899470899471
68 0.8544146825396826 0.3220899470899471 0.022817460317460316 0.03505291005291005
