329 0.07713293650793651 0.10730820105820106 0.05357142857142857 0.08300264550264551
329 0.1307043650793651 0.10730820105820106 0.06845238095238096 0.0796957671957672
62 0.19915674603174602 0.09755291005291006 0.060515873015873016 0.09193121693121693
62 0.24888392857142858 0.08283730158730158 0.06721230158730158 0.12003968253968254
21 0.30171130952380953 0.08862433862433862 0.035962301587301584 0.08664021164021164
21 0.333953373015873 0.08763227513227513 0.03695436507936508 0.08664021164021164
21 0.3679315476190476 0.0818452380952381 0.038938492063492064 0.08763227513227513
39 0.40612599206349204 0.07886904761904762 0.03943452380952381 0.09226190476190477
39 0.443328373015873 0.07308201058201058 0.03844246031746032 0.09986772486772487
39 0.48040674603174605 0.07308201058201058 0.039186507936507936 0.09523809523809523
239 0.535094246031746 0.0710978835978836 0.045882936507936505 0.11441798941798942
239 0.597594246031746 0.07903439153439154 0.04290674603174603 0.10251322751322751
307 0.6405009920634921 0.08465608465608465 0.04389880952380952 0.08664021164021164
307 0.6853918650793651 0.07886904761904762 0.045882936507936505 0.09226190476190477
188 0.7459077380952381 0.07886904761904762 0.051835317460317464 0.08763227513227513
188 0.7927827380952381 0.07308201058201058 0.051835317460317464 0.09193121693121693
280 0.8444940476190477 0.051587301587301584 0.05357142857142857 0.07142857142857142
280 0.8876488095238095 0.047619047619047616 0.05357142857142857 0.07275132275132275
280 0.9383680555555556 0.043816137566137565 0.05282738095238095 0.0710978835978836
208 0.7703373015873016 0.9325396825396826 0.0679563492063492 0.12235449735449735
120 0.714781746031746 0.7576058201058201 0.05654761904761905 0.07076719576719577
120 0.6639384920634921 0.7508267195767195 0.051587301587301584 0.08035714285714286
52 0.07725694444444445 0.22933201058201058 0.047371031746031744 0.05654761904761905
52 0.12152777777777778 0.22933201058201058 0.052083333333333336 0.05720899470899471
226 0.08444940476190477 0.35119047619047616 0.029017857142857144 0.0496031746031746
226 0.11334325396825397 0.3533399470899471 0.030257936507936508 0.04861111111111111
345 0.1375248015873016 0.35085978835978837 0.03298611111111111 0.057539682539682536
345 0.16852678571428573 0.35168650793650796 0.033482142857142856 0.05853174603174603
92 0.19754464285714285 0.34854497354497355 0.029513888888888888 0.04497354497354497
296 0.22891865079365079 0.3492063492063492 0.04017857142857143 0.046957671957671955
92 0.2535962301587302 0.35119047619047616 0.018601190476190476 0.041005291005291
345 0.2853422619047619 0.3525132275132275 0.04836309523809524 0.046296296296296294
33 0.5435267857142857 0.8936838624338624 0.07614087301587301 0.1259920634920635
33 0.6134672619047619 0.908068783068783 0.078125 0.1349206349206349
8 0.6875 0.9269179894179894 0.08035714285714286 0.13690476190476192
96 0.47643849206349204 0.8373015873015873 0.05257936507936508 0.05026455026455026
96 0.4262152777777778 0.833994708994709 0.05084325396825397 0.04365079365079365
96 0.4270833333333333 0.8930224867724867 0.049107142857142856 0.059854497354497355
96 0.47693452380952384 0.9032738095238095 0.051587301587301584 0.06316137566137567
338 0.14285714285714285 0.7815806878306878 0.10863095238095238 0.05654761904761905
338 0.1371527777777778 0.8210978835978836 0.07936507936507936 0.05291005291005291
84 0.2516121031746032 0.791005291005291 0.10987103174603174 0.07539682539682539
84 0.24243551587301587 0.8420965608465608 0.08209325396825397 0.06183862433862434
243 0.35305059523809523 0.824239417989418 0.0974702380952381 0.0763888888888889
243 0.3521825396825397 0.8680555555555556 0.0679563492063492 0.041005291005291
246 0.1423611111111111 0.6435185185185185 0.07043650793650794 0.04034391534391534
246 0.13740079365079366 0.6802248677248677 0.04712301587301587 0.047619047619047616
246 0.17113095238095238 0.6822089947089947 0.03819444444444445 0.05489417989417989
86 0.2761656746031746 0.6924603174603174 0.034970238095238096 0.061507936507936505
86 0.2468998015873016 0.689484126984127 0.054811507936507936 0.06481481481481481
109 0.3396577380952381 0.7101521164021164 0.04935515873015873 0.059854497354497355
109 0.3854166666666667 0.7151124338624338 0.051587301587301584 0.05588624338624339
271 0.41369047619047616 0.7055224867724867 0.003968253968253968 0.07175925925925926
38 0.42782738095238093 0.7078373015873016 0.033234126984126984 0.08432539682539683
38 0.458953373015873 0.7136243386243386 0.037450396825396824 0.08597883597883597
38 0.4914434523809524 0.716931216931217 0.03546626984126984 0.083994708994709
246 0.5076884920634921 0.7217261904761905 0.006448412698412698 0.06845238095238096
3 0.5364583333333334 0.7291666666666666 0.06349206349206349 0.07473544973544974
3 0.6003224206349206 0.7448743386243386 0.06870039682539683 0.08498677248677249
293 0.6135912698412699 0.6294642857142857 0.06498015873015874 0.10284391534391535
293 0.668030753968254 0.6352513227513228 0.06522817460317461 0.10846560846560846
132 0.2439236111111111 0.58994708994709 0.05133928571428571 0.05357142857142857
132 0.19444444444444445 0.5884589947089947 0.05257936507936508 0.04728835978835979
271 0.14620535714285715 0.5816798941798942 0.047867063492063495 0.056878306878306875
271 0.10280257936507936 0.576058201058201 0.04935515873015873 0.056878306878306875
296 0.29985119047619047 0.59755291005291 0.0496031746031746 0.056216931216931214
296 0.34052579365079366 0.6033399470899471 0.05109126984126984 0.05257936507936508
349 0.3882688492063492 0.6097883597883598 0.048859126984126984 0.057539682539682536
207 0.4000496031746032 0.44675925925925924 0.05654761904761905 0.06547619047619048
207 0.4513888888888889 0.4505621693121693 0.04662698412698413 0.06117724867724868
236 0.5040922619047619 0.453042328042328 0.058779761904761904 0.06812169312169312
236 0.5651041666666666 0.4537037037037037 0.058779761904761904 0.0667989417989418
236 0.5649801587301587 0.5186838624338624 0.059027777777777776 0.07308201058201058
236 0.5080605158730159 0.5165343915343915 0.04836309523809524 0.06547619047619048
207 0.4538690476190476 0.5100859788359788 0.05704365079365079 0.06316137566137567
207 0.40066964285714285 0.5064484126984127 0.04836309523809524 0.05919312169312169
250 0.2935267857142857 0.4441137566137566 0.023065476190476192 0.06283068783068783
250 0.32254464285714285 0.4460978835978836 0.03546626984126984 0.061507936507936505
250 0.35553075396825395 0.44675925925925924 0.033482142857142856 0.06613756613756613
158 0.3630952380952381 0.49718915343915343 0.023809523809523808 0.0333994708994709
158 0.3107638888888889 0.4938822751322751 0.022321428571428572 0.03207671957671958
158 0.3359375 0.49619708994708994 0.03298611111111111 0.035383597883597885
233 0.2689732142857143 0.4375 0.036458333333333336 0.05357142857142857
233 0.26339285714285715 0.4849537037037037 0.01636904761904762 0.040674603174603176
233 0.2390873015873016 0.4851190476190476 0.03373015873015873 0.04034391534391534
233 0.2166418650793651 0.48197751322751325 0.016121031746031748 0.03869047619047619
233 0.23189484126984128 0.4363425925925926 0.041666666666666664 0.05720899470899471
82 0.16257440476190477 0.478505291005291 0.04141865079365079 0.0582010582010582
82 0.19295634920634921 0.48032407407407407 0.023313492063492064 0.05720899470899471
131 0.2000248015873016 0.49702380952380953 0.009672619047619048 0.027777777777777776
82 0.17782738095238096 0.4234457671957672 0.05009920634920635 0.05853174603174603
158 0.08717757936507936 0.4742063492063492 0.033482142857142856 0.05423280423280423
158 0.11867559523809523 0.47437169312169314 0.04290674603174603 0.05588624338624339
