239 0.09362599206349206 0.15112433862433863 0.05828373015873016 0.11441798941798942
239 0.14149305555555555 0.16104497354497355 0.045882936507936505 0.10251322751322751
239 0.18340773809523808 0.1648478835978836 0.051835317460317464 0.10284391534391535
239 0.23623511904761904 0.16964285714285715 0.045882936507936505 0.10185185185185185
239 0.2743055555555556 0.1746031746031746 0.04365079365079365 0.10251322751322751
280 0.31820436507936506 0.19113756613756613 0.039186507936507936 0.08597883597883597
280 0.3602430555555556 0.1970899470899471 0.03794642857142857 0.08333333333333333
280 0.39533730158730157 0.20188492063492064 0.03670634920634921 0.08035714285714286
280 0.42857142857142855 0.2058531746031746 0.03422619047619048 0.08035714285714286
39 0.5701884920634921 0.21858465608465608 0.03521825396825397 0.0873015873015873
39 0.5964781746031746 0.22536375661375663 0.034722222222222224 0.08763227513227513
39 0.630828373015873 0.2273478835978836 0.03943452380952381 0.08763227513227513
21 0.6688988095238095 0.23429232804232805 0.03670634920634921 0.07308201058201058
21 0.7118055555555556 0.23412698412698413 0.03422619047619048 0.07605820105820106
52 0.763640873015873 0.20205026455026456 0.05357142857142857 0.05423280423280423
333 0.8875248015873016 0.4998346560846561 0.04290674603174603 0.05654761904761905
38 0.8113839285714286 0.4958664021164021 0.04141865079365079 0.06646825396825397
38 0.7781498015873016 0.4968584656084656 0.04290674603174603 0.06646825396825397
131 0.7273065476190477 0.5047949735449735 0.024553571428571428 0.050595238095238096
251 0.7049851190476191 0.501818783068783 0.035962301587301584 0.059854497354497355
345 0.6717509920634921 0.4998346560846561 0.035962301587301584 0.059854497354497355
345 0.6434771825396826 0.5008267195767195 0.03149801587301587 0.06183862433862434
92 0.6170634920634921 0.5016534391534392 0.03125 0.062169312169312166
92 0.5848214285714286 0.5006613756613757 0.03373015873015873 0.062169312169312166
92 0.5565476190476191 0.5006613756613757 0.03125 0.062169312169312166
212 0.5341021825396826 0.5036375661375662 0.03149801587301587 0.062169312169312166
212 0.5037202380952381 0.5046296296296297 0.03422619047619048 0.06415343915343916
38 0.482390873015873 0.6150793650793651 0.03373015873015873 0.09325396825396826
38 0.5164930555555556 0.6150793650793651 0.031001984126984128 0.09126984126984126
284 0.17708333333333334 0.2863756613756614 0.06498015873015874 0.08531746031746032
284 0.11383928571428571 0.2673611111111111 0.06498015873015874 0.06316137566137567
284 0.18328373015873015 0.35284391534391535 0.059027777777777776 0.05555555555555555
284 0.12524801587301587 0.357473544973545 0.06498015873015874 0.07341269841269842
284 0.1840277777777778 0.3870701058201058 0.05406746031746032 0.01951058201058201
217 0.2404513888888889 0.27744708994708994 0.0597718253968254 0.05952380952380952
217 0.29985119047619047 0.2847222222222222 0.05555555555555555 0.056878306878306875
217 0.2449156746031746 0.3568121693121693 0.056299603174603176 0.05423280423280423
217 0.29985119047619047 0.36078042328042326 0.05257936507936508 0.052248677248677246
109 0.21279761904761904 0.3543320105820106 0.011408730158730158 0.05191798941798942
73 0.3539186507936508 0.37136243386243384 0.047619047619047616 0.06746031746031746
73 0.40339781746031744 0.37466931216931215 0.047371031746031744 0.06547619047619048
157 0.45126488095238093 0.3784722222222222 0.04538690476190476 0.06448412698412699
204 0.4946676587301587 0.3738425925925926 0.04092261904761905 0.04728835978835979
265 0.5471230158730159 0.31084656084656087 0.044642857142857144 0.0496031746031746
265 0.5477430555555556 0.3771494708994709 0.045882936507936505 0.04662698412698413
233 0.5482390873015873 0.40591931216931215 0.046875 0.016203703703703703
264 0.5908978174603174 0.37979497354497355 0.038938492063492064 0.04332010582010582
204 0.581969246031746 0.32175925925925924 0.03050595238095238 0.03373015873015873
264 0.6331845238095238 0.31994047619047616 0.033234126984126984 0.04662698412698413
264 0.6297123015873016 0.3826058201058201 0.040674603174603176 0.04431216931216931
244 0.8395337301587301 0.22503306878306878 0.0496031746031746 0.06117724867724868
244 0.8767361111111112 0.23445767195767195 0.03819444444444445 0.06613756613756613
244 0.8706597222222222 0.28075396825396826 0.038938492063492064 0.0496031746031746
244 0.8380456349206349 0.2749669312169312 0.03670634920634921 0.049933862433862435
109 0.15649801587301587 0.6061507936507936 0.06994047619047619 0.06878306878306878
109 0.21763392857142858 0.6040013227513228 0.06125992063492063 0.06580687830687831
296 0.27356150793650796 0.6020171957671958 0.060515873015873016 0.06117724867724868
296 0.3289930555555556 0.6001984126984127 0.05282738095238095 0.056216931216931214
296 0.33110119047619047 0.6519510582010583 0.049107142857142856 0.05257936507936508
296 0.2795138888888889 0.6552579365079365 0.05555555555555555 0.05191798941798942
109 0.21949404761904762 0.6587301587301587 0.06398809523809523 0.05291005291005291
109 0.16170634920634921 0.6625330687830688 0.06299603174603174 0.0539021164021164
243 0.4126984126984127 0.6020171957671958 0.09771825396825397 0.05654761904761905
243 0.4150545634920635 0.6456679894179894 0.09647817460317461 0.05324074074074074
207 0.7397073412698413 0.574239417989418 0.030009920634920636 0.06117724867724868
207 0.7682291666666666 0.5745701058201058 0.038938492063492064 0.050595238095238096
207 0.7393353174603174 0.6167328042328042 0.029265873015873016 0.03835978835978836
207 0.7686011904761905 0.6157407407407407 0.03273809523809524 0.03968253968253968
250 0.8033234126984127 0.5734126984126984 0.032242063492063495 0.047619047619047616
250 0.8267609126984127 0.5740740740740741 0.027529761904761904 0.04034391534391534
250 0.8031994047619048 0.6149140211640212 0.03546626984126984 0.03869047619047619
250 0.8251488095238095 0.6127645502645502 0.021825396825396824 0.03571428571428571
233 0.8634672619047619 0.6109457671957672 0.038938492063492064 0.04265873015873016
233 0.8635912698412699 0.5707671957671958 0.03670634920634921 0.04298941798941799
236 0.5833333333333334 0.5849867724867724 0.047619047619047616 0.05357142857142857
236 0.6268601190476191 0.5848214285714286 0.046378968253968256 0.05324074074074074
12 0.6662946428571429 0.5826719576719577 0.044890873015873016 0.05357142857142857
12 0.7018849206349206 0.5815145502645502 0.037698412698412696 0.05324074074074074
12 0.7006448412698413 0.6240079365079365 0.032242063492063495 0.03968253968253968
12 0.6651785714285714 0.626818783068783 0.037698412698412696 0.04133597883597884
236 0.6243799603174603 0.6307870370370371 0.037450396825396824 0.0419973544973545
236 0.5864335317460317 0.6316137566137566 0.035962301587301584 0.04365079365079365
86 0.5411706349206349 0.7493386243386243 0.052083333333333336 0.04894179894179894
86 0.5411706349206349 0.7022156084656085 0.053075396825396824 0.0625
86 0.49107142857142855 0.7106481481481481 0.0496031746031746 0.06084656084656084
86 0.4905753968253968 0.7536375661375662 0.04861111111111111 0.04563492063492063
152 0.5905257936507936 0.6969246031746031 0.03968253968253968 0.05654761904761905
152 0.6261160714285714 0.6932870370370371 0.03943452380952381 0.05853174603174603
152 0.589781746031746 0.7432208994708994 0.03819444444444445 0.04133597883597884
152 0.6253720238095238 0.7371031746031746 0.03943452380952381 0.042328042328042326
349 0.6687748015873016 0.730489417989418 0.03695436507936508 0.041666666666666664
349 0.6774553571428571 0.6870039682539683 0.03993055555555555 0.04662698412698413
349 0.7100694444444444 0.6870039682539683 0.03670634920634921 0.04662698412698413
349 0.7027529761904762 0.7270171957671958 0.0339781746031746 0.03670634920634921
132 0.7405753968253969 0.7194113756613757 0.029265873015873016 0.03736772486772487
132 0.7470238095238095 0.6830357142857143 0.029265873015873016 0.049933862433862435
271 0.7677331349206349 0.7131283068783069 0.031001984126984128 0.03736772486772487
271 0.7731894841269841 0.6755952380952381 0.03249007936507937 0.04894179894179894
271 0.7960069444444444 0.6729497354497355 0.024057539682539684 0.04431216931216931
271 0.7934027777777778 0.7093253968253969 0.029265873015873016 0.03902116402116402
96 0.8332093253968254 0.6673280423280423 0.03249007936507937 0.047619047619047616
96 0.8597470238095238 0.6668320105820106 0.030009920634920636 0.0419973544973545
96 0.8298611111111112 0.7061838624338624 0.025793650793650792 0.036044973544973546
96 0.855406746031746 0.705026455026455 0.036210317460317464 0.03505291005291005
235 0.7632688492063492 0.8176256613756614 0.045882936507936505 0.07175925925925926
33 0.7999751984126984 0.814318783068783 0.04985119047619048 0.06580687830687831
33 0.839905753968254 0.8128306878306878 0.050347222222222224 0.06283068783068783
208 0.6903521825396826 0.8047288359788359 0.035962301587301584 0.04398148148148148
132 0.6512896825396826 0.8096891534391535 0.04861111111111111 0.0539021164021164
132 0.6112351190476191 0.8181216931216931 0.046378968253968256 0.056216931216931214
132 0.6116071428571429 0.8637566137566137 0.04712301587301587 0.05291005291005291
132 0.6541418650793651 0.8533399470899471 0.043402777777777776 0.04728835978835979
208 0.6904761904761905 0.8447420634920635 0.03571428571428571 0.04728835978835979
338 0.5336061507936508 0.8801256613756614 0.0974702380952381 0.05654761904761905
338 0.5347222222222222 0.8371362433862434 0.09821428571428571 0.06845238095238096
246 0.40228174603174605 0.9072420634920635 0.05505952380952381 0.05257936507936508
246 0.40228174603174605 0.8637566137566137 0.05803571428571429 0.05886243386243386
246 0.4548611111111111 0.8521825396825397 0.04712301587301587 0.05026455026455026
246 0.45424107142857145 0.8971560846560847 0.04836309523809524 0.04828042328042328
62 0.1746031746031746 0.9173280423280423 0.06994047619047619 0.11044973544973545
62 0.23685515873015872 0.9075727513227513 0.06349206349206349 0.10482804232804233
62 0.2932787698412698 0.8996362433862434 0.0597718253968254 0.105489417989418
62 0.34685019841269843 0.892526455026455 0.05580357142857143 0.09722222222222222
329 0.18129960317460317 0.7566137566137566 0.07837301587301587 0.11375661375661375
329 0.2442956349206349 0.7567791005291006 0.06845238095238096 0.11342592592592593
329 0.3040674603174603 0.7536375661375662 0.06398809523809523 0.09788359788359788
84 0.39459325396825395 0.7638888888888888 0.11458333333333333 0.0667989417989418
84 0.39384920634920634 0.7170965608465608 0.1130952380952381 0.06183862433862434
307 0.5344742063492064 0.1349206349206349 0.031746031746031744 0.09457671957671958
307 0.5344742063492064 0.2154431216931217 0.032242063492063495 0.08300264550264551
307 0.509796626984127 0.1810515873015873 0.020089285714285716 0.14186507936507936
307 0.4837549603174603 0.1302910052910053 0.034970238095238096 0.09391534391534391
307 0.4849950396825397 0.2099867724867725 0.0339781746031746 0.08333333333333333
244 0.7647569444444444 0.26686507936507936 0.044890873015873016 0.062169312169312166
52 0.8043154761904762 0.27397486772486773 0.04662698412698413 0.0710978835978836
82 0.8493303571428571 0.47023809523809523 0.030009920634920636 0.041666666666666664
82 0.8405257936507936 0.5115740740740741 0.030753968253968252 0.041005291005291
0 0.7555803571428571 0.5052910052910053 0.0220734126984127 0.046957671957671955
0 0.7604166666666666 0.4593253968253968 0.022817460317460316 0.04497354497354497
355 0.878968253968254 0.7994378306878307 0.046130952380952384 0.07903439153439154
355 0.9172867063492064 0.7802579365079365 0.031994047619047616 0.09424603174603174
355 0.9567212301587301 0.7789351851851852 0.037450396825396824 0.10482804232804233
355 0.988219246031746 0.7738095238095238 0.021577380952380952 0.10383597883597884
2 0.8942212301587301 0.6631944444444444 0.044890873015873016 0.09424603174603174
2 0.9363839285714286 0.6635251322751323 0.03447420634920635 0.09490740740740741
97 0.9675099206349206 0.6555886243386243 0.023313492063492064 0.08035714285714286
97 0.9915674603174603 0.6507936507936508 0.015873015873015872 0.0787037037037037
53 0.9227430555555556 0.5291005291005291 0.050347222222222224 0.06944444444444445
53 0.9587053571428571 0.5302579365079365 0.04836309523809524 0.07043650793650794
53 0.9818948412698413 0.5322420634920635 0.03373015873015873 0.0710978835978836
166 0.9513888888888888 0.3921957671957672 0.05952380952380952 0.10052910052910052
166 0.9780505952380952 0.396494708994709 0.04290674603174603 0.08928571428571429
29 0.9718501984126984 0.2691798941798942 0.05530753968253968 0.09325396825396826
