109 0.7869543650793651 0.1853505291005291 0.042162698412698416 0.06712962962962964
109 0.7508680555555556 0.1853505291005291 0.05233134920634921 0.0763888888888889
11 0.5701884920634921 0.2361111111111111 0.03968253968253968 0.06878306878306878
11 0.537078373015873 0.24305555555555555 0.03943452380952381 0.07076719576719577
270 0.4871031746031746 0.2585978835978836 0.03670634920634921 0.06415343915343916
5 0.3699156746031746 0.31729497354497355 0.031994047619047616 0.03141534391534392
5 0.34362599206349204 0.3220899470899471 0.031994047619047616 0.03042328042328042
5 0.30753968253968256 0.32407407407407407 0.03373015873015873 0.042328042328042326
92 0.3913690476190476 0.37781084656084657 0.02628968253968254 0.03009259259259259
0 0.41393849206349204 0.3768187830687831 0.02628968253968254 0.030753968253968252
290 0.43439980158730157 0.37003968253968256 0.026537698412698412 0.03439153439153439
66 0.5535714285714286 0.42476851851851855 0.036210317460317464 0.05324074074074074
66 0.5204613095238095 0.42476851851851855 0.036458333333333336 0.05324074074074074
207 0.48722718253968256 0.4373346560846561 0.03298611111111111 0.035383597883597885
226 0.4490327380952381 0.43915343915343913 0.03298611111111111 0.03571428571428571
86 0.3013392857142857 0.5588624338624338 0.015873015873015872 0.0205026455026455
86 0.2982390873015873 0.5373677248677249 0.021577380952380952 0.02447089947089947
86 0.28757440476190477 0.5558862433862434 0.016617063492063492 0.01917989417989418
86 0.2829861111111111 0.5358796296296297 0.020337301587301588 0.023478835978835978
38 0.4232390873015873 0.5715939153439153 0.019593253968253968 0.03736772486772487
3 0.4055059523809524 0.5629960317460317 0.024305555555555556 0.030753968253968252
3 0.3931051587301587 0.55869708994709 0.023809523809523808 0.03207671957671958
38 0.3680555555555556 0.5608465608465608 0.01984126984126984 0.037037037037037035
38 0.35106646825396826 0.5575396825396826 0.01314484126984127 0.037037037037037035
38 0.3577628968253968 0.5580357142857143 0.01066468253968254 0.03869047619047619
296 0.3195684523809524 0.5598544973544973 0.015128968253968254 0.017195767195767195
296 0.31808035714285715 0.541005291005291 0.018601190476190476 0.023148148148148147
209 0.3332093253968254 0.5428240740740741 0.021577380952380952 0.0248015873015873
143 0.48115079365079366 0.5477843915343915 0.03819444444444445 0.02943121693121693
143 0.4820188492063492 0.5717592592592593 0.036458333333333336 0.027777777777777776
143 0.48325892857142855 0.591931216931217 0.0339781746031746 0.025793650793650792
316 0.4525049603174603 0.5859788359788359 0.031994047619047616 0.023148148148148147
316 0.4505208333333333 0.5669642857142857 0.031994047619047616 0.02414021164021164
316 0.4479166666666667 0.5458002645502645 0.03373015873015873 0.0248015873015873
355 0.5391865079365079 0.5595238095238095 0.0248015873015873 0.031084656084656083
355 0.5391865079365079 0.5843253968253969 0.024305555555555556 0.025793650793650792
355 0.5401785714285714 0.6033399470899471 0.022321428571428572 0.022817460317460316
355 0.5157490079365079 0.5988756613756614 0.023561507936507936 0.021164021164021163
355 0.5151289682539683 0.5803571428571429 0.0248015873015873 0.02447089947089947
355 0.5158730158730159 0.5568783068783069 0.026785714285714284 0.028439153439153438
73 0.6876240079365079 0.6205357142857143 0.03249007936507937 0.055224867724867725
73 0.6571180555555556 0.6149140211640212 0.03546626984126984 0.05257936507936508
355 0.6276041666666666 0.5982142857142857 0.021577380952380952 0.061507936507936505
355 0.605530753968254 0.5980489417989417 0.023561507936507936 0.06183862433862434
355 0.5827132936507936 0.5930886243386243 0.0220734126984127 0.05191798941798942
355 0.5636160714285714 0.591931216931217 0.018601190476190476 0.0496031746031746
265 0.7276785714285714 0.6354166666666666 0.03521825396825397 0.045304232804232805
265 0.7281746031746031 0.5932539682539683 0.036210317460317464 0.04894179894179894
231 0.7662450396825397 0.6433531746031746 0.03794642857142857 0.04332010582010582
231 0.7664930555555556 0.5988756613756614 0.03943452380952381 0.06018518518518518
284 0.8142361111111112 0.6013558201058201 0.04563492063492063 0.06514550264550265
284 0.8126240079365079 0.6512896825396826 0.044890873015873016 0.04927248677248677
217 0.8594990079365079 0.6527777777777778 0.045882936507936505 0.056216931216931214
217 0.8587549603174603 0.6038359788359788 0.044890873015873016 0.051587301587301584
329 0.6902281746031746 0.5119047619047619 0.04861111111111111 0.06613756613756613
62 0.7431795634920635 0.5143849206349206 0.05580357142857143 0.0710978835978836
62 0.7960069444444444 0.521494708994709 0.057787698412698416 0.0701058201058201
62 0.8627232142857143 0.5206679894179894 0.07118055555555555 0.08300264550264551
290 0.7043650793650794 0.7399140211640212 0.034722222222222224 0.049933862433862435
157 0.7052331349206349 0.7007275132275133 0.033482142857142856 0.046296296296296294
264 0.7423115079365079 0.705026455026455 0.037698412698412696 0.05489417989417989
264 0.7415674603174603 0.7488425925925926 0.036210317460317464 0.050595238095238096
264 0.7819940476190477 0.7177579365079365 0.040674603174603176 0.06183862433862434
264 0.7805059523809523 0.763558201058201 0.04117063492063492 0.052248677248677246
204 0.8235367063492064 0.7784391534391535 0.04439484126984127 0.05291005291005291
204 0.8255208333333334 0.7311507936507936 0.044890873015873016 0.06349206349206349
235 0.5896577380952381 0.6994047619047619 0.03695436507936508 0.056878306878306875
96 0.5167410714285714 0.671792328042328 0.0220734126984127 0.0419973544973545
96 0.5219494047619048 0.6378968253968254 0.018601190476190476 0.03373015873015873
96 0.5069444444444444 0.6309523809523809 0.01984126984126984 0.027116402116402115
96 0.4983878968253968 0.6663359788359788 0.029513888888888888 0.03835978835978836
8 0.46837797619047616 0.6608796296296297 0.033482142857142856 0.040674603174603176
8 0.4375 0.6314484126984127 0.03273809523809524 0.028108465608465607
8 0.4401041666666667 0.656084656084656 0.031001984126984128 0.031084656084656083
208 0.6706349206349206 0.7291666666666666 0.024305555555555556 0.047619047619047616
235 0.6313244047619048 0.7084986772486772 0.04389880952380952 0.059854497354497355
84 0.29538690476190477 0.5930886243386243 0.03373015873015873 0.026785714285714284
84 0.29464285714285715 0.6130952380952381 0.020337301587301588 0.021164021164021163
338 0.27021329365079366 0.6041666666666666 0.019097222222222224 0.0205026455026455
338 0.27021329365079366 0.58994708994709 0.02703373015873016 0.0205026455026455
338 0.25 0.5987103174603174 0.021825396825396824 0.022156084656084655
84 0.3237847222222222 0.6172288359788359 0.026041666666666668 0.028108465608465607
33 0.35900297619047616 0.6259920634920635 0.038938492063492064 0.04497354497354497
33 0.4089781746031746 0.6335978835978836 0.021825396825396824 0.0496031746031746
33 0.3943452380952381 0.6253306878306878 0.020833333333333332 0.042328042328042326
243 0.5224454365079365 0.4877645502645503 0.056299603174603176 0.02976190476190476
243 0.5240575396825397 0.5148809523809523 0.056051587301587304 0.02976190476190476
109 0.5014880952380952 0.5304232804232805 0.01488095238095238 0.011243386243386243
92 0.5515873015873016 0.5171957671957672 0.003472222222222222 0.023809523809523808
329 0.5705605158730159 0.5029761904761905 0.037450396825396824 0.05886243386243386
329 0.6013144841269841 0.5042989417989417 0.03249007936507937 0.06349206349206349
349 0.35652281746031744 0.4783399470899471 0.016121031746031748 0.021494708994708994
296 0.35627480158730157 0.5004960317460317 0.015128968253968254 0.02546296296296296
345 0.37313988095238093 0.501818783068783 0.016617063492063492 0.022156084656084655
296 0.38938492063492064 0.5046296296296297 0.015873015873015872 0.01917989417989418
296 0.4055059523809524 0.5046296296296297 0.018353174603174604 0.01917989417989418
290 0.40587797619047616 0.4818121693121693 0.019593253968253968 0.025793650793650792
109 0.4435763888888889 0.482473544973545 0.021577380952380952 0.027116402116402115
152 0.42646329365079366 0.5069444444444444 0.018601190476190476 0.023809523809523808
152 0.44494047619047616 0.5074404761904762 0.020833333333333332 0.0248015873015873
109 0.46589781746031744 0.4826388888888889 0.026041666666666668 0.028769841269841268
109 0.46589781746031744 0.5092592592592593 0.0220734126984127 0.0291005291005291
109 0.486359126984127 0.509755291005291 0.01984126984126984 0.03009259259259259
246 0.4898313492063492 0.4801587301587302 0.015376984126984126 0.02513227513227513
349 0.3373015873015873 0.5021494708994709 0.019345238095238096 0.022156084656084655
290 0.33581349206349204 0.4808201058201058 0.01488095238095238 0.021164021164021163
349 0.3187003968253968 0.5 0.01636904761904762 0.017195767195767195
349 0.30592757936507936 0.5003306878306878 0.012648809523809524 0.016534391534391533
349 0.30431547619047616 0.4793320105820106 0.01488095238095238 0.016865079365079364
349 0.3162202380952381 0.4783399470899471 0.01488095238095238 0.018187830687830687
244 0.3247767857142857 0.4252645502645503 0.014136904761904762 0.013888888888888888
244 0.3097718253968254 0.4264219576719577 0.011408730158730158 0.013558201058201057
244 0.3132440476190476 0.45089285714285715 0.009424603174603174 0.012896825396825396
244 0.3267609126984127 0.4505621693121693 0.013640873015873016 0.01488095238095238
12 0.3819444444444444 0.42080026455026454 0.018353174603174604 0.02414021164021164
12 0.37003968253968256 0.4212962962962963 0.013392857142857142 0.02447089947089947
109 0.3541666666666667 0.42080026455026454 0.018353174603174604 0.02414021164021164
236 0.43353174603174605 0.4146825396825397 0.010416666666666666 0.025793650793650792
236 0.4184027777777778 0.4156746031746032 0.015376984126984126 0.025793650793650792
236 0.4098462301587302 0.4429563492063492 0.021577380952380952 0.028769841269841268
236 0.42671130952380953 0.4419642857142857 0.023561507936507936 0.02943121693121693
12 0.3687996031746032 0.4459325396825397 0.015873015873015872 0.02546296296296296
12 0.384796626984127 0.44576719576719576 0.014632936507936508 0.025793650793650792
52 0.3559027777777778 0.4459325396825397 0.015873015873015872 0.026124338624338623
52 0.34226190476190477 0.44642857142857145 0.013888888888888888 0.02513227513227513
188 0.22978670634920634 0.3525132275132275 0.010168650793650794 0.023809523809523808
188 0.23896329365079366 0.3505291005291005 0.00818452380952381 0.023148148148148147
307 0.2553323412698413 0.34507275132275134 0.012648809523809524 0.0248015873015873
68 0.26711309523809523 0.34011243386243384 0.00992063492063492 0.028108465608465607
239 0.26574900793650796 0.3943452380952381 0.011656746031746032 0.03009259259259259
109 0.25570436507936506 0.396494708994709 0.010416666666666666 0.02976190476190476
21 0.2478918650793651 0.3968253968253968 0.01314484126984127 0.031746031746031744
21 0.23896329365079366 0.3974867724867725 0.011160714285714286 0.03306878306878307
21 0.2265625 0.40128968253968256 0.008680555555555556 0.027447089947089946
21 0.2197420634920635 0.4017857142857143 0.008432539682539682 0.027116402116402115
5 0.40228174603174605 0.30505952380952384 0.04117063492063492 0.02943121693121693
5 0.443328373015873 0.2926587301587302 0.04389880952380952 0.03373015873015873
5 0.44221230158730157 0.2690145502645503 0.046130952380952384 0.040013227513227514
92 0.3680555555555556 0.38078703703703703 0.02628968253968254 0.03141534391534392
345 0.341765873015873 0.3845899470899471 0.02628968253968254 0.031084656084656083
