137 0.7311954331766286 0.4840041279669763 0.02921423774345198 0.05779153766769866
137 0.7113834788448623 0.4845201238390093 0.02719946272666219 0.05779153766769866
137 0.6908999328408327 0.4845201238390093 0.02719946272666219 0.05779153766769866
137 0.6695768972464742 0.4855521155830753 0.028206850235057087 0.05985552115583075
46 0.765446608462055 0.4584623323013416 0.050705171255876424 0.03663570691434469
46 0.7652787105439892 0.4935500515995872 0.04701141705842848 0.03663570691434469
89 0.8418401611820013 0.4481424148606811 0.03626595030221625 0.0500515995872033
89 0.8416722632639355 0.4873581011351909 0.03190060443250504 0.043859649122807015
89 0.8680322364002686 0.48632610939112486 0.0315648085963734 0.04592363261093911
32 0.6976158495634655 0.6800825593395253 0.03458697112155809 0.06191950464396285
32 0.6699126930826058 0.6816305469556243 0.03425117528542646 0.06501547987616099
282 0.7065144392209537 0.8106295149638802 0.04365345869711216 0.07223942208462332
282 0.7419408999328408 0.8088235294117647 0.048690396239086636 0.06862745098039216
229 0.832102081934184 0.7781217750257998 0.05439892545332438 0.10732714138286893
229 0.8003693754197448 0.781733746130031 0.04533243787777032 0.10629514963880289
229 0.7731699126930826 0.7959236326109391 0.03928811282740094 0.08823529411764706
259 0.7498321020819342 0.675954592363261 0.02887844190732035 0.06604747162022703
259 0.7723304231027536 0.6746646026831785 0.03290799194089993 0.06553147574819401
259 0.7971793149764943 0.6736326109391125 0.03089321692411014 0.06553147574819401
298 0.8268972464741438 0.6635706914344686 0.04801880456682337 0.08565531475748193
298 0.8557756883814641 0.6612487100103199 0.039959704499664205 0.08410732714138287
309 0.7842511752854264 0.3637770897832817 0.04398925453324379 0.0412796697626419
87 0.783747481531229 0.39525283797729616 0.042981867024848894 0.034055727554179564
355 0.8242108797850907 0.36609907120743035 0.04600402955003358 0.04076367389060888
355 0.8232034922766958 0.39628482972136225 0.041302887844190735 0.033023735810113516
174 0.8688717259905977 0.3635190918472652 0.04533243787777032 0.04076367389060888
174 0.8666890530557421 0.39525283797729616 0.04633982538616521 0.034055727554179564
189 0.7374076561450638 0.39628482972136225 0.048354600402955 0.03508771929824561
297 0.6861987911349899 0.2755417956656347 0.04667562122229684 0.04437564499484004
297 0.6858629952988583 0.30985552115583076 0.04667562122229684 0.03869969040247678
184 0.7221289456010745 0.2964396284829721 0.02719946272666219 0.06140350877192982
184 0.7437877770315648 0.29695562435500517 0.026863666890530557 0.06140350877192982
45 0.7679650772330423 0.2964396284829721 0.029550033579583614 0.06140350877192982
28 0.7901276024177301 0.29747162022703816 0.02552048354600403 0.06140350877192982
355 0.811114842175957 0.3000515995872033 0.029885829415715246 0.05727554179566564
355 0.8349563465413029 0.30056759545923634 0.02719946272666219 0.05727554179566564
87 0.8653458697112156 0.3108875128998968 0.0409670920080591 0.03663570691434469
87 0.8930490261920753 0.2807017543859649 0.050705171255876424 0.043343653250773995
87 0.8990933512424446 0.3126934984520124 0.036601746138347886 0.03508771929824561
355 0.7404298186702485 0.21052631578947367 0.03425117528542646 0.05985552115583075
355 0.7659503022162525 0.2107843137254902 0.029550033579583614 0.06037151702786378
122 0.7931497649429147 0.19530443756449947 0.04701141705842848 0.04076367389060888
122 0.7968435191403627 0.22497420020639836 0.04365345869711216 0.033023735810113516
122 0.8368032236400269 0.22574819401444787 0.048354600402955 0.033539731682146544
173 0.8777703156480859 0.22652218782249742 0.050369375419744795 0.03508771929824561
173 0.8779382135661518 0.19427244582043343 0.050705171255876424 0.04282765737874097
196 0.4170584284754869 0.3286893704850361 0.026192075218267292 0.06914344685242518
332 0.4432505036937542 0.32946336429308565 0.02552048354600403 0.06862745098039216
210 0.4719610476830087 0.3302373581011352 0.025184687709872398 0.06914344685242518
192 0.5033579583613164 0.33126934984520123 0.03492276695768973 0.06604747162022703
222 0.537441235728677 0.3330753353973168 0.031229012760241773 0.06243550051599587
142 0.5688381464069846 0.33359133126934987 0.0315648085963734 0.06243550051599587
142 0.5988918737407656 0.33384932920536636 0.031229012760241773 0.06191950464396285
324 0.6301208865010074 0.33436532507739936 0.031229012760241773 0.06191950464396285
100 0.2577233042310275 0.6431888544891641 0.024513096037609133 0.08101135190918472
100 0.28223640026863667 0.6413828689370485 0.028542646071188716 0.08359133126934984
100 0.3097716588314305 0.6388028895768834 0.029885829415715246 0.08668730650154799
100 0.3329415715245131 0.6377708978328174 0.018468770987239758 0.08359133126934984
100 0.37777031564808594 0.6375128998968008 0.02216252518468771 0.08410732714138287
100 0.40043653458697115 0.6372549019607843 0.02719946272666219 0.08359133126934984
100 0.42276695768972467 0.6364809081527347 0.02216252518468771 0.08204334365325078
100 0.2585627938213566 0.739938080495356 0.01880456682337139 0.06398348813209494
100 0.2817327065144392 0.739938080495356 0.0315648085963734 0.06398348813209494
100 0.31229012760241776 0.7386480908152735 0.03089321692411014 0.06656346749226007
100 0.33529214237743454 0.7371001031991744 0.017797179314976493 0.06346749226006192
100 0.3782740094022834 0.7319401444788441 0.02048354600402955 0.07069143446852426
100 0.4024513096037609 0.7319401444788441 0.028542646071188716 0.07069143446852426
100 0.4244459368703828 0.728328173374613 0.017461383478844864 0.07275541795665634
171 0.6140026863666891 0.7043343653250774 0.02719946272666219 0.0825593395252838
171 0.588482202820685 0.7020123839009288 0.025856279382135663 0.07791537667698659
171 0.5673270651443922 0.7045923632610939 0.02182672934855608 0.07791537667698659
171 0.5567494963062458 0.8023735810113519 0.017461383478844864 0.06191950464396285
171 0.5785762256548019 0.8021155830753354 0.026863666890530557 0.06243550051599587
171 0.604936198791135 0.8003095975232198 0.025856279382135663 0.06398348813209494
171 0.6244123572867697 0.7977296181630547 0.01511081262592344 0.06191950464396285
100 0.26007387508394897 0.8310113519091847 0.02048354600402955 0.06553147574819401
100 0.28391537944929485 0.8307533539731682 0.03190060443250504 0.06501547987616099
100 0.31279382135661515 0.8289473684210527 0.03190060443250504 0.06140350877192982
100 0.33529214237743454 0.8273993808049536 0.016453995970449966 0.058307533539731685
100 0.42696440564137006 0.8160474716202271 0.01712558764271323 0.06759545923632611
100 0.4044660846205507 0.8181114551083591 0.028542646071188716 0.0696594427244582
100 0.3802887844190732 0.8196594427244582 0.019811954331766288 0.07069143446852426
160 0.4706178643384822 0.7221362229102167 0.01511081262592344 0.07275541795665634
160 0.48925453324378776 0.7195562435500515 0.022834116856950974 0.06862745098039216
160 0.5129281396910679 0.7187822497420021 0.024513096037609133 0.06811145510835913
182 0.6635325721961047 0.5846233230134159 0.024848891873740765 0.05779153766769866
182 0.6873740765614507 0.5833333333333334 0.024848891873740765 0.05727554179566564
65 0.7164204163868368 0.5838493292053664 0.026527871054398924 0.05624355005159959
65 0.7419408999328408 0.5841073271413829 0.026527871054398924 0.05056759545923633
56 0.7696440564137005 0.5753353973168215 0.03022162525184688 0.06811145510835913
56 0.7963398253861652 0.5758513931888545 0.028542646071188716 0.06604747162022703
56 0.8215245130960376 0.5755933952528379 0.028542646071188716 0.06553147574819401
56 0.8453660174613835 0.5750773993808049 0.031229012760241773 0.06553147574819401
178 0.41118200134318333 0.5131578947368421 0.024513096037609133 0.08410732714138287
178 0.43888515782404297 0.5128998968008256 0.024848891873740765 0.0825593395252838
178 0.4652451309603761 0.512125902992776 0.02384150436534587 0.08101135190918472
325 0.4958025520483546 0.5165118679050568 0.02249832102081934 0.06914344685242518
146 0.5162860980523841 0.5139318885448917 0.019140362659503023 0.07223942208462332
325 0.5419744795164539 0.5154798761609907 0.020147750167897917 0.06811145510835913
325 0.5619543317662861 0.5152218782249742 0.02048354600402955 0.06759545923632611
306 0.5864674278038953 0.5069659442724458 0.04264607118871726 0.08410732714138287
306 0.6222296843519141 0.5064499484004128 0.0335795836131632 0.08204334365325078
347 0.1302887844190732 0.3498452012383901 0.0315648085963734 0.10526315789473684
347 0.15983881799865682 0.3511351909184727 0.03089321692411014 0.10371517027863777
141 0.1914036265950302 0.3526831785345717 0.03492276695768973 0.10165118679050568
141 0.2216252518468771 0.35371517027863775 0.038280725319006045 0.10061919504643962
340 0.26242444593687037 0.35165118679050567 0.04667562122229684 0.10577915376676987
340 0.3067494963062458 0.35139318885448917 0.04331766286098052 0.10732714138286893
63 0.34956346541302885 0.35474716202270384 0.03626595030221625 0.10165118679050568
63 0.3826393552719946 0.3544891640866873 0.031229012760241773 0.10526315789473684
355 0.41470785762256546 0.4200206398348813 0.027535258562793822 0.06191950464396285
355 0.44157152451309606 0.4197626418988648 0.028206850235057087 0.06243550051599587
111 0.46709200805910006 0.42492260061919507 0.020819341840161182 0.0500515995872033
111 0.4912693082605776 0.424406604747162 0.021490933512424447 0.0500515995872033
1 0.5174613834788448 0.4277605779153767 0.028206850235057087 0.04437564499484004
1 0.5421423774345198 0.42750257997936014 0.02384150436534587 0.04489164086687306
19 0.48757555406312963 0.24638802889576883 0.038280725319006045 0.053147574819401446
19 0.4889187374076561 0.19066047471620226 0.041638683680322364 0.06140350877192982
71 0.5282068502350571 0.19169246646026833 0.038280725319006045 0.06243550051599587
71 0.5258562793821356 0.24690402476780185 0.03760913364674278 0.05108359133126935
281 0.5638012088650101 0.24845201238390094 0.036937541974479515 0.0500515995872033
281 0.5663196776359973 0.19478844169246645 0.038616521155137674 0.05933952528379773
281 0.6019140362659503 0.24922600619195046 0.041302887844190735 0.05159958720330237
314 0.6400268636668905 0.25 0.03626595030221625 0.0500515995872033
40 0.1334788448623237 0.206656346749226 0.0325721961047683 0.09442724458204334
40 0.16370047011417058 0.20949432404540763 0.0325721961047683 0.09184726522187822
40 0.19895903290799194 0.21362229102167182 0.025856279382135663 0.08668730650154799
144 0.22800537273337812 0.21413828689370484 0.0335795836131632 0.09184726522187822
144 0.25721961047683006 0.20872033023735811 0.03089321692411014 0.10371517027863777
49 0.28945601074546673 0.21413828689370484 0.036937541974479515 0.09700722394220847
49 0.3228676964405641 0.21620227038183695 0.035258562793821356 0.09700722394220847
49 0.35577568838146406 0.21646026831785345 0.035258562793821356 0.09958720330237358
40 0.3960711887172599 0.22342621259029927 0.04533243787777032 0.08978328173374613
40 0.4420752182672935 0.22316821465428277 0.048690396239086636 0.09442724458204334
304 0.13582941571524512 0.5054179566563467 0.047347212894560106 0.10990712074303406
304 0.1814976494291471 0.5046439628482973 0.04331766286098052 0.10939112487100103
304 0.2278374748153123 0.5043859649122807 0.04600402955003358 0.10887512899896801
304 0.27031564808596376 0.5030959752321982 0.0409670920080591 0.10629514963880289
304 0.31111484217595703 0.5030959752321982 0.04331766286098052 0.10629514963880289
118 0.3633310946944258 0.5069659442724458 0.040295500335795834 0.09649122807017543
272 0.11165211551376764 0.05030959752321981 0.04331766286098052 0.09649122807017543
272 0.146910678307589 0.053663570691434466 0.03190060443250504 0.09597523219814241
219 0.17897918065815985 0.052889576883384935 0.039623908663532575 0.10268317853457172
219 0.2132303559435863 0.05624355005159959 0.03626595030221625 0.1021671826625387
151 0.24613834788448624 0.05495356037151703 0.03760913364674278 0.10681114551083591
151 0.2813969106783076 0.06656346749226007 0.040295500335795834 0.09184726522187822
252 0.32169241101410345 0.06475748194014448 0.039623908663532575 0.10371517027863777
252 0.35745466756212224 0.07069143446852426 0.03727333781061115 0.09907120743034056
103 0.3928811282740094 0.0848813209494324 0.02887844190732035 0.07585139318885449
225 0.42276695768972467 0.08823529411764706 0.02887844190732035 0.07739938080495357
198 0.46373404969778376 0.09803921568627451 0.053727333781061114 0.05985552115583075
64 0.5151108126259234 0.0892672858617131 0.04432505036937542 0.0825593395252838
319 0.2540295500335796 0.12512899896800825 0.03324378777703157 0.043859649122807015
25 0.5554063129617193 0.06630546955624356 0.03425117528542646 0.047987616099071206
25 0.5622901276024177 0.10990712074303406 0.04264607118871726 0.047471620227038186
339 0.5988918737407656 0.06191950464396285 0.05271994627266622 0.06501547987616099
339 0.6042646071188718 0.11377708978328173 0.041302887844190735 0.04592363261093911
200 0.648757555406313 0.06630546955624356 0.050369375419744795 0.06449948400412797
200 0.6479180658159839 0.11713106295149639 0.04600402955003358 0.043343653250773995
344 0.6939220953660175 0.07094943240454077 0.04466084620550705 0.05521155830753354
344 0.69341840161182 0.11816305469556243 0.04633982538616521 0.04437564499484004
334 0.8682001343183344 0.11867905056759546 0.024513096037609133 0.05779153766769866
334 0.8901947615849564 0.11996904024767802 0.027535258562793822 0.058307533539731685
352 0.9133646742780389 0.12229102167182662 0.021490933512424447 0.05779153766769866
352 0.9356950973807925 0.12280701754385964 0.024513096037609133 0.05779153766769866
177 0.9555070517125588 0.12538699690402477 0.024513096037609133 0.05675954592363261
177 0.9729684351914036 0.1264189886480908 0.02048354600402955 0.05779153766769866
160 0.47028206850235055 0.8106295149638802 0.021155137676292814 0.07120743034055728
160 0.4946272666218939 0.8126934984520123 0.02350570852921424 0.06707946336429309
160 0.5167897918065816 0.8116615067079463 0.01544660846205507 0.07946336429308566
160 0.5159503022162525 0.6300309597523219 0.021155137676292814 0.06811145510835913
100 0.20231699126930827 0.6535087719298246 0.030557421087978508 0.08513931888544891
100 0.1702484889187374 0.6439628482972136 0.035594358629952985 0.08668730650154799
100 0.20567494963062458 0.7458720330237358 0.029885829415715246 0.07585139318885449
100 0.20953660174613833 0.8397832817337462 0.0335795836131632 0.08204334365325078
338 0.9017797179314977 0.7456140350877193 0.08025520483546005 0.05056759545923633
338 0.9027871054398925 0.8013415892672858 0.08428475486903962 0.047471620227038186
338 0.972632639355272 0.7489680082559339 0.05473472128945601 0.049019607843137254
338 0.9748153122901276 0.7982456140350878 0.050369375419744795 0.043343653250773995
329 0.9722968435191404 0.6553147574819401 0.047347212894560106 0.08359133126934984
62 0.8930490261920753 0.6584107327141383 0.04063129617192747 0.07430340557275542
349 0.8863331094694425 0.5810113519091847 0.03794492948287441 0.05056759545923633
349 0.9204163868368033 0.5776573787409701 0.03022162525184688 0.05417956656346749
152 0.9585292142377434 0.5792053663570691 0.0325721961047683 0.0521155830753354
152 0.9885829415715245 0.5838493292053664 0.022834116856950974 0.0500515995872033
355 0.9833781061114842 0.49251805985552116 0.0325721961047683 0.05727554179566564
296 0.9456010745466756 0.48606811145510836 0.026192075218267292 0.04437564499484004
271 0.916051040967092 0.48477812177502577 0.035594358629952985 0.058307533539731685
52 0.9249496306245802 0.21388028895768835 0.04063129617192747 0.058307533539731685
52 0.9642377434519812 0.21413828689370484 0.03458697112155809 0.05985552115583075
52 0.9916051040967092 0.21775025799793601 0.016118200134318333 0.058823529411764705
