218 0.17083333333333334 0.81484375 0.11041666666666666 0.1171875
218 0.25729166666666664 0.83125 0.11458333333333333 0.153125
23 0.48020833333333335 0.8890625 0.14166666666666666 0.1359375
205 0.8494791666666667 0.92265625 0.13020833333333334 0.1546875
181 0.9677083333333333 0.76484375 0.06458333333333334 0.1578125
181 0.7192708333333333 0.7375 0.13645833333333332 0.153125
97 0.5911458333333334 0.721875 0.13020833333333334 0.15
342 0.2859375 0.677734375 0.13020833333333334 0.14453125
342 0.18020833333333333 0.669921875 0.10625 0.13046875
342 0.096875 0.65859375 0.1125 0.128125
50 0.5416666666666666 0.333203125 0.13125 0.12578125
47 0.7723958333333333 0.341015625 0.11979166666666667 0.11953125
305 0.8989583333333333 0.3390625 0.13333333333333333 0.121875
30 0.22864583333333333 0.138671875 0.140625 0.16015625
30 0.10729166666666666 0.1484375 0.11666666666666667 0.153125
30 0.0390625 0.154296875 0.078125 0.14921875
223 0.5015625 0.516015625 0.115625 0.13046875
164 0.6098958333333333 0.51953125 0.13020833333333334 0.1421875
181 0.8776041666666666 0.71875 0.18020833333333333 0.209375
205 0.7328125 0.91015625 0.146875 0.1796875
205 0.603125 0.888671875 0.13958333333333334 0.20078125
23 0.3697916666666667 0.8625 0.12083333333333333 0.11875
97 0.38229166666666664 0.67578125 0.1125 0.1359375
97 0.48020833333333335 0.70625 0.11666666666666667 0.15
14 0.8473958333333333 0.54921875 0.13020833333333334 0.121875
328 0.95625 0.516015625 0.0875 0.20234375
47 0.6677083333333333 0.337109375 0.1125 0.11953125
50 0.4348958333333333 0.33359375 0.13229166666666667 0.1203125
187 0.2994791666666667 0.528515625 0.109375 0.07421875
34 0.18020833333333333 0.490625 0.11666666666666667 0.1421875
34 0.09739583333333333 0.490625 0.13229166666666667 0.125
305 0.365625 0.14375 0.06666666666666667 0.1390625
29 0.6213541666666667 0.109765625 0.16145833333333334 0.18046875
29 0.7651041666666667 0.098828125 0.178125 0.18828125
130 0.9255208333333333 0.096875 0.14895833333333333 0.19375
29 0.4739583333333333 0.138671875 0.16875 0.20078125
187 0.3885416666666667 0.513671875 0.13958333333333334 0.12109375
53 0.040625 0.337890625 0.08125 0.10703125
53 0.128125 0.337109375 0.1125 0.10859375
330 0.24635416666666668 0.341015625 0.115625 0.10546875
330 0.3307291666666667 0.33984375 0.08854166666666667 0.1109375
