262 0.493896484375 0.5537109375 0.06494140625 0.16341145833333334
336 0.550537109375 0.55078125 0.06494140625 0.15625
336 0.597412109375 0.548828125 0.05810546875 0.13671875
108 0.654052734375 0.541015625 0.06787109375 0.13671875
108 0.705810546875 0.5361328125 0.05517578125 0.13346354166666666
336 0.754638671875 0.5283203125 0.05908203125 0.134765625
336 0.793701171875 0.525390625 0.04736328125 0.13411458333333334
336 0.839599609375 0.521484375 0.06201171875 0.13151041666666666
305 0.779052734375 0.388671875 0.06201171875 0.11979166666666667
47 0.727294921875 0.38671875 0.06787109375 0.11979166666666667
78 0.662841796875 0.390625 0.06494140625 0.12630208333333334
117 0.602294921875 0.3935546875 0.06982421875 0.12955729166666666
162 0.513427734375 0.26171875 0.10693359375 0.17447916666666666
130 0.437255859375 0.244140625 0.04541015625 0.21484375
130 0.356201171875 0.2392578125 0.12060546875 0.22330729166666666
34 0.226318359375 0.2197265625 0.14111328125 0.2584635416666667
34 0.096435546875 0.208984375 0.17724609375 0.27734375
218 0.143310546875 0.83984375 0.13916015625 0.25390625
218 0.263427734375 0.8046875 0.11572265625 0.24739583333333334
187 0.366943359375 0.7939453125 0.10205078125 0.216796875
181 0.464599609375 0.7705078125 0.10205078125 0.23111979166666666
97 0.554443359375 0.755859375 0.08544921875 0.19401041666666666
191 0.631591796875 0.7373046875 0.08544921875 0.208984375
191 0.705810546875 0.7255859375 0.09814453125 0.20247395833333334
342 0.779052734375 0.716796875 0.08349609375 0.17447916666666666
164 0.848388671875 0.716796875 0.07177734375 0.16276041666666666
315 0.929443359375 0.07421875 0.06884765625 0.1171875
214 0.873779296875 0.060546875 0.06005859375 0.12109375
308 0.827880859375 0.056640625 0.05712890625 0.11328125
75 0.776123046875 0.0546875 0.06298828125 0.109375
201 0.784912109375 0.2314453125 0.05419921875 0.111328125
61 0.733154296875 0.23046875 0.05810546875 0.11067708333333333
61 0.677490234375 0.2265625 0.05810546875 0.10677083333333333
261 0.620849609375 0.2265625 0.05517578125 0.11588541666666667
50 0.845947265625 0.3759765625 0.07373046875 0.13606770833333334
330 0.8828125 0.3821614583333333 0.0546875 0.11979166666666667
201 0.8388671875 0.236328125 0.052734375 0.10416666666666667
260 0.8857421875 0.23828125 0.0537109375 0.1015625
260 0.923095703125 0.2421875 0.04638671875 0.09505208333333333
7 0.38037109375 0.9593098958333334 0.0869140625 0.068359375
7 0.470703125 0.9541015625 0.09765625 0.091796875
85 0.560546875 0.9674479166666666 0.076171875 0.06380208333333333
85 0.62353515625 0.9264322916666666 0.107421875 0.11979166666666667
35 0.710205078125 0.9573567708333334 0.06005859375 0.08528645833333333
35 0.76953125 0.9475911458333334 0.0478515625 0.09830729166666667
15 0.82080078125 0.9407552083333334 0.0390625 0.11848958333333333
15 0.85791015625 0.9358723958333334 0.033203125 0.12825520833333334
233 0.03466796875 0.7822265625 0.0693359375 0.11783854166666667
96 0.0458984375 0.9599609375 0.0888671875 0.080078125
96 0.04345703125 0.87890625 0.083984375 0.06770833333333333
197 0.181884765625 0.5872395833333334 0.14306640625 0.17447916666666666
197 0.310791015625 0.5725911458333334 0.11767578125 0.162109375
197 0.41845703125 0.5628255208333334 0.0986328125 0.16861979166666666
