30 0.07468553459119497 0.2692212301587302 0.14937106918238993 0.10987103174603174
30 0.22012578616352202 0.27219742063492064 0.16457023060796647 0.11284722222222222
29 0.3841719077568134 0.2779017857142857 0.16561844863731656 0.10987103174603174
29 0.5414046121593291 0.28000992063492064 0.16771488469601678 0.1076388888888889
75 0.6868448637316562 0.2926587301587302 0.1420335429769392 0.08878968253968254
75 0.8265199161425576 0.29650297619047616 0.14255765199161424 0.08854166666666667
194 0.9182389937106918 0.3062996031746032 0.08909853249475891 0.0679563492063492
194 0.9795597484276729 0.3072916666666667 0.040880503144654086 0.06597222222222222
130 0.8666142557651991 0.42150297619047616 0.17452830188679244 0.10639880952380952
130 0.7093815513626834 0.4185267857142857 0.16823899371069181 0.10491071428571429
53 0.5335429769392034 0.4205109126984127 0.15723270440251572 0.09300595238095238
53 0.3831236897274633 0.41964285714285715 0.16457023060796647 0.08878968253968254
34 0.22012578616352202 0.40587797619047616 0.16457023060796647 0.11284722222222222
34 0.07468553459119497 0.4029017857142857 0.14937106918238993 0.11284722222222222
187 0.07468553459119497 0.5465029761904762 0.14937106918238993 0.09102182539682539
187 0.22012578616352202 0.5484871031746031 0.15618448637316562 0.09300595238095238
355 0.3472222222222222 0.5572916666666666 0.10639412997903563 0.0818452380952381
355 0.444706498951782 0.5562996031746031 0.10639412997903563 0.0818452380952381
145 0.5636792452830188 0.5572916666666666 0.13259958071278827 0.08878968253968254
145 0.6878930817610063 0.5592757936507936 0.13574423480083858 0.08878968253968254
164 0.8176100628930818 0.5631200396825397 0.14255765199161424 0.08854166666666667
164 0.9371069182389937 0.5631200396825397 0.12578616352201258 0.09151785714285714
181 0.9365828092243187 0.7017609126984127 0.12683438155136267 0.10639880952380952
181 0.8050314465408805 0.6999007936507936 0.15932914046121593 0.10615079365079365
97 0.6527777777777778 0.6979166666666666 0.14832285115303984 0.10615079365079365
97 0.5131027253668763 0.6959325396825397 0.14360587002096437 0.10218253968253968
342 0.36346960167714887 0.6959325396825397 0.14832285115303984 0.09871031746031746
342 0.22012578616352202 0.6939484126984127 0.149895178197065 0.09871031746031746
342 0.08045073375262055 0.6939484126984127 0.14832285115303984 0.09623015873015874
218 0.0600104821802935 0.8247767857142857 0.1189727463312369 0.12227182539682539
218 0.1850104821802935 0.8227926587301587 0.1540880503144654 0.12475198412698413
218 0.3283542976939203 0.8102678571428571 0.13574423480083858 0.10615079365079365
23 0.4672431865828092 0.8335813492063492 0.14832285115303984 0.10218253968253968
23 0.6098008385744235 0.8355654761904762 0.14832285115303984 0.0992063492063492
23 0.7581236897274634 0.8480902777777778 0.1619496855345912 0.08953373015873016
205 0.8852201257861635 0.8169642857142857 0.14255765199161424 0.10615079365079365
205 0.9690775681341719 0.8365575396825397 0.06184486373165619 0.12450396825396826
