232 0.32815161839863716 0.1813186813186813 0.1247870528109029 0.08502024291497975
232 0.44314310051107325 0.1813186813186813 0.1247870528109029 0.0803932909196067
232 0.4465502555366269 0.24927703875072296 0.1247870528109029 0.08097165991902834
232 0.4465502555366269 0.3192596876807403 0.13415672913117546 0.08097165991902834
4 0.5932708688245315 0.24725274725274726 0.13287904599659284 0.08502024291497975
4 0.7137989778534923 0.24725274725274726 0.12180579216354344 0.0803932909196067
4 0.7116695059625213 0.3192596876807403 0.12180579216354344 0.08097165991902834
4 0.6011499148211243 0.3192596876807403 0.11797274275979557 0.07403123192596876
138 0.8675468483816013 0.1813186813186813 0.2061328790459966 0.07692307692307693
138 0.8675468483816013 0.2533256217466744 0.18739352640545145 0.07403123192596876
138 0.8675468483816013 0.3192596876807403 0.18739352640545145 0.07403123192596876
232 0.33049403747870526 0.24725274725274726 0.12180579216354344 0.0803932909196067
232 0.33028109028960817 0.3192596876807403 0.1247870528109029 0.08328513591671487
102 0.1690800681431005 0.11740890688259109 0.22061328790459966 0.0821283979178716
102 0.13862862010221466 0.18045112781954886 0.24829642248722317 0.08791208791208792
102 0.13756388415672913 0.25477154424522847 0.2453151618398637 0.08270676691729323
102 0.13756388415672913 0.3215731636784268 0.2453151618398637 0.07750144592249855
283 0.4069420783645656 0.44100636205899363 0.22529812606473595 0.08617698091382302
283 0.38990630323679726 0.4997108155002892 0.22359454855195912 0.09947946790052054
283 0.40502555366269166 0.5401966454598034 0.24872231686541738 0.10989010989010989
283 0.3956558773424191 0.6185656448814344 0.252129471890971 0.10584152689415847
283 0.3973594548551959 0.7061885482938115 0.25383304940374785 0.09485251590514748
283 0.40119250425894376 0.7767495662232504 0.25383304940374785 0.09947946790052054
283 0.403747870528109 0.8533834586466166 0.252129471890971 0.10352805089647195
283 0.401618398637138 0.9282822440717178 0.252129471890971 0.09947946790052054
80 0.602427597955707 0.5641989589358011 0.1682282793867121 0.031810294968189705
80 0.6111584327086882 0.589358010410642 0.16609880749574105 0.042799305957200696
80 0.6264906303236797 0.6150954308849046 0.19591141396933562 0.054945054945054944
80 0.6503407155025553 0.6729323308270677 0.2453151618398637 0.10468478889531521
80 0.6505536626916525 0.7677848467322151 0.24744463373083475 0.08733371891266628
80 0.6501277683134583 0.8409485251590515 0.24574105621805792 0.09832272990167727
80 0.6514054514480409 0.9193175245806825 0.24744463373083475 0.08386350491613649
275 0.14224872231686542 0.9412955465587044 0.2683134582623509 0.08502024291497975
275 0.14203577512776833 0.862058993637941 0.2644804088586031 0.10352805089647195
275 0.14203577512776833 0.7802197802197802 0.26192504258943783 0.09947946790052054
275 0.141396933560477 0.6911509543088491 0.2614991482112436 0.10989010989010989
275 0.14991482112436116 0.5876229034123771 0.2444633730834753 0.10989010989010989
275 0.17248722316865417 0.5303643724696356 0.206984667802385 0.05205320994794679
6 0.8500851788756388 0.6495083863504916 0.18057921635434412 0.10294968189705032
6 0.8290034071550255 0.5887796414112204 0.13841567291311754 0.03701561596298438
6 0.879045996592845 0.7515905147484094 0.2120954003407155 0.10237131289762869
6 0.893313458262351 0.8331405436668594 0.19293015332197616 0.08155002891844997
6 0.8856473594548552 0.9074609600925391 0.20911413969335604 0.07403123192596876
138 0.739778534923339 0.12781954887218044 0.13798977853492334 0.05089647194910353
138 0.7199744463373083 0.17958357432041644 0.10775127768313458 0.04800462695199537
