73 0.1416170634920635 0.41187169312169314 0.041666666666666664 0.05125661375661376
73 0.1831597222222222 0.4128637566137566 0.04439484126984127 0.05125661375661376
73 0.1918402777777778 0.3644179894179894 0.038938492063492064 0.05357142857142857
204 0.22358630952380953 0.40922619047619047 0.034970238095238096 0.03736772486772487
204 0.25818452380952384 0.41005291005291006 0.03869047619047619 0.03835978835978836
204 0.25830853174603174 0.3654100529100529 0.03794642857142857 0.05423280423280423
264 0.29464285714285715 0.41121031746031744 0.03720238095238095 0.03802910052910053
204 0.2976190476190476 0.361276455026455 0.03819444444444445 0.03670634920634921
265 0.1341765873015873 0.283234126984127 0.05109126984126984 0.0539021164021164
217 0.22433035714285715 0.28406084656084657 0.041914682539682536 0.06084656084656084
217 0.2632688492063492 0.291005291005291 0.03943452380952381 0.05092592592592592
284 0.1817956349206349 0.28290343915343913 0.04811507936507937 0.05853174603174603
284 0.22395833333333334 0.23644179894179895 0.043154761904761904 0.05952380952380952
217 0.26351686507936506 0.23991402116402116 0.03249007936507937 0.045304232804232805
239 0.298859126984127 0.2771164021164021 0.030257936507936508 0.08002645502645503
239 0.32862103174603174 0.2847222222222222 0.027777777777777776 0.0667989417989418
239 0.35540674603174605 0.2800925925925926 0.028273809523809524 0.07804232804232804
188 0.38566468253968256 0.2900132275132275 0.026785714285714284 0.06018518518518518
188 0.41195436507936506 0.2924933862433862 0.026785714285714284 0.05787037037037037
239 0.42398313492063494 0.2564484126984127 0.01711309523809524 0.06779100529100529
188 0.4027777777777778 0.23809523809523808 0.02628968253968254 0.06018518518518518
188 0.38777281746031744 0.24371693121693122 0.004712301587301587 0.03571428571428571
307 0.4964037698412698 0.2933201058201058 0.025049603174603176 0.036375661375661374
307 0.4713541666666667 0.2918320105820106 0.025049603174603176 0.036044973544973546
307 0.4470486111111111 0.2908399470899471 0.024057539682539684 0.035383597883597885
280 0.525421626984127 0.23792989417989419 0.024057539682539684 0.03736772486772487
280 0.5265376984126984 0.29646164021164023 0.023313492063492064 0.03802910052910053
280 0.5497271825396826 0.29728835978835977 0.023065476190476192 0.03835978835978836
280 0.5713045634920635 0.2976190476190476 0.021081349206349208 0.03902116402116402
52 0.6540178571428571 0.31117724867724866 0.04365079365079365 0.041005291005291
52 0.6917162698412699 0.3125 0.03819444444444445 0.03835978835978836
333 0.7322668650793651 0.2567791005291005 0.04141865079365079 0.0625
333 0.7296626984126984 0.3123346560846561 0.03571428571428571 0.05324074074074074
143 0.7731894841269841 0.3272156084656085 0.05282738095238095 0.028108465608465607
243 0.1884920634920635 0.4945436507936508 0.08035714285714286 0.0419973544973545
243 0.17881944444444445 0.531415343915344 0.0992063492063492 0.037037037037037035
329 0.22581845238095238 0.7256944444444444 0.05381944444444445 0.06117724867724868
329 0.1749751984126984 0.7255291005291006 0.06076388888888889 0.061507936507936505
62 0.21143353174603174 0.845568783068783 0.05381944444444445 0.08068783068783068
62 0.16145833333333334 0.847718253968254 0.05704365079365079 0.08432539682539683
246 0.26550099206349204 0.8191137566137566 0.04836309523809524 0.04497354497354497
246 0.31125992063492064 0.8187830687830688 0.04861111111111111 0.04431216931216931
246 0.27058531746031744 0.8553240740740741 0.037698412698412696 0.030753968253968252
246 0.30580357142857145 0.8549933862433863 0.03571428571428571 0.030753968253968252
246 0.369171626984127 0.8511904761904762 0.04141865079365079 0.047619047619047616
246 0.4076140873015873 0.8420965608465608 0.03695436507936508 0.04133597883597884
132 0.5161210317460317 0.8091931216931217 0.04662698412698413 0.04828042328042328
132 0.47197420634920634 0.7905092592592593 0.043154761904761904 0.040674603174603176
132 0.5102926587301587 0.855489417989418 0.046875 0.03373015873015873
132 0.46490575396825395 0.855489417989418 0.044890873015873016 0.03306878306878307
208 0.5938740079365079 0.8488756613756614 0.0339781746031746 0.04431216931216931
208 0.560515873015873 0.8113425925925926 0.03869047619047619 0.04133597883597884
208 0.5587797619047619 0.8511904761904762 0.034722222222222224 0.03968253968253968
235 0.691468253968254 0.832010582010582 0.050595238095238096 0.07539682539682539
271 0.7162698412698413 0.7255291005291006 0.03373015873015873 0.041666666666666664
271 0.6847718253968254 0.7258597883597884 0.03869047619047619 0.041005291005291
271 0.6530257936507936 0.7261904761904762 0.03373015873015873 0.04034391534391534
271 0.6512896825396826 0.6891534391534392 0.030257936507936508 0.036375661375661374
271 0.6783234126984127 0.6865079365079365 0.041666666666666664 0.042328042328042326
271 0.7115575396825397 0.6858465608465608 0.043154761904761904 0.041005291005291
96 0.7801339285714286 0.6881613756613757 0.046378968253968256 0.04431216931216931
96 0.7839781746031746 0.7240410052910053 0.034722222222222224 0.02943121693121693
96 0.7506200396825397 0.7194113756613757 0.03546626984126984 0.03736772486772487
349 0.5440228174603174 0.728505291005291 0.034970238095238096 0.04497354497354497
349 0.5425347222222222 0.6830357142857143 0.031994047619047616 0.03670634920634921
349 0.5727926587301587 0.6774140211640212 0.029513888888888888 0.028769841269841268
349 0.580109126984127 0.7251984126984127 0.03670634920634921 0.041005291005291
349 0.6145833333333334 0.7288359788359788 0.033234126984126984 0.03306878306878307
349 0.6145833333333334 0.6911375661375662 0.033234126984126984 0.04431216931216931
152 0.5001240079365079 0.6942791005291006 0.03844246031746032 0.04662698412698413
152 0.5031001984126984 0.7329695767195767 0.037450396825396824 0.0333994708994709
86 0.46044146825396826 0.7210648148148148 0.03943452380952381 0.04662698412698413
86 0.3629712301587302 0.697255291005291 0.04836309523809524 0.04332010582010582
86 0.3658234126984127 0.732473544973545 0.03125 0.03042328042328042
86 0.40327380952380953 0.7280092592592593 0.033234126984126984 0.040013227513227514
109 0.28075396825396826 0.6946097883597884 0.046130952380952384 0.04332010582010582
109 0.27628968253968256 0.7326388888888888 0.03720238095238095 0.03406084656084656
109 0.3116319444444444 0.7294973544973545 0.037450396825396824 0.03968253968253968
92 0.17559523809523808 0.6254960317460317 0.027281746031746032 0.03736772486772487
92 0.20510912698412698 0.6254960317460317 0.03422619047619048 0.03802910052910053
8 0.3023313492063492 0.6484788359788359 0.05257936507936508 0.009259259259259259
42 0.4046378968253968 0.6276455026455027 0.025049603174603176 0.036375661375661374
42 0.42931547619047616 0.6274801587301587 0.022817460317460316 0.03670634920634921
296 0.4739583333333333 0.6284722222222222 0.03373015873015873 0.03670634920634921
296 0.5086805555555556 0.628968253968254 0.03571428571428571 0.037698412698412696
296 0.5107886904761905 0.5932539682539683 0.03447420634920635 0.046296296296296294
296 0.47544642857142855 0.5886243386243386 0.036210317460317464 0.041005291005291
38 0.5427827380952381 0.6205357142857143 0.021081349206349208 0.06382275132275132
38 0.5657242063492064 0.6180555555555556 0.025793650793650792 0.06944444444444445
38 0.5886656746031746 0.6160714285714286 0.024553571428571428 0.06944444444444445
3 0.6282242063492064 0.6178902116402116 0.04265873015873016 0.054563492063492064
3 0.6752232142857143 0.6221891534391535 0.04836309523809524 0.05853174603174603
3 0.7196180555555556 0.6223544973544973 0.04538690476190476 0.0582010582010582
21 0.7889384920634921 0.6183862433862434 0.031746031746031744 0.06349206349206349
21 0.7775297619047619 0.6111111111111112 0.032242063492063495 0.056878306878306875
21 0.7566964285714286 0.6130952380952381 0.020337301587301588 0.05489417989417989
250 0.6294642857142857 0.5416666666666666 0.025793650793650792 0.03505291005291005
250 0.6548859126984127 0.5421626984126984 0.027529761904761904 0.035383597883597885
250 0.6723710317460317 0.5406746031746031 0.02132936507936508 0.03835978835978836
250 0.6754712301587301 0.5395171957671958 0.028521825396825396 0.040674603174603176
236 0.5735367063492064 0.531415343915344 0.06770833333333333 0.05555555555555555
236 0.5729166666666666 0.4973544973544973 0.06696428571428571 0.051587301587301584
207 0.4759424603174603 0.49255952380952384 0.03869047619047619 0.04662698412698413
207 0.5132688492063492 0.49255952380952384 0.03695436507936508 0.04662698412698413
207 0.4748263888888889 0.5329034391534392 0.03447420634920635 0.034722222222222224
207 0.5119047619047619 0.5325727513227513 0.03968253968253968 0.036044973544973546
12 0.40029761904761907 0.5305886243386243 0.033234126984126984 0.03736772486772487
12 0.4367559523809524 0.5307539682539683 0.034722222222222224 0.037698412698412696
82 0.31063988095238093 0.5299272486772487 0.023561507936507936 0.034722222222222224
82 0.3365575396825397 0.5302579365079365 0.030753968253968252 0.034722222222222224
82 0.36433531746031744 0.531415343915344 0.02628968253968254 0.032407407407407406
0 0.2527281746031746 0.533234126984127 0.028769841269841268 0.04398148148148148
0 0.28125 0.5348875661375662 0.025297619047619048 0.04133597883597884
345 0.28856646825396826 0.6259920634920635 0.02703373015873016 0.037037037037037035
345 0.3152281746031746 0.6258267195767195 0.028769841269841268 0.03670634920634921
33 0.7473958333333334 0.8536706349206349 0.04836309523809524 0.08035714285714286
33 0.7996031746031746 0.8544973544973545 0.05505952380952381 0.08862433862433862
233 0.7513640873015873 0.5365410052910053 0.03794642857142857 0.03207671957671958
