265 0.054563492063492064 0.21858465608465608 0.057539682539682536 0.06283068783068783
73 0.06634424603174603 0.36607142857142855 0.051835317460317464 0.06018518518518518
73 0.11805555555555555 0.36408730158730157 0.0496031746031746 0.057539682539682536
284 0.16393849206349206 0.361276455026455 0.04563492063492063 0.05654761904761905
284 0.20895337301587302 0.3602843915343915 0.03943452380952381 0.05654761904761905
204 0.2478918650793651 0.361276455026455 0.04290674603174603 0.05654761904761905
157 0.302703373015873 0.361276455026455 0.045882936507936505 0.05853174603174603
109 0.9811507936507936 0.31812169312169314 0.037698412698412696 0.10912698412698413
251 0.9841269841269841 0.5036375661375662 0.031746031746031744 0.11838624338624339
233 0.9157986111111112 0.49702380952380953 0.045882936507936505 0.062169312169312166
233 0.8748759920634921 0.4998346560846561 0.045882936507936505 0.05654761904761905
233 0.8348214285714286 0.4998346560846561 0.04563492063492063 0.05654761904761905
233 0.8368055555555556 0.44907407407407407 0.04265873015873016 0.06415343915343916
233 0.8778521825396826 0.44907407407407407 0.04290674603174603 0.06415343915343916
233 0.9139384920634921 0.445271164021164 0.04265873015873016 0.05853174603174603
250 0.7957589285714286 0.4998346560846561 0.04290674603174603 0.05654761904761905
250 0.7576884920634921 0.5028108465608465 0.04265873015873016 0.05324074074074074
250 0.7079613095238095 0.501818783068783 0.045882936507936505 0.05324074074074074
250 0.7576884920634921 0.45287698412698413 0.039186507936507936 0.05654761904761905
250 0.7958829365079365 0.45287698412698413 0.039186507936507936 0.05654761904761905
207 0.6346726190476191 0.4998346560846561 0.051587301587301584 0.05654761904761905
207 0.5809771825396826 0.4998346560846561 0.051835317460317464 0.05654761904761905
236 0.5203373015873016 0.4998346560846561 0.05009920634920635 0.05654761904761905
236 0.47259424603174605 0.4998346560846561 0.05084325396825397 0.05654761904761905
109 0.41195436507936506 0.5047949735449735 0.051587301587301584 0.04662698412698413
109 0.3699156746031746 0.5028108465608465 0.045882936507936505 0.04662698412698413
109 0.37289186507936506 0.45601851851851855 0.05084325396825397 0.056878306878306875
109 0.41790674603174605 0.45287698412698413 0.039186507936507936 0.06117724867724868
236 0.47643849206349204 0.4462632275132275 0.04563492063492063 0.05654761904761905
236 0.5223214285714286 0.447255291005291 0.04563492063492063 0.05654761904761905
217 0.19047619047619047 0.21461640211640212 0.05009920634920635 0.05952380952380952
217 0.23549107142857142 0.21362433862433863 0.04538690476190476 0.06084656084656084
239 0.2836061507936508 0.2035383597883598 0.0339781746031746 0.07771164021164022
239 0.3131200396825397 0.20320767195767195 0.031994047619047616 0.07771164021164022
239 0.34350198412698413 0.2035383597883598 0.032242063492063495 0.08035714285714286
250 0.3758680555555556 0.17840608465608465 0.011160714285714286 0.0036375661375661374
188 0.38306051587301587 0.21064814814814814 0.028025793650793652 0.062169312169312166
188 0.41021825396825395 0.2078373015873016 0.03571428571428571 0.06779100529100529
307 0.4466765873015873 0.20618386243386244 0.03571428571428571 0.06779100529100529
307 0.4802827380952381 0.20552248677248677 0.036458333333333336 0.06779100529100529
307 0.5124007936507936 0.20552248677248677 0.03373015873015873 0.06382275132275132
280 0.5483630952380952 0.19725529100529102 0.031746031746031744 0.07242063492063493
280 0.5751488095238095 0.20287698412698413 0.023809523809523808 0.05919312169312169
280 0.6070188492063492 0.195271164021164 0.03447420634920635 0.07374338624338625
52 0.7217261904761905 0.1962632275132275 0.057539682539682536 0.05919312169312169
52 0.7756696428571429 0.19576719576719576 0.053323412698412696 0.056216931216931214
109 0.8356894841269841 0.1488095238095238 0.07018849206349206 0.14814814814814814
11 0.8725198412698413 0.14682539682539683 0.02132936507936508 0.1283068783068783
11 0.9081101190476191 0.14434523809523808 0.07316468253968254 0.15112433862433863
243 0.11049107142857142 0.470734126984127 0.11135912698412699 0.0539021164021164
243 0.11036706349206349 0.5142195767195767 0.10317460317460317 0.04298941798941799
243 0.2130456349206349 0.5105820105820106 0.10664682539682539 0.046957671957671955
243 0.21800595238095238 0.4634589947089947 0.10317460317460317 0.05125661375661376
66 0.30592757936507936 0.5104166666666666 0.06473214285714286 0.045304232804232805
66 0.30791170634920634 0.4656084656084656 0.05927579365079365 0.046296296296296294
250 0.7077132936507936 0.4489087301587302 0.03993055555555555 0.05654761904761905
92 0.1039186507936508 0.6322751322751323 0.03422619047619048 0.05489417989417989
92 0.13678075396825398 0.6321097883597884 0.03149801587301587 0.054563492063492064
92 0.16393849206349206 0.6312830687830688 0.023313492063492064 0.04828042328042328
92 0.1878720238095238 0.6344246031746031 0.028521825396825396 0.05919312169312169
251 0.21688988095238096 0.6380621693121693 0.03249007936507937 0.03207671957671958
251 0.24950396825396826 0.6357473544973545 0.034722222222222224 0.036044973544973546
212 0.2821180555555556 0.6327711640211641 0.031994047619047616 0.0419973544973545
212 0.3115079365079365 0.6294642857142857 0.034722222222222224 0.04927248677248677
345 0.349578373015873 0.6380621693121693 0.031994047619047616 0.03207671957671958
345 0.3792162698412698 0.6400462962962963 0.034722222222222224 0.028769841269841268
296 0.42919146825396826 0.6327711640211641 0.04141865079365079 0.049933862433862435
296 0.4714781746031746 0.6340939153439153 0.039186507936507936 0.04662698412698413
38 0.5324900793650794 0.623181216931217 0.034722222222222224 0.08167989417989419
38 0.5763888888888888 0.623181216931217 0.03373015873015873 0.08167989417989419
3 0.6307043650793651 0.621031746031746 0.060515873015873016 0.07407407407407407
3 0.6989087301587301 0.6253306878306878 0.06299603174603174 0.07738095238095238
21 0.748015873015873 0.6215277777777778 0.034722222222222224 0.08697089947089948
39 0.7783978174603174 0.6208664021164021 0.034970238095238096 0.08895502645502645
39 0.8123759920634921 0.6178902116402116 0.037450396825396824 0.09424603174603174
21 0.8582589285714286 0.6198743386243386 0.041914682539682536 0.09027777777777778
21 0.8883928571428571 0.6167328042328042 0.03869047619047619 0.09788359788359788
21 0.9175347222222222 0.6175595238095238 0.03249007936507937 0.09226190476190477
271 0.6886160714285714 0.751818783068783 0.050347222222222224 0.05720899470899471
271 0.7352430555555556 0.751984126984127 0.04935515873015873 0.057539682539682536
208 0.7900545634920635 0.751984126984127 0.05133928571428571 0.057539682539682536
96 0.8971974206349206 0.7013888888888888 0.05927579365079365 0.04828042328042328
96 0.9007936507936508 0.7523148148148148 0.061507936507936505 0.05952380952380952
96 0.8421378968253969 0.7389219576719577 0.04985119047619048 0.06183862433862434
33 0.8824404761904762 0.8797949735449735 0.07837301587301587 0.10152116402116403
33 0.8231646825396826 0.8642526455026455 0.05357142857142857 0.09689153439153439
235 0.71875 0.8903769841269841 0.15476190476190477 0.11276455026455026
86 0.44481646825396826 0.7017195767195767 0.05431547619047619 0.051587301587301584
86 0.49975198412698413 0.7065145502645502 0.05853174603174603 0.060515873015873016
86 0.4461805555555556 0.7552910052910053 0.05555555555555555 0.05555555555555555
86 0.5022321428571429 0.7585978835978836 0.05803571428571429 0.05026455026455026
132 0.5700644841269841 0.7531415343915344 0.05927579365079365 0.05588624338624339
132 0.6254960317460317 0.7407407407407407 0.05505952380952381 0.0582010582010582
349 0.3509424603174603 0.7404100529100529 0.04662698412698413 0.056878306878306875
349 0.3900049603174603 0.7514880952380952 0.045882936507936505 0.05787037037037037
338 0.27566964285714285 0.8171296296296297 0.10342261904761904 0.05489417989417989
338 0.27666170634920634 0.8761574074074074 0.10689484126984126 0.11210317460317461
338 0.37103174603174605 0.9017857142857143 0.11359126984126984 0.06812169312169312
338 0.37983630952380953 0.828042328042328 0.10739087301587301 0.061507936507936505
86 0.49677579365079366 0.8488756613756614 0.11507936507936507 0.06547619047619048
86 0.49677579365079366 0.9083994708994709 0.09325396825396826 0.056216931216931214
329 0.13392857142857142 0.7199074074074074 0.06349206349206349 0.08531746031746032
329 0.1906001984126984 0.7290013227513228 0.057291666666666664 0.06911375661375661
62 0.11669146825396826 0.8893849206349206 0.06274801587301587 0.09556878306878307
62 0.1697668650793651 0.8948412698412699 0.06870039682539683 0.08465608465608465
