232 0.09019886363636363 0.05 0.140625 0.06385542168674699
232 0.21875 0.05240963855421687 0.13636363636363635 0.06626506024096386
232 0.3458806818181818 0.054819277108433734 0.12642045454545456 0.056626506024096385
232 0.44957386363636365 0.05421686746987952 0.10653409090909091 0.05783132530120482
232 0.44886363636363635 0.09819277108433735 0.11079545454545454 0.051807228915662654
232 0.33451704545454547 0.09216867469879518 0.1377840909090909 0.06385542168674699
232 0.20241477272727273 0.08975903614457831 0.140625 0.05903614457831325
232 0.07457386363636363 0.0891566265060241 0.1434659090909091 0.060240963855421686
232 0.07102272727272728 0.13795180722891567 0.13920454545454544 0.056626506024096385
232 0.20383522727272727 0.1391566265060241 0.140625 0.056626506024096385
232 0.3352272727272727 0.1391566265060241 0.13352272727272727 0.056626506024096385
232 0.44957386363636365 0.13975903614457832 0.11505681818181818 0.05542168674698795
139 0.09090909090909091 0.23734939759036144 0.13636363636363635 0.05542168674698795
139 0.22017045454545456 0.23795180722891565 0.13636363636363635 0.056626506024096385
139 0.08877840909090909 0.2849397590361446 0.13210227272727273 0.051807228915662654
139 0.0859375 0.3301204819277108 0.13494318181818182 0.05301204819277108
139 0.21306818181818182 0.2855421686746988 0.13636363636363635 0.05301204819277108
139 0.21164772727272727 0.33072289156626505 0.13352272727272727 0.051807228915662654
139 0.3416193181818182 0.28373493975903613 0.13494318181818182 0.056626506024096385
139 0.33735795454545453 0.33072289156626505 0.12926136363636365 0.051807228915662654
139 0.4559659090909091 0.32710843373493975 0.11079545454545454 0.056626506024096385
139 0.4552556818181818 0.27951807228915665 0.10653409090909091 0.05060240963855422
283 0.65625 0.2397590361445783 0.23579545454545456 0.05542168674698795
283 0.65625 0.286144578313253 0.23295454545454544 0.051807228915662654
283 0.65625 0.33192771084337347 0.23295454545454544 0.051807228915662654
283 0.8799715909090909 0.3289156626506024 0.22869318181818182 0.05301204819277108
283 0.8806818181818182 0.28313253012048195 0.23295454545454544 0.05301204819277108
283 0.8799715909090909 0.23674698795180724 0.2372159090909091 0.05421686746987952
213 0.6058238636363636 0.463855421686747 0.06676136363636363 0.06987951807228916
213 0.6896306818181818 0.46204819277108433 0.12357954545454546 0.06626506024096386
213 0.7947443181818182 0.45903614457831327 0.12926136363636365 0.06746987951807229
213 0.9041193181818182 0.45843373493975903 0.13494318181818182 0.06385542168674699
213 0.9119318181818182 0.5072289156626506 0.12215909090909091 0.04819277108433735
213 0.8004261363636364 0.5096385542168674 0.11505681818181818 0.04578313253012048
213 0.6882102272727273 0.5132530120481927 0.12073863636363637 0.04578313253012048
213 0.6051136363636364 0.5156626506024097 0.0625 0.04578313253012048
72 0.17258522727272727 0.43373493975903615 0.24857954545454544 0.06265060240963856
72 0.16974431818181818 0.4795180722891566 0.24573863636363635 0.04819277108433735
72 0.16974431818181818 0.5216867469879518 0.24573863636363635 0.05301204819277108
72 0.3856534090909091 0.5216867469879518 0.19460227272727273 0.05060240963855422
72 0.3856534090909091 0.4789156626506024 0.19460227272727273 0.05421686746987952
72 0.40269886363636365 0.4319277108433735 0.21164772727272727 0.06144578313253012
80 0.4090909090909091 0.6981927710843373 0.2159090909090909 0.05421686746987952
80 0.40198863636363635 0.6536144578313253 0.2215909090909091 0.06385542168674699
80 0.40980113636363635 0.5981927710843373 0.20880681818181818 0.056626506024096385
80 0.17826704545454544 0.6614457831325301 0.2372159090909091 0.06987951807228916
80 0.17826704545454544 0.7048192771084337 0.234375 0.06265060240963856
80 0.19957386363636365 0.6102409638554217 0.22301136363636365 0.05421686746987952
237 0.6626420454545454 0.5771084337349398 0.171875 0.02891566265060241
237 0.84375 0.5873493975903614 0.1903409090909091 0.05421686746987952
237 0.8657670454545454 0.6391566265060241 0.203125 0.07590361445783132
237 0.8643465909090909 0.6921686746987952 0.2002840909090909 0.051807228915662654
237 0.6711647727272727 0.6909638554216867 0.19744318181818182 0.05903614457831325
237 0.6754261363636364 0.6313253012048192 0.203125 0.09397590361445783
275 0.4161931818181818 0.7740963855421686 0.19602272727272727 0.03975903614457831
275 0.41264204545454547 0.8240963855421687 0.2059659090909091 0.0746987951807229
275 0.41264204545454547 0.8783132530120482 0.2059659090909091 0.05301204819277108
275 0.4147727272727273 0.9168674698795181 0.20454545454545456 0.05301204819277108
275 0.17826704545454544 0.8783132530120482 0.21732954545454544 0.06506024096385542
275 0.18181818181818182 0.9259036144578313 0.22727272727272727 0.06867469879518072
275 0.18536931818181818 0.8096385542168675 0.21448863636363635 0.060240963855421686
275 0.1924715909090909 0.7795180722891566 0.22301136363636365 0.03132530120481928
275 0.6470170454545454 0.8036144578313253 0.20880681818181818 0.10120481927710843
275 0.6470170454545454 0.8704819277108434 0.20880681818181818 0.046987951807228916
275 0.6470170454545454 0.908433734939759 0.2059659090909091 0.04578313253012048
275 0.8473011363636364 0.9006024096385542 0.2059659090909091 0.04939759036144578
275 0.8487215909090909 0.8650602409638555 0.20880681818181818 0.04578313253012048
275 0.8501420454545454 0.8186746987951807 0.21732954545454544 0.06626506024096386
275 0.8366477272727273 0.7777108433734939 0.19318181818181818 0.051807228915662654
