30 0.338282320694381 0.07734714333444705 0.10826861580630424 0.1546942866688941
30 0.5150753768844221 0.06832609421984631 0.1566925536774783 0.13665218843969262
121 0.7115121059844678 0.058803875709989975 0.15395157606212884 0.11760775141997995
181 0.29579716765646413 0.2811560307383896 0.1566925536774783 0.17674574006014032
181 0.1795340338053906 0.2783160708319412 0.1297396071265418 0.15836952890076847
223 0.09936043855641846 0.30070163715335785 0.08451347647327546 0.11693952555963916
223 0.039058931018730016 0.29786167724690943 0.07811786203746003 0.11727363848980955
53 0.05322064869803563 0.1256264617440695 0.059844677935130194 0.11359839625793518
53 0.12951119232526268 0.11059137988640161 0.13385107354956602 0.13297694620781825
121 0.899725902238465 0.05245573003675242 0.2005481955230699 0.10491146007350484
97 0.8145271813613523 0.28015369194787837 0.20922795797167656 0.2208486468426328
97 0.6409319323892189 0.28165720013364515 0.18912745545911375 0.20314066154360175
97 0.4566011877569667 0.28349482124958236 0.18227501142074007 0.18409622452388907
148 0.1315669255367748 0.4702639492148346 0.0767473732297853 0.11794186435015035
14 0.1975788031064413 0.47861677246909456 0.09273640931932389 0.12261944537253591
14 0.28688899040657834 0.4873037086535249 0.11055276381909548 0.1393250918810558
50 0.4997715851987209 0.5106916137654527 0.15623572407492006 0.1506849315068493
34 0.8430790315212425 0.8407951887738055 0.22795797167656465 0.25425993985967255
34 0.6665143901324806 0.7925158703641831 0.20009136592051166 0.22853324423655194
34 0.5116491548652353 0.751252923488139 0.16902695294655093 0.20414300033411292
34 0.4120603015075377 0.7011359839625794 0.13613522156235724 0.1787504176411627
162 0.548423937871174 0.6608753758770465 0.15486523526724533 0.049448713665218844
191 0.2702147099132024 0.7034747744737722 0.13385107354956602 0.13331105913798863
191 0.16080402010050251 0.6665552956899432 0.10050251256281408 0.14433678583361176
191 0.07788944723618091 0.6521884396926161 0.09090909090909091 0.11827597728032074
205 0.2542256738236638 0.872201804209823 0.135678391959799 0.2215168727029736
205 0.1756509821836455 0.8277647844971601 0.06349931475559616 0.17139993317741398
205 0.10507080858839653 0.7915135315736719 0.07217907720420283 0.1657200133645172
205 0.046368204659661946 0.7671232876712328 0.081772498857926 0.13097226862679587
218 0.41594335312928277 0.8904109589041096 0.12836911831886708 0.1790845305713331
218 0.45957058017359526 0.9310056799198129 0.1315669255367748 0.1379886401603742
218 0.6139789858382824 0.9473772134981624 0.1726815897670169 0.10524557300367524
