188 0.365125 0.23816666666666667 0.03675 0.06433333333333334
188 0.39925 0.239 0.0365 0.06666666666666667
307 0.437375 0.23716666666666666 0.03675 0.06633333333333333
307 0.4745 0.23616666666666666 0.0325 0.06633333333333333
307 0.50575 0.23433333333333334 0.0325 0.07066666666666667
280 0.540875 0.238 0.03225 0.06
280 0.573125 0.22733333333333333 0.03425 0.076
280 0.607375 0.2255 0.03425 0.07633333333333334
52 0.7225 0.17266666666666666 0.0635 0.038
52 0.7225 0.2235 0.0665 0.06633333333333333
52 0.786875 0.2235 0.06975 0.06633333333333333
52 0.788 0.16383333333333333 0.073 0.05433333333333333
333 0.855375 0.12683333333333333 0.06175 0.05433333333333333
333 0.8515 0.20683333333333334 0.0665 0.083
143 0.93425 0.16683333333333333 0.104 0.060333333333333336
143 0.925625 0.2235 0.09775 0.05433333333333333
39 0.9355 0.5075 0.0605 0.089
39 0.88075 0.5066666666666667 0.0605 0.09266666666666666
233 0.804625 0.5241666666666667 0.04575 0.059
233 0.7675 0.5243333333333333 0.037 0.056666666666666664
233 0.73325 0.5243333333333333 0.04 0.056666666666666664
250 0.702 0.5271666666666667 0.0315 0.053
250 0.662 0.5281666666666667 0.038 0.050333333333333334
250 0.62 0.5271666666666667 0.0375 0.04833333333333333
207 0.575125 0.529 0.04575 0.048
207 0.530125 0.529 0.04575 0.048
207 0.478375 0.529 0.04325 0.048
236 0.4315 0.5301666666666667 0.046 0.045
236 0.38075 0.5301666666666667 0.046 0.044333333333333336
236 0.33675 0.5291666666666667 0.041 0.044333333333333336
236 0.3385 0.477 0.048 0.054
12 0.38225 0.47783333333333333 0.0475 0.05566666666666667
12 0.429375 0.4776666666666667 0.04925 0.056
207 0.4785 0.477 0.0505 0.056666666666666664
207 0.5265 0.4766666666666667 0.0465 0.058
207 0.575375 0.47633333333333333 0.05125 0.058666666666666666
250 0.62125 0.4755 0.035 0.052333333333333336
250 0.661875 0.47583333333333333 0.03825 0.051666666666666666
250 0.69975 0.47633333333333333 0.038 0.05266666666666667
3 0.660875 0.646 0.06075 0.07466666666666667
3 0.713875 0.647 0.07175 0.07666666666666666
3 0.77725 0.6478333333333334 0.0825 0.07766666666666666
290 0.830625 0.6486666666666666 0.04875 0.07933333333333334
21 0.86125 0.6491666666666667 0.0365 0.081
21 0.8995 0.6495 0.047 0.08166666666666667
234 0.8025 0.6171666666666666 0.023 0.017
38 0.57025 0.6405 0.029 0.081
38 0.542625 0.6401666666666667 0.03125 0.08033333333333334
345 0.355125 0.6438333333333334 0.02225 0.041
345 0.369125 0.6446666666666667 0.04975 0.042666666666666665
296 0.4155 0.6513333333333333 0.047 0.052
296 0.45775 0.6518333333333334 0.0425 0.05366666666666667
296 0.50175 0.6525 0.0485 0.05366666666666667
92 0.107875 0.6541666666666667 0.04075 0.033666666666666664
92 0.137375 0.6541666666666667 0.03175 0.033666666666666664
92 0.16375 0.6498333333333334 0.0335 0.025
92 0.190875 0.6501666666666667 0.03675 0.025666666666666667
212 0.227375 0.6503333333333333 0.03275 0.026
212 0.25575 0.6506666666666666 0.0335 0.02666666666666667
329 0.17125 0.7328333333333333 0.058 0.09366666666666666
329 0.2105 0.7383333333333333 0.0465 0.088
109 0.2545 0.7206666666666667 0.0555 0.052
109 0.254875 0.7646666666666667 0.04325 0.037333333333333336
109 0.2945 0.7601666666666667 0.045 0.049666666666666665
109 0.298125 0.7138333333333333 0.03725 0.03833333333333333
86 0.34 0.7238333333333333 0.0545 0.04633333333333333
86 0.343875 0.7671666666666667 0.05525 0.043666666666666666
86 0.389125 0.7275 0.05325 0.05366666666666667
86 0.395125 0.7713333333333333 0.05225 0.04
86 0.441875 0.7311666666666666 0.05625 0.057666666666666665
86 0.445125 0.7753333333333333 0.05025 0.03266666666666666
276 0.499 0.771 0.042 0.04933333333333333
349 0.544375 0.7718333333333334 0.04275 0.051
349 0.587625 0.7726666666666666 0.04275 0.05266666666666667
349 0.631875 0.7738333333333334 0.04375 0.055
271 0.681875 0.7791666666666667 0.04725 0.04833333333333333
271 0.728625 0.7801666666666667 0.05225 0.050333333333333334
271 0.77775 0.7813333333333333 0.049 0.05266666666666667
96 0.837375 0.7438333333333333 0.05625 0.06166666666666667
96 0.883 0.7425 0.053 0.059
96 0.833375 0.789 0.04825 0.04133333333333333
96 0.87875 0.7905 0.0535 0.043
33 0.814125 0.9203333333333333 0.07325 0.09266666666666666
33 0.87775 0.9221666666666667 0.076 0.09633333333333334
235 0.686 0.9185 0.061 0.07966666666666666
235 0.741625 0.9188333333333333 0.06125 0.08033333333333334
208 0.56875 0.8773333333333333 0.046 0.05466666666666667
208 0.56875 0.9248333333333333 0.0455 0.04833333333333333
208 0.618125 0.9296666666666666 0.04825 0.04533333333333334
208 0.619 0.881 0.0495 0.05733333333333333
132 0.502125 0.9135 0.05375 0.06233333333333333
132 0.447625 0.9095 0.05425 0.06166666666666667
246 0.393625 0.9068333333333334 0.05675 0.05633333333333333
246 0.3395 0.9041666666666667 0.0545 0.051
246 0.28625 0.903 0.057 0.048666666666666664
246 0.23475 0.9048333333333334 0.052 0.03966666666666667
62 0.140375 0.8753333333333333 0.05225 0.088
62 0.18525 0.8765 0.047 0.091
239 0.3275 0.23366666666666666 0.035 0.08666666666666667
239 0.297875 0.23616666666666666 0.03825 0.085
239 0.26725 0.2375 0.0375 0.08433333333333333
