204 0.19713541666666667 0.15486111111111112 0.05364583333333333 0.0625
204 0.24296875 0.1440972222222222 0.06614583333333333 0.07569444444444444
284 0.3015625 0.1482638888888889 0.034375 0.06041666666666667
157 0.34348958333333335 0.14340277777777777 0.06197916666666667 0.07291666666666667
307 0.4869791666666667 0.13541666666666666 0.040625 0.06944444444444445
307 0.5260416666666666 0.13229166666666667 0.040625 0.07152777777777777
239 0.63828125 0.11493055555555555 0.0390625 0.08819444444444445
239 0.6776041666666667 0.10902777777777778 0.042708333333333334 0.09583333333333334
11 0.7302083333333333 0.08263888888888889 0.07708333333333334 0.1361111111111111
342 0.9440104166666666 0.059375 0.10572916666666667 0.11875
52 0.728125 0.228125 0.06979166666666667 0.07013888888888889
52 0.6619791666666667 0.2309027777777778 0.06979166666666667 0.07291666666666667
217 0.34739583333333335 0.2517361111111111 0.040625 0.06875
217 0.29765625 0.2513888888888889 0.0515625 0.06944444444444445
265 0.24192708333333332 0.25381944444444443 0.0515625 0.06875
265 0.19296875 0.2545138888888889 0.050520833333333334 0.06597222222222222
264 0.13255208333333332 0.2604166666666667 0.06614583333333333 0.06527777777777778
345 0.23697916666666666 0.3503472222222222 0.04583333333333333 0.049305555555555554
53 0.7927083333333333 0.36006944444444444 0.08125 0.12152777777777778
53 0.8580729166666666 0.36006944444444444 0.11197916666666667 0.12430555555555556
166 0.9557291666666666 0.34930555555555554 0.08229166666666667 0.1597222222222222
130 0.9489583333333333 0.5086805555555556 0.06875 0.14097222222222222
29 0.8768229166666667 0.5243055555555556 0.10052083333333334 0.15
29 0.7927083333333333 0.5260416666666666 0.09479166666666666 0.14652777777777778
280 0.40208333333333335 0.13819444444444445 0.035416666666666666 0.07361111111111111
280 0.44479166666666664 0.1371527777777778 0.0375 0.07152777777777777
280 0.40989583333333335 0.06736111111111111 0.028125 0.07777777777777778
280 0.44192708333333336 0.06458333333333334 0.0421875 0.08611111111111111
97 0.7895833333333333 0.6770833333333334 0.07291666666666667 0.125
97 0.8809895833333333 0.7020833333333333 0.09427083333333333 0.14305555555555555
97 0.9598958333333333 0.7038194444444444 0.078125 0.1451388888888889
218 0.7966145833333333 0.8576388888888888 0.0765625 0.14027777777777778
218 0.8752604166666667 0.8756944444444444 0.09322916666666667 0.17222222222222222
307 0.96015625 0.8729166666666667 0.07760416666666667 0.1597222222222222
349 0.6572916666666667 0.6256944444444444 0.05416666666666667 0.06805555555555555
349 0.6567708333333333 0.565625 0.05520833333333333 0.05625
349 0.7127604166666667 0.5701388888888889 0.058854166666666666 0.06527777777777778
349 0.7143229166666667 0.6309027777777778 0.05572916666666667 0.059027777777777776
86 0.3809895833333333 0.7475694444444444 0.0671875 0.06458333333333334
86 0.44583333333333336 0.7496527777777777 0.06770833333333333 0.06458333333333334
132 0.5098958333333333 0.7392361111111111 0.059375 0.05763888888888889
86 0.4440104166666667 0.7034722222222223 0.06197916666666667 0.030555555555555555
86 0.37916666666666665 0.6993055555555555 0.0625 0.02361111111111111
296 0.60390625 0.634375 0.05364583333333333 0.07708333333333334
109 0.3611979166666667 0.6138888888888889 0.050520833333333334 0.0625
109 0.40572916666666664 0.609375 0.04375 0.05347222222222222
21 0.23567708333333334 0.6013888888888889 0.04114583333333333 0.09027777777777778
21 0.26145833333333335 0.5972222222222222 0.028125 0.08194444444444444
21 0.2903645833333333 0.6041666666666666 0.0359375 0.09444444444444444
21 0.3234375 0.5871527777777777 0.03229166666666667 0.08402777777777778
21 0.3026041666666667 0.5892361111111111 0.025 0.08263888888888889
207 0.22942708333333334 0.48993055555555554 0.058854166666666666 0.06180555555555556
236 0.3033854166666667 0.4774305555555556 0.03697916666666667 0.07708333333333334
236 0.33671875 0.46944444444444444 0.03697916666666667 0.05694444444444444
82 0.36666666666666664 0.49375 0.040625 0.06388888888888888
236 0.35 0.4222222222222222 0.051041666666666666 0.04027777777777778
82 0.41380208333333335 0.49236111111111114 0.049479166666666664 0.07083333333333333
233 0.6169270833333333 0.4809027777777778 0.0515625 0.059027777777777776
233 0.6169270833333333 0.42430555555555555 0.0421875 0.0625
52 0.60546875 0.40347222222222223 0.0390625 0.022222222222222223
38 0.7325520833333333 0.45868055555555554 0.0328125 0.10347222222222222
38 0.6979166666666666 0.4673611111111111 0.040625 0.09305555555555556
38 0.6591145833333333 0.4545138888888889 0.034895833333333334 0.09791666666666667
84 0.6114583333333333 0.7236111111111111 0.10729166666666666 0.05694444444444444
296 0.5481770833333334 0.6440972222222222 0.05260416666666667 0.07013888888888889
243 0.3770833333333333 0.8579861111111111 0.11354166666666667 0.04652777777777778
243 0.37942708333333336 0.8861111111111111 0.11197916666666667 0.059722222222222225
243 0.38333333333333336 0.9350694444444444 0.10416666666666667 0.05625
96 0.49765625 0.9253472222222222 0.05364583333333333 0.07430555555555556
33 0.61640625 0.8729166666666667 0.0671875 0.09583333333333334
8 0.6846354166666667 0.878125 0.06822916666666666 0.09236111111111112
62 0.20286458333333332 0.8534722222222222 0.0578125 0.09305555555555556
246 0.28489583333333335 0.8347222222222223 0.051041666666666666 0.04722222222222222
235 0.7145833333333333 0.7503472222222223 0.07395833333333333 0.11180555555555556
73 0.08671875 0.159375 0.05260416666666667 0.0798611111111111
73 0.09427083333333333 0.08263888888888889 0.03333333333333333 0.05555555555555555
92 0.16510416666666666 0.35659722222222223 0.035416666666666666 0.04652777777777778
92 0.13333333333333333 0.3548611111111111 0.027083333333333334 0.04722222222222222
333 0.68046875 0.33125 0.05260416666666667 0.09305555555555556
333 0.7359375 0.32743055555555556 0.05520833333333333 0.09791666666666667
208 0.5567708333333333 0.9368055555555556 0.057291666666666664 0.06527777777777778
207 0.23958333333333334 0.42777777777777776 0.04583333333333333 0.05694444444444444
212 0.18229166666666666 0.4701388888888889 0.03125 0.05138888888888889
