47 0.031125992063492064 0.06283068783068783 0.061755952380952384 0.12566137566137567
93 0.10627480158730158 0.06663359788359788 0.10987103174603174 0.13326719576719576
78 0.18043154761904762 0.09209656084656084 0.08754960317460317 0.12334656084656084
117 0.24987599206349206 0.10863095238095238 0.0642361111111111 0.10615079365079365
117 0.3072916666666667 0.09226190476190477 0.07589285714285714 0.15806878306878308
47 0.37189980158730157 0.1185515873015873 0.0642361111111111 0.12268518518518519
305 0.42943948412698413 0.13111772486772486 0.0642361111111111 0.12665343915343916
305 0.48412698412698413 0.14087301587301587 0.05555555555555555 0.11772486772486772
355 0.5349702380952381 0.14682539682539683 0.054563492063492064 0.11375661375661375
355 0.5778769841269841 0.15658068783068782 0.0496031746031746 0.11607142857142858
50 0.6189236111111112 0.15757275132275134 0.04935515873015873 0.0882936507936508
50 0.6696428571428571 0.17410714285714285 0.05654761904761905 0.1001984126984127
108 0.7176339285714286 0.19378306878306878 0.047371031746031744 0.08796296296296297
14 0.7829861111111112 0.1906415343915344 0.0496031746031746 0.10482804232804233
14 0.8172123015873016 0.2035383597883598 0.04662698412698413 0.09689153439153439
328 0.8494543650793651 0.20932539682539683 0.040674603174603176 0.08796296296296297
214 0.9362599206349206 0.2328042328042328 0.042162698412698416 0.08531746031746032
214 0.9626736111111112 0.23462301587301587 0.03943452380952381 0.08366402116402116
355 0.9666418650793651 0.32953042328042326 0.034970238095238096 0.05919312169312169
355 0.9401041666666666 0.3265542328042328 0.035962301587301584 0.06448412698412699
355 0.9051339285714286 0.32060185185185186 0.040426587301587304 0.06712962962962964
355 0.8737599206349206 0.3167989417989418 0.04017857142857143 0.06613756613756613
260 0.8406498015873016 0.31382275132275134 0.036458333333333336 0.06613756613756613
260 0.8035714285714286 0.3080357142857143 0.03968253968253968 0.06712962962962964
260 0.7537202380952381 0.30505952380952384 0.039186507936507936 0.06911375661375661
261 0.7213541666666666 0.3020833333333333 0.03794642857142857 0.07043650793650794
61 0.6930803571428571 0.2961309523809524 0.04290674603174603 0.07572751322751323
61 0.6638144841269841 0.29133597883597884 0.03794642857142857 0.07738095238095238
61 0.6295882936507936 0.28935185185185186 0.040426587301587304 0.07208994708994709
61 0.5916418650793651 0.2855489417989418 0.04439484126984127 0.07771164021164022
61 0.5514632936507936 0.27959656084656087 0.04290674603174603 0.08101851851851852
201 0.5125248015873016 0.2728174603174603 0.04439484126984127 0.08134920634920635
201 0.4704861111111111 0.2698412698412698 0.04513888888888889 0.08134920634920635
201 0.4255952380952381 0.26703042328042326 0.04662698412698413 0.08101851851851852
201 0.38256448412698413 0.2630621693121693 0.046378968253968256 0.08101851851851852
201 0.3386656746031746 0.25810185185185186 0.04935515873015873 0.08101851851851852
315 0.27901785714285715 0.25033068783068785 0.061507936507936505 0.09391534391534391
315 0.22544642857142858 0.2425595238095238 0.05555555555555555 0.09424603174603174
61 0.17075892857142858 0.23958333333333334 0.060267857142857144 0.0882936507936508
61 0.10912698412698413 0.22982804232804233 0.07589285714285714 0.09722222222222222
61 0.038938492063492064 0.22106481481481483 0.07787698412698413 0.10615079365079365
75 0.06820436507936507 0.3811177248677249 0.09970238095238096 0.12665343915343916
75 0.14732142857142858 0.38409391534391535 0.08085317460317461 0.12334656084656084
194 0.22916666666666666 0.3880621693121693 0.07589285714285714 0.1207010582010582
194 0.2986111111111111 0.3900462962962963 0.07192460317460317 0.11342592592592593
277 0.37189980158730157 0.3940145502645503 0.07217261904761904 0.11342592592592593
277 0.43625992063492064 0.3940145502645503 0.07192460317460317 0.11342592592592593
218 0.5017361111111112 0.3940145502645503 0.06845238095238096 0.11342592592592593
218 0.5564236111111112 0.3978174603174603 0.05381944444444445 0.10515873015873016
218 0.6032986111111112 0.3986441798941799 0.04439484126984127 0.10284391534391535
164 0.6471974206349206 0.40062830687830686 0.051835317460317464 0.1001984126984127
164 0.6922123015873016 0.40162037037037035 0.0496031746031746 0.1001984126984127
145 0.7379712301587301 0.4017857142857143 0.047371031746031744 0.09722222222222222
145 0.7761656746031746 0.4037698412698413 0.043402777777777776 0.09457671957671958
148 0.8112599206349206 0.4085648148148148 0.04117063492063492 0.08300264550264551
148 0.8396577380952381 0.4115410052910053 0.03794642857142857 0.0796957671957672
14 0.8670634920634921 0.41352513227513227 0.04265873015873016 0.07572751322751323
14 0.9010416666666666 0.41451719576719576 0.042162698412698416 0.07572751322751323
328 0.9382440476190477 0.41451719576719576 0.04017857142857143 0.07374338624338625
342 0.9372519841269841 0.5092592592592593 0.04365079365079365 0.08267195767195767
23 0.7889384920634921 0.5140542328042328 0.0496031746031746 0.0882936507936508
162 0.7449156746031746 0.5208333333333334 0.05381944444444445 0.08796296296296297
162 0.6990327380952381 0.5228174603174603 0.051835317460317464 0.08796296296296297
355 0.5916418650793651 0.5267857142857143 0.06721230158730158 0.09722222222222222
197 0.4167906746031746 0.5325727513227513 0.06721230158730158 0.10615079365079365
197 0.34846230158730157 0.5325727513227513 0.08035714285714286 0.1087962962962963
130 0.27219742063492064 0.5305886243386243 0.08209325396825397 0.12797619047619047
130 0.18725198412698413 0.5355489417989417 0.10416666666666667 0.1412037037037037
130 0.09945436507936507 0.5375330687830688 0.10416666666666667 0.15112433862433863
34 0.10627480158730158 0.7073412698412699 0.11433531746031746 0.14616402116402116
34 0.20089285714285715 0.6956018518518519 0.09275793650793651 0.13855820105820105
34 0.2829861111111111 0.6820436507936508 0.08382936507936507 0.13855820105820105
29 0.35714285714285715 0.6820436507936508 0.07688492063492064 0.12466931216931217
29 0.4226190476190476 0.6742724867724867 0.06944444444444445 0.11772486772486772
29 0.48425099206349204 0.6683201058201058 0.0642361111111111 0.1130952380952381
29 0.5417906746031746 0.6555886243386243 0.060267857142857144 0.10747354497354497
181 0.5954861111111112 0.6478174603174603 0.06001984126984127 0.10846560846560846
181 0.6453373015873016 0.6430224867724867 0.05654761904761905 0.1001984126984127
181 0.6920882936507936 0.6370701058201058 0.051835317460317464 0.09689153439153439
97 0.7555803571428571 0.6292989417989417 0.051835317460317464 0.09722222222222222
97 0.7947668650793651 0.6253306878306878 0.047371031746031744 0.09060846560846561
97 0.8317212301587301 0.6223544973544973 0.047371031746031744 0.09060846560846561
191 0.8709077380952381 0.6223544973544973 0.047371031746031744 0.08267195767195767
191 0.9050099206349206 0.6175595238095238 0.04513888888888889 0.0796957671957672
191 0.9324156746031746 0.6145833333333334 0.040426587301587304 0.07572751322751323
342 0.9665178571428571 0.5102513227513228 0.04117063492063492 0.08267195767195767
342 0.9020337301587301 0.5110780423280423 0.04513888888888889 0.08564814814814815
23 0.8649553571428571 0.5110780423280423 0.047371031746031744 0.0882936507936508
23 0.8239087301587301 0.5140542328042328 0.04513888888888889 0.08564814814814815
162 0.6551339285714286 0.5208333333333334 0.05580357142857143 0.09722222222222222
355 0.5417906746031746 0.5256283068783069 0.060267857142857144 0.10218253968253968
197 0.48425099206349204 0.5325727513227513 0.0642361111111111 0.10615079365079365
218 0.35131448412698413 0.8490410052910053 0.07217261904761904 0.1531084656084656
218 0.28100198412698413 0.8490410052910053 0.08035714285714286 0.14781746031746032
218 0.20386904761904762 0.8792989417989417 0.09226190476190477 0.16997354497354497
205 0.42063492063492064 0.8283730158730159 0.06845238095238096 0.16005291005291006
205 0.48412698412698413 0.8118386243386243 0.06646825396825397 0.1527777777777778
205 0.5388144841269841 0.8040674603174603 0.060267857142857144 0.1531084656084656
205 0.5915178571428571 0.7915013227513228 0.061507936507936505 0.14517195767195767
355 0.8844246031746031 0.22056878306878308 0.034722222222222224 0.08267195767195767
355 0.9064980158730159 0.22602513227513227 0.03968253968253968 0.08167989417989419
218 0.11272321428571429 0.9031084656084656 0.11334325396825397 0.1865079365079365
85 0.6417410714285714 0.7700066137566137 0.05381944444444445 0.09490740740740741
85 0.6799355158730159 0.7508267195767195 0.07663690476190477 0.09093915343915344
85 0.7101934523809523 0.7389219576719577 0.07911706349206349 0.07043650793650794
7 0.8138640873015873 0.7170965608465608 0.05580357142857143 0.0744047619047619
7 0.8452380952380952 0.7003968253968254 0.06448412698412699 0.062169312169312166
221 0.8954613095238095 0.6951058201058201 0.06076388888888889 0.05489417989417989
221 0.9254712301587301 0.6881613756613757 0.06076388888888889 0.041005291005291
8 0.9702380952380952 0.701058201058201 0.05704365079365079 0.051587301587301584
15 0.9801587301587301 0.6741071428571429 0.03968253968253968 0.03207671957671958
