239 0.28695436507936506 0.20601851851851852 0.03422619047619048 0.062169312169312166
239 0.33196924603174605 0.1931216931216931 0.031994047619047616 0.07605820105820106
188 0.36222718253968256 0.1931216931216931 0.03050595238095238 0.06415343915343916
188 0.3914930555555556 0.18733465608465608 0.03050595238095238 0.06183862433862434
188 0.41877480158730157 0.17956349206349206 0.03298611111111111 0.06547619047619048
307 0.45101686507936506 0.16385582010582012 0.04389880952380952 0.0763888888888889
307 0.48921130952380953 0.15608465608465608 0.03943452380952381 0.07804232804232804
307 0.5155009920634921 0.15806878306878308 0.03546626984126984 0.07341269841269842
68 0.5487351190476191 0.16203703703703703 0.036458333333333336 0.056878306878306875
68 0.5808531746031746 0.1550925925925926 0.03422619047619048 0.05423280423280423
307 0.5164930555555556 0.08862433862433862 0.031994047619047616 0.07208994708994709
307 0.48226686507936506 0.07308201058201058 0.035962301587301584 0.10383597883597884
307 0.45101686507936506 0.0710978835978836 0.036458333333333336 0.07076719576719577
333 0.4751984126984127 0.32407407407407407 0.056051587301587304 0.07142857142857142
333 0.42857142857142855 0.32605820105820105 0.03968253968253968 0.06878306878306878
38 0.31237599206349204 0.33581349206349204 0.026537698412698412 0.07308201058201058
38 0.28893849206349204 0.3386243386243386 0.032242063492063495 0.07076719576719577
38 0.2478918650793651 0.3455687830687831 0.03298611111111111 0.07208994708994709
38 0.22743055555555555 0.34656084656084657 0.03125 0.07076719576719577
3 0.19717261904761904 0.35615079365079366 0.04265873015873016 0.062169312169312166
3 0.1541418650793651 0.36408730158730157 0.04290674603174603 0.05886243386243386
0 0.12103174603174603 0.36607142857142855 0.03422619047619048 0.06018518518518518
233 0.07018849206349206 0.47156084656084657 0.028273809523809524 0.04034391534391534
233 0.09759424603174603 0.47354497354497355 0.026537698412698412 0.037698412698412696
250 0.12686011904761904 0.47453703703703703 0.03298611111111111 0.03571428571428571
82 0.3446180555555556 0.4626322751322751 0.038938492063492064 0.047619047619047616
92 0.380828373015873 0.46081349206349204 0.036458333333333336 0.04794973544973545
92 0.40811011904761907 0.45882936507936506 0.034970238095238096 0.04927248677248677
345 0.4383680555555556 0.4568452380952381 0.036458333333333336 0.04927248677248677
345 0.474578373015873 0.4538690476190476 0.036458333333333336 0.05324074074074074
345 0.5223214285714286 0.45089285714285715 0.039186507936507936 0.05654761904761905
212 0.5613839285714286 0.4441137566137566 0.036458333333333336 0.06415343915343916
212 0.5956101190476191 0.4401455026455027 0.036458333333333336 0.07208994708994709
212 0.6345486111111112 0.4363425925925926 0.036458333333333336 0.05853174603174603
212 0.6717509920634921 0.421792328042328 0.04290674603174603 0.07771164021164022
212 0.7157738095238095 0.42956349206349204 0.042162698412698416 0.08333333333333333
349 0.27566964285714285 0.578042328042328 0.0339781746031746 0.037037037037037035
349 0.3064236111111111 0.5785383597883598 0.03546626984126984 0.03802910052910053
349 0.3384176587301587 0.5787037037037037 0.036458333333333336 0.03835978835978836
349 0.37388392857142855 0.5787037037037037 0.0339781746031746 0.03835978835978836
349 0.41195436507936506 0.5787037037037037 0.040674603174603176 0.03835978835978836
296 0.4600694444444444 0.5747354497354498 0.03720238095238095 0.04894179894179894
296 0.4931795634920635 0.5795304232804233 0.045882936507936505 0.04398148148148148
296 0.535218253968254 0.580191798941799 0.04365079365079365 0.04265873015873016
296 0.5744047619047619 0.5823412698412699 0.04117063492063492 0.03835978835978836
296 0.5789930555555556 0.5340608465608465 0.045882936507936505 0.05423280423280423
296 0.537078373015873 0.5286044973544973 0.04141865079365079 0.0539021164021164
226 0.6586061507936508 0.5300925925925926 0.037450396825396824 0.056878306878306875
226 0.6227678571428571 0.5287698412698413 0.03670634920634921 0.05357142857142857
226 0.6223958333333334 0.578207671957672 0.034970238095238096 0.045304232804232805
226 0.6586061507936508 0.5788690476190477 0.03794642857142857 0.045965608465608467
284 0.6486855158730159 0.7156084656084656 0.04389880952380952 0.06349206349206349
284 0.6934523809523809 0.7245370370370371 0.047619047619047616 0.061507936507936505
284 0.6945684523809523 0.6640211640211641 0.04935515873015873 0.06812169312169312
73 0.7409474206349206 0.7237103174603174 0.04935515873015873 0.06514550264550265
73 0.7411954365079365 0.6636904761904762 0.05084325396825397 0.062169312169312166
73 0.7880704365079365 0.7271825396825397 0.05084325396825397 0.06746031746031746
73 0.7919146825396826 0.6646825396825397 0.053075396825396824 0.0667989417989418
217 0.8570188492063492 0.6808862433862434 0.06522817460317461 0.07605820105820106
217 0.8490823412698413 0.7375992063492064 0.05679563492063492 0.06911375661375661
217 0.9088541666666666 0.7447089947089947 0.06522817460317461 0.0667989417989418
217 0.9167906746031746 0.6815476190476191 0.061755952380952384 0.07341269841269842
284 0.6493055555555556 0.6579034391534392 0.044642857142857144 0.06646825396825397
21 0.7390873015873016 0.626984126984127 0.04662698412698413 0.012566137566137565
265 0.6114831349206349 0.7787698412698413 0.03993055555555555 0.06018518518518518
265 0.6114831349206349 0.861276455026455 0.04241071428571429 0.05853174603174603
355 0.65625 0.8138227513227513 0.04265873015873016 0.06547619047619048
355 0.65625 0.8685515873015873 0.04265873015873016 0.05654761904761905
355 0.6990327380952381 0.8210978835978836 0.04935515873015873 0.06481481481481481
355 0.6980406746031746 0.8764880952380952 0.047371031746031744 0.06183862433862434
264 0.7511160714285714 0.8880621693121693 0.05282738095238095 0.07242063492063493
264 0.7550843253968254 0.8328373015873016 0.054811507936507936 0.07308201058201058
157 0.8070436507936508 0.8406084656084656 0.057539682539682536 0.07473544973544974
157 0.8010912698412699 0.9009589947089947 0.054563492063492064 0.06448412698412699
231 0.8542906746031746 0.9105489417989417 0.05828373015873016 0.0763888888888889
231 0.8630952380952381 0.8478835978835979 0.06349206349206349 0.0873015873015873
204 0.8937251984126984 0.8230820105820106 0.058779761904761904 0.06481481481481481
204 0.916046626984127 0.9216269841269841 0.07415674603174603 0.08134920634920635
143 0.5425347222222222 0.8199404761904762 0.0662202380952381 0.050595238095238096
143 0.5438988095238095 0.8549933862433863 0.06398809523809523 0.044642857142857144
208 0.49107142857142855 0.7938161375661376 0.03373015873015873 0.05257936507936508
208 0.4877232142857143 0.8387896825396826 0.03993055555555555 0.050595238095238096
235 0.43898809523809523 0.7997685185185185 0.04861111111111111 0.06183862433862434
235 0.39632936507936506 0.8042328042328042 0.0496031746031746 0.07076719576719577
96 0.3559027777777778 0.7524801587301587 0.030257936507936508 0.055224867724867725
96 0.35466269841269843 0.7953042328042328 0.033234126984126984 0.04828042328042328
96 0.32155257936507936 0.7944775132275133 0.04439484126984127 0.05919312169312169
96 0.3267609126984127 0.7452050264550265 0.03844246031746032 0.049933862433862435
33 0.3023313492063492 0.7549603174603174 0.011904761904761904 0.041005291005291
33 0.20287698412698413 0.7642195767195767 0.04365079365079365 0.07076719576719577
33 0.23983134920634921 0.7681878306878307 0.05009920634920635 0.0787037037037037
33 0.275421626984127 0.771494708994709 0.04141865079365079 0.08134920634920635
271 0.21378968253968253 0.6559193121693122 0.03125 0.04332010582010582
271 0.25037202380952384 0.669808201058201 0.028521825396825396 0.04265873015873016
152 0.3463541666666667 0.6803902116402116 0.03447420634920635 0.03935185185185185
152 0.31473214285714285 0.6802248677248677 0.03720238095238095 0.03902116402116402
152 0.2838541666666667 0.6775793650793651 0.03546626984126984 0.037698412698412696
152 0.28000992063492064 0.6383928571428571 0.03422619047619048 0.040013227513227514
152 0.3165922619047619 0.6397156084656085 0.043402777777777776 0.04265873015873016
86 0.43253968253968256 0.6861772486772487 0.0496031746031746 0.05357142857142857
86 0.48040674603174605 0.7002314814814815 0.05009920634920635 0.04133597883597884
86 0.47693452380952384 0.6555886243386243 0.057539682539682536 0.05720899470899471
86 0.482390873015873 0.6246693121693122 0.046130952380952384 0.01521164021164021
86 0.43439980158730157 0.638558201058201 0.048859126984126984 0.046957671957671955
86 0.3896329365079365 0.6374007936507936 0.04712301587301587 0.04794973544973545
86 0.3933531746031746 0.6782407407407407 0.039186507936507936 0.03968253968253968
109 0.5752728174603174 0.6489748677248677 0.04439484126984127 0.05125661375661376
109 0.5347222222222222 0.6823743386243386 0.040674603174603176 0.06712962962962964
109 0.5747767857142857 0.7038690476190477 0.03993055555555555 0.05588624338624339
109 0.6062748015873016 0.6985780423280423 0.021577380952380952 0.06646825396825397
246 0.1697668650793651 0.6610449735449735 0.036458333333333336 0.04431216931216931
246 0.17609126984126985 0.6266534391534392 0.023313492063492064 0.031084656084656083
246 0.15302579365079366 0.6203703703703703 0.043154761904761904 0.04034391534391534
338 0.14955357142857142 0.6519510582010583 0.026785714285714284 0.03141534391534392
246 0.12797619047619047 0.6466600529100529 0.03273809523809524 0.040674603174603176
86 0.10193452380952381 0.6458333333333334 0.030753968253968252 0.03373015873015873
86 0.10515873015873016 0.613260582010582 0.03720238095238095 0.03207671957671958
21 0.25210813492063494 0.5621693121693122 0.023561507936507936 0.06349206349206349
21 0.23561507936507936 0.5558862433862434 0.02132936507936508 0.06349206349206349
21 0.22643849206349206 0.5510912698412699 0.013888888888888888 0.06117724867724868
21 0.21540178571428573 0.548776455026455 0.016121031746031748 0.05324074074074074
21 0.20560515873015872 0.5476190476190477 0.018353174603174604 0.05423280423280423
290 0.1884920634920635 0.5529100529100529 0.02976190476190476 0.05886243386243386
39 0.16790674603174602 0.5600198412698413 0.03720238095238095 0.06117724867724868
39 0.1453373015873016 0.5598544973544973 0.028769841269841268 0.06018518518518518
39 0.1297123015873016 0.5590277777777778 0.025793650793650792 0.05853174603174603
345 0.26103670634920634 0.5752314814814815 0.007688492063492063 0.03736772486772487
66 0.08035714285714286 0.3559854497354497 0.03521825396825397 0.040013227513227514
66 0.050595238095238096 0.36160714285714285 0.03670634920634921 0.03802910052910053
243 0.020089285714285716 0.36789021164021163 0.039186507936507936 0.035383597883597885
243 0.017857142857142856 0.398478835978836 0.03571428571428571 0.031084656084656083
66 0.054811507936507936 0.39203042328042326 0.03422619047619048 0.030753968253968252
66 0.08196924603174603 0.3878968253968254 0.031994047619047616 0.03306878306878307
311 0.3835565476190476 0.30357142857142855 0.04241071428571429 0.047619047619047616
311 0.38764880952380953 0.3543320105820106 0.051587301587301584 0.0539021164021164
311 0.3451140873015873 0.31415343915343913 0.04290674603174603 0.04431216931216931
311 0.3501984126984127 0.35912698412698413 0.03670634920634921 0.037698412698412696
207 0.2126736111111111 0.4755291005291005 0.03794642857142857 0.041005291005291
207 0.2062251984126984 0.4307208994708995 0.03993055555555555 0.040013227513227514
207 0.17261904761904762 0.43171296296296297 0.03670634920634921 0.040013227513227514
207 0.17906746031746032 0.4763558201058201 0.03571428571428571 0.036044973544973546
82 0.30654761904761907 0.4227843915343915 0.03571428571428571 0.04662698412698413
82 0.31125992063492064 0.47007275132275134 0.03869047619047619 0.04332010582010582
12 0.23821924603174602 0.42824074074074076 0.037450396825396824 0.04497354497354497
12 0.24280753968253968 0.47156084656084657 0.03571428571428571 0.04431216931216931
12 0.2725694444444444 0.42427248677248675 0.03125 0.04497354497354497
12 0.2769097222222222 0.4740410052910053 0.034970238095238096 0.045965608465608467
