192 0.046296296296296294 0.1232638888888889 0.09259259259259259 0.07430555555555556
340 0.7189814814814814 0.21736111111111112 0.11944444444444445 0.12916666666666668
340 0.6222222222222222 0.22777777777777777 0.10555555555555556 0.11388888888888889
340 0.524537037037037 0.23020833333333332 0.10833333333333334 0.12013888888888889
49 0.43194444444444446 0.24270833333333333 0.09907407407407408 0.10347222222222222
49 0.36712962962962964 0.240625 0.0787037037037037 0.10347222222222222
304 0.2875 0.24583333333333332 0.09166666666666666 0.10555555555555556
304 0.2111111111111111 0.24270833333333333 0.1111111111111111 0.1076388888888889
344 0.11388888888888889 0.2388888888888889 0.12962962962962962 0.07222222222222222
344 0.030555555555555555 0.23958333333333334 0.06111111111111111 0.0625
200 0.04722222222222222 0.353125 0.09444444444444444 0.07013888888888889
200 0.12453703703703704 0.353125 0.11203703703703703 0.06736111111111111
304 0.05138888888888889 0.4388888888888889 0.10277777777777777 0.0763888888888889
103 0.11481481481481481 0.4371527777777778 0.08518518518518518 0.08125
103 0.16805555555555557 0.4340277777777778 0.07314814814814814 0.07222222222222222
141 0.24074074074074073 0.3892361111111111 0.08518518518518518 0.10625
141 0.3060185185185185 0.38819444444444445 0.08611111111111111 0.10555555555555556
134 0.36944444444444446 0.3871527777777778 0.07777777777777778 0.09791666666666667
134 0.44351851851851853 0.3854166666666667 0.08518518518518518 0.10555555555555556
341 0.5259259259259259 0.3795138888888889 0.09074074074074075 0.10347222222222222
341 0.611574074074074 0.3746527777777778 0.10462962962962963 0.11180555555555556
341 0.6944444444444444 0.36875 0.08703703703703704 0.11388888888888889
100 0.5435185185185185 0.4996527777777778 0.08518518518518518 0.10069444444444445
100 0.611574074074074 0.49375 0.07685185185185185 0.08888888888888889
100 0.6754629629629629 0.490625 0.0824074074074074 0.09236111111111112
341 0.45740740740740743 0.50625 0.09074074074074075 0.11388888888888889
304 0.3814814814814815 0.5208333333333334 0.08148148148148149 0.1
304 0.3175925925925926 0.5211805555555555 0.08148148148148149 0.10069444444444445
304 0.2569444444444444 0.5211805555555555 0.0787037037037037 0.09791666666666667
100 0.4462962962962963 0.6520833333333333 0.07592592592592592 0.08611111111111111
100 0.3861111111111111 0.6479166666666667 0.07592592592592592 0.09444444444444444
100 0.3453703703703704 0.6506944444444445 0.07592592592592592 0.09444444444444444
100 0.28425925925925927 0.6555555555555556 0.07592592592592592 0.09027777777777778
63 0.19444444444444445 0.6489583333333333 0.08518518518518518 0.10069444444444445
63 0.12962962962962962 0.6517361111111111 0.08518518518518518 0.10069444444444445
171 0.062037037037037036 0.6555555555555556 0.08518518518518518 0.09722222222222222
100 0.06157407407407407 0.7513888888888889 0.07685185185185185 0.07222222222222222
100 0.11435185185185186 0.7513888888888889 0.07685185185185185 0.07222222222222222
100 0.2125 0.7447916666666666 0.06944444444444445 0.07430555555555556
100 0.3060185185185185 0.8246527777777778 0.06759259259259259 0.07430555555555556
100 0.35648148148148145 0.821875 0.06111111111111111 0.06736111111111111
100 0.39861111111111114 0.8180555555555555 0.07314814814814814 0.06388888888888888
100 0.5430555555555555 0.8079861111111111 0.06018518518518518 0.06736111111111111
100 0.5930555555555556 0.7993055555555556 0.058333333333333334 0.06527777777777778
100 0.6467592592592593 0.8010416666666667 0.058333333333333334 0.06736111111111111
100 0.5921296296296297 0.7232638888888889 0.06388888888888888 0.06180555555555556
100 0.5425925925925926 0.6579861111111112 0.06111111111111111 0.05763888888888889
100 0.6087962962962963 0.6458333333333334 0.06944444444444445 0.08333333333333333
100 0.6564814814814814 0.6458333333333334 0.06851851851851852 0.08333333333333333
100 0.4 0.7395833333333334 0.05925925925925926 0.06388888888888888
100 0.3537037037037037 0.7416666666666667 0.05925925925925926 0.06527777777777778
100 0.30925925925925923 0.7434027777777777 0.06111111111111111 0.06319444444444444
100 0.15138888888888888 0.7458333333333333 0.05648148148148148 0.07222222222222222
100 0.05138888888888889 0.8326388888888889 0.06388888888888888 0.06527777777777778
100 0.10092592592592593 0.8326388888888889 0.053703703703703705 0.05694444444444444
100 0.14166666666666666 0.8347222222222223 0.05925925925925926 0.05694444444444444
100 0.19074074074074074 0.8277777777777777 0.053703703703703705 0.06527777777777778
100 0.5435185185185185 0.7298611111111111 0.06111111111111111 0.058333333333333334
100 0.6342592592592593 0.7232638888888889 0.05925925925925926 0.059027777777777776
100 0.6898148148148148 0.7232638888888889 0.053703703703703705 0.059027777777777776
100 0.45925925925925926 0.7427083333333333 0.06851851851851852 0.06875
55 0.17962962962962964 0.5534722222222223 0.07037037037037037 0.07361111111111111
249 0.12083333333333333 0.5583333333333333 0.0712962962962963 0.07361111111111111
306 0.05138888888888889 0.5489583333333333 0.08425925925925926 0.10069444444444445
219 0.49166666666666664 0.09236111111111112 0.05555555555555555 0.09305555555555556
219 0.44074074074074077 0.08888888888888889 0.07777777777777778 0.10555555555555556
219 0.38333333333333336 0.09305555555555556 0.05925925925925926 0.09722222222222222
272 0.7194444444444444 0.08680555555555555 0.06851851851851852 0.1111111111111111
272 0.6509259259259259 0.08645833333333333 0.07407407407407407 0.11458333333333333
272 0.5814814814814815 0.08993055555555556 0.07962962962962963 0.11041666666666666
151 0.29444444444444445 0.09965277777777778 0.05925925925925926 0.10069444444444445
151 0.23425925925925925 0.09513888888888888 0.07222222222222222 0.11527777777777778
151 0.1625 0.1 0.07314814814814814 0.10833333333333334
