108 0.124 0.51125 0.082 0.0805
108 0.20316666666666666 0.51025 0.09366666666666666 0.085
330 0.2801666666666667 0.515125 0.10166666666666667 0.08425
330 0.36133333333333334 0.513125 0.096 0.08525
50 0.44633333333333336 0.50925 0.098 0.0895
30 0.372 0.397875 0.122 0.11225
61 0.6025 0.382375 0.07966666666666666 0.07325
201 0.6718333333333333 0.382375 0.077 0.07125
201 0.7363333333333333 0.382375 0.074 0.07125
201 0.788 0.382375 0.058 0.07125
260 0.9218333333333333 0.27975 0.09566666666666666 0.0755
214 0.542 0.27875 0.082 0.0845
214 0.4745 0.27875 0.08166666666666667 0.083
53 0.39066666666666666 0.274875 0.112 0.10125
53 0.29 0.275875 0.112 0.10225
29 0.19333333333333333 0.272875 0.10666666666666667 0.10425
29 0.10166666666666667 0.274875 0.11666666666666667 0.10425
130 0.11133333333333334 0.399875 0.118 0.11375
130 0.203 0.400875 0.11533333333333333 0.11225
30 0.29783333333333334 0.398 0.10033333333333333 0.111
117 0.541 0.46725 0.07666666666666666 0.0795
117 0.6113333333333333 0.46825 0.084 0.0755
305 0.6885 0.46825 0.085 0.0795
305 0.7596666666666667 0.46825 0.084 0.0795
78 0.8428333333333333 0.46725 0.08966666666666667 0.0795
194 0.8975 0.566875 0.09233333333333334 0.08875
75 0.7323333333333333 0.56875 0.08866666666666667 0.0895
75 0.6523333333333333 0.566875 0.09 0.08925
164 0.5576666666666666 0.563875 0.09333333333333334 0.09225
97 0.6493333333333333 0.7 0.12466666666666666 0.098
181 0.5585 0.701625 0.10166666666666667 0.08925
34 0.45116666666666666 0.650875 0.11233333333333333 0.12475
34 0.3476666666666667 0.650875 0.10666666666666667 0.12475
218 0.2285 0.647875 0.11233333333333333 0.12175
218 0.15133333333333332 0.647875 0.11266666666666666 0.12175
7 0.37883333333333336 0.797375 0.08966666666666667 0.08075
7 0.44916666666666666 0.783625 0.099 0.08525
85 0.5586666666666666 0.799375 0.08266666666666667 0.10175
85 0.621 0.80425 0.08266666666666667 0.1005
35 0.8906666666666667 0.8315 0.11266666666666666 0.1235
342 0.7695 0.70075 0.117 0.1095
261 0.9208333333333333 0.38025 0.085 0.0755
61 0.541 0.378375 0.07 0.06025
260 0.8485 0.273875 0.08166666666666667 0.08025
315 0.7841666666666667 0.28175 0.08766666666666667 0.056
261 0.8633333333333333 0.38425 0.108 0.071
78 0.919 0.46825 0.08933333333333333 0.0805
194 0.8135 0.568875 0.091 0.08775
342 0.8633333333333333 0.69775 0.122 0.115
205 0.221 0.791875 0.10933333333333334 0.12275
205 0.13183333333333333 0.79075 0.101 0.121
15 0.6991666666666667 0.8175 0.051 0.1165
15 0.7395 0.81325 0.069 0.1015
15 0.7991666666666667 0.81 0.069 0.1055
15 0.815 0.833375 0.07066666666666667 0.11575
268 0.466 0.374625 0.04133333333333333 0.03025
268 0.45466666666666666 0.40525 0.043333333333333335 0.0335
268 0.4525 0.433375 0.041666666666666664 0.02775
261 0.7196666666666667 0.283625 0.064 0.05325
