342 0.130615234375 0.169921875 0.06787109375 0.109375
342 0.194091796875 0.1728515625 0.06396484375 0.111328125
342 0.257568359375 0.1630859375 0.07470703125 0.13736979166666666
23 0.330810546875 0.16796875 0.07275390625 0.13151041666666666
23 0.403076171875 0.1748046875 0.07275390625 0.13216145833333334
187 0.477294921875 0.1845703125 0.06982421875 0.12044270833333333
187 0.548583984375 0.1865234375 0.07275390625 0.11653645833333333
164 0.614013671875 0.19140625 0.06787109375 0.1171875
164 0.672607421875 0.1943359375 0.06396484375 0.11393229166666667
214 0.726318359375 0.2080078125 0.05029296875 0.09049479166666667
214 0.766357421875 0.2119140625 0.04248046875 0.08528645833333333
214 0.810302734375 0.212890625 0.04736328125 0.08463541666666667
260 0.981689453125 0.384765625 0.03662109375 0.08072916666666667
260 0.942138671875 0.3837890625 0.05126953125 0.076171875
260 0.895263671875 0.3818359375 0.05126953125 0.076171875
61 0.850341796875 0.380859375 0.04736328125 0.07421875
61 0.808349609375 0.3798828125 0.04541015625 0.076171875
61 0.764404296875 0.37890625 0.04443359375 0.07682291666666667
261 0.720458984375 0.3779296875 0.04541015625 0.076171875
261 0.678466796875 0.3779296875 0.04736328125 0.076171875
261 0.637451171875 0.376953125 0.04736328125 0.07682291666666667
261 0.593505859375 0.3740234375 0.04736328125 0.07877604166666667
194 0.541748046875 0.36328125 0.05810546875 0.10026041666666667
194 0.485107421875 0.359375 0.05810546875 0.10026041666666667
75 0.427490234375 0.3583984375 0.06005859375 0.09830729166666667
75 0.368896484375 0.3564453125 0.05712890625 0.099609375
30 0.303466796875 0.3359375 0.06982421875 0.13541666666666666
30 0.239013671875 0.33203125 0.08544921875 0.13932291666666666
29 0.161865234375 0.3330078125 0.07861328125 0.12565104166666666
29 0.087646484375 0.3310546875 0.07861328125 0.12434895833333333
130 0.113037109375 0.509765625 0.06982421875 0.12890625
130 0.188232421875 0.509765625 0.07275390625 0.13151041666666666
130 0.258544921875 0.51171875 0.06982421875 0.12890625
162 0.327880859375 0.5224609375 0.06982421875 0.111328125
162 0.394287109375 0.525390625 0.06982421875 0.11067708333333333
191 0.462646484375 0.525390625 0.06787109375 0.11067708333333333
191 0.528076171875 0.525390625 0.06982421875 0.11067708333333333
181 0.599365234375 0.517578125 0.06982421875 0.12630208333333334
181 0.657958984375 0.517578125 0.06201171875 0.12369791666666667
78 0.718505859375 0.498046875 0.05517578125 0.08072916666666667
78 0.771240234375 0.501953125 0.05419921875 0.0859375
47 0.822998046875 0.5029296875 0.05419921875 0.08528645833333333
47 0.870849609375 0.5048828125 0.04736328125 0.08528645833333333
305 0.916748046875 0.5048828125 0.05126953125 0.08268229166666667
305 0.965576171875 0.505859375 0.05029296875 0.0859375
315 0.965576171875 0.6240234375 0.04736328125 0.07486979166666667
315 0.921630859375 0.6240234375 0.04541015625 0.07096354166666667
315 0.879638671875 0.62109375 0.04541015625 0.06901041666666667
201 0.837646484375 0.62109375 0.04736328125 0.07161458333333333
201 0.789794921875 0.6181640625 0.04541015625 0.068359375
261 0.749755859375 0.615234375 0.03857421875 0.07161458333333333
117 0.715576171875 0.611328125 0.05517578125 0.08072916666666667
108 0.637451171875 0.720703125 0.06201171875 0.10546875
50 0.573974609375 0.7236328125 0.06005859375 0.095703125
50 0.520263671875 0.7216796875 0.05908203125 0.095703125
97 0.459716796875 0.712890625 0.06689453125 0.11979166666666667
97 0.399169921875 0.7060546875 0.06201171875 0.123046875
53 0.329833984375 0.7138671875 0.06982421875 0.11653645833333333
53 0.266357421875 0.7138671875 0.06982421875 0.115234375
34 0.195068359375 0.7021484375 0.06982421875 0.13606770833333334
34 0.128662109375 0.7041015625 0.08056640625 0.14127604166666666
218 0.096435546875 0.8876953125 0.06787109375 0.16731770833333334
218 0.164794921875 0.8876953125 0.07958984375 0.17252604166666666
218 0.239013671875 0.8837890625 0.06884765625 0.173828125
218 0.308349609375 0.8798828125 0.07275390625 0.16731770833333334
205 0.375732421875 0.875 0.06884765625 0.1796875
205 0.442138671875 0.880859375 0.06884765625 0.16796875
85 0.626708984375 0.890625 0.07373046875 0.14583333333333334
85 0.688232421875 0.904296875 0.07080078125 0.11979166666666667
15 0.749755859375 0.91015625 0.06884765625 0.109375
15 0.793701171875 0.9150390625 0.06201171875 0.09700520833333333
35 0.866943359375 0.890625 0.06494140625 0.12239583333333333
35 0.914794921875 0.890625 0.06494140625 0.12369791666666667
47 0.909912109375 0.73828125 0.05517578125 0.08333333333333333
330 0.867919921875 0.728515625 0.04248046875 0.10546875
330 0.817138671875 0.7265625 0.06982421875 0.10286458333333333
223 0.697998046875 0.7236328125 0.05517578125 0.103515625
47 0.957763671875 0.7373046875 0.05126953125 0.08528645833333333
223 0.747802734375 0.7265625 0.06201171875 0.10026041666666667
268 0.96435546875 0.20475260416666666 0.0400390625 0.044921875
268 0.960205078125 0.24055989583333334 0.03076171875 0.033203125
268 0.98388671875 0.2421875 0.0322265625 0.03125
268 0.987548828125 0.2080078125 0.02490234375 0.042317708333333336
