73 0.20796130952380953 0.18931878306878308 0.045882936507936505 0.06382275132275132
204 0.25570436507936506 0.18039021164021163 0.0441468253968254 0.05654761904761905
284 0.30952380952380953 0.15790343915343916 0.05357142857142857 0.06646825396825397
284 0.35540674603174605 0.15112433862433863 0.060515873015873016 0.07076719576719577
157 0.3552827380952381 0.07308201058201058 0.06572420634920635 0.09523809523809523
280 0.42671130952380953 0.12384259259259259 0.045882936507936505 0.08300264550264551
307 0.46564980158730157 0.1111111111111111 0.04290674603174603 0.09193121693121693
307 0.5017361111111112 0.10730820105820106 0.03720238095238095 0.08763227513227513
307 0.5369543650793651 0.08961640211640212 0.039186507936507936 0.09193121693121693
307 0.5760168650793651 0.08002645502645503 0.048859126984126984 0.09986772486772487
11 0.6726190476190477 0.05555555555555555 0.11210317460317461 0.11044973544973545
11 0.7557043650793651 0.045965608465608467 0.08333333333333333 0.09193121693121693
52 0.7420634920634921 0.18733465608465608 0.09771825396825397 0.09755291005291006
52 0.6551339285714286 0.2058531746031746 0.08110119047619048 0.08300264550264551
52 0.5809771825396826 0.21858465608465608 0.06969246031746032 0.07142857142857142
280 0.44320436507936506 0.043816137566137565 0.04265873015873016 0.08697089947089948
217 0.33482142857142855 0.2587632275132275 0.054563492063492064 0.06382275132275132
265 0.2743055555555556 0.27132936507936506 0.057539682539682536 0.059854497354497355
265 0.22743055555555555 0.2751322751322751 0.0441468253968254 0.062169312169312166
12 0.326140873015873 0.4656084656084656 0.03819444444444445 0.0496031746031746
12 0.28893849206349204 0.46378968253968256 0.034722222222222224 0.04794973544973545
3 0.37202380952380953 0.4565145502645503 0.05357142857142857 0.07771164021164022
3 0.4227430555555556 0.4568452380952381 0.061755952380952384 0.07903439153439154
250 0.48226686507936506 0.4695767195767196 0.038938492063492064 0.05291005291005291
250 0.5086805555555556 0.4783399470899471 0.04563492063492063 0.05324074074074074
250 0.5555555555555556 0.4793320105820106 0.051587301587301584 0.059854497354497355
233 0.6122271825396826 0.4783399470899471 0.04290674603174603 0.0763888888888889
233 0.6591021825396826 0.48412698412698413 0.057787698412698416 0.06944444444444445
233 0.6980406746031746 0.4861111111111111 0.045882936507936505 0.06944444444444445
233 0.7274305555555556 0.46378968253968256 0.04563492063492063 0.05654761904761905
296 0.4759424603174603 0.5697751322751323 0.028769841269841268 0.08796296296296297
296 0.5158730158730159 0.5419973544973545 0.04265873015873016 0.04365079365079365
296 0.5622519841269841 0.5471230158730159 0.050595238095238096 0.044642857142857144
296 0.4959077380952381 0.6058201058201058 0.05084325396825397 0.06944444444444445
296 0.5455109126984127 0.6137566137566137 0.05530753968253968 0.07275132275132275
349 0.6018105158730159 0.625 0.057787698412698416 0.07142857142857142
349 0.6604662698412699 0.6360780423280423 0.06398809523809523 0.0744047619047619
349 0.7254464285714286 0.6459986772486772 0.07192460317460317 0.0796957671957672
21 0.3773561507936508 0.5687830687830688 0.031001984126984128 0.08597883597883597
21 0.40811011904761907 0.5667989417989417 0.0339781746031746 0.09854497354497355
21 0.44828869047619047 0.5669642857142857 0.027529761904761904 0.08366402116402116
243 0.1467013888888889 0.47966269841269843 0.06076388888888889 0.040674603174603176
243 0.16555059523809523 0.44460978835978837 0.03546626984126984 0.03406084656084656
62 0.10912698412698413 0.5758928571428571 0.03422619047619048 0.07043650793650794
329 0.17038690476190477 0.5519179894179894 0.05654761904761905 0.06415343915343916
296 0.16282242063492064 0.6025132275132276 0.07713293650793651 0.056216931216931214
271 0.5912698412698413 0.7632275132275133 0.050595238095238096 0.06812169312169312
96 0.6471974206349206 0.7781084656084656 0.058779761904761904 0.07539682539682539
96 0.7083333333333334 0.7964616402116402 0.06696428571428571 0.08035714285714286
208 0.44233630952380953 0.8688822751322751 0.03447420634920635 0.06382275132275132
235 0.4879712301587302 0.8784722222222222 0.06076388888888889 0.09689153439153439
235 0.5477430555555556 0.892691798941799 0.06522817460317461 0.12533068783068782
33 0.6144593253968254 0.9196428571428571 0.07614087301587301 0.13756613756613756
33 0.6922123015873016 0.9171626984126984 0.08432539682539683 0.14252645502645503
271 0.4321676587301587 0.7132936507936508 0.044890873015873016 0.06349206349206349
132 0.3864087301587302 0.7055224867724867 0.05009920634920635 0.06183862433862434
132 0.4007936507936508 0.6550925925925926 0.07291666666666667 0.06349206349206349
246 0.37537202380952384 0.822255291005291 0.04836309523809524 0.05919312169312169
246 0.3773561507936508 0.7809193121693122 0.04389880952380952 0.05919312169312169
246 0.33209325396825395 0.7820767195767195 0.05654761904761905 0.06084656084656084
246 0.33209325396825395 0.8191137566137566 0.042162698412698416 0.047619047619047616
38 0.326140873015873 0.5600198412698413 0.028273809523809524 0.07837301587301587
38 0.30691964285714285 0.5568783068783069 0.03050595238095238 0.07804232804232804
39 0.28249007936507936 0.5545634920634921 0.027281746031746032 0.07341269841269842
39 0.2632688492063492 0.5540674603174603 0.023065476190476192 0.06646825396825397
39 0.24640376984126985 0.5461309523809523 0.026041666666666668 0.07043650793650794
271 0.4857390873015873 0.7136243386243386 0.048859126984126984 0.07142857142857142
271 0.48387896825396826 0.6671626984126984 0.04712301587301587 0.049933862433862435
271 0.5460069444444444 0.7121362433862434 0.03695436507936508 0.06448412698412699
338 0.2062251984126984 0.7612433862433863 0.06076388888888889 0.06746031746031746
338 0.20796130952380953 0.7159391534391535 0.03844246031746032 0.04563492063492063
333 0.6925843253968254 0.31977513227513227 0.06820436507936507 0.10317460317460317
333 0.7626488095238095 0.31382275132275134 0.08482142857142858 0.10978835978835978
92 0.3428819444444444 0.35730820105820105 0.031994047619047616 0.05324074074074074
92 0.31845238095238093 0.3584656084656085 0.017857142857142856 0.047619047619047616
92 0.30617559523809523 0.35978835978835977 0.019097222222222224 0.04497354497354497
345 0.2689732142857143 0.35796957671957674 0.024057539682539684 0.040013227513227514
345 0.2456597222222222 0.3611111111111111 0.021577380952380952 0.03505291005291005
355 0.24541170634920634 0.4636243386243386 0.03249007936507937 0.05489417989417989
78 0.11458333333333333 0.3480489417989418 0.03521825396825397 0.07242063492063493
305 0.08891369047619048 0.34937169312169314 0.027529761904761904 0.06382275132275132
78 0.05530753968253968 0.35119047619047616 0.036210317460317464 0.06878306878306878
223 0.07180059523809523 0.4540343915343915 0.030009920634920636 0.062169312169312166
223 0.11086309523809523 0.45982142857142855 0.033234126984126984 0.06382275132275132
166 0.08035714285714286 0.5634920634920635 0.03373015873015873 0.08267195767195767
166 0.054563492063492064 0.5557208994708994 0.03125 0.07043650793650794
97 0.035962301587301584 0.5568783068783069 0.030753968253968252 0.07605820105820106
7 0.05220734126984127 0.6633597883597884 0.034970238095238096 0.061507936507936505
221 0.13033234126984128 0.6587301587301587 0.05282738095238095 0.05555555555555555
221 0.18526785714285715 0.6736111111111112 0.06448412698412699 0.047619047619047616
221 0.14223710317460317 0.7286706349206349 0.030009920634920636 0.05324074074074074
221 0.11359126984126984 0.7192460317460317 0.03125 0.05555555555555555
328 0.04662698412698413 0.46064814814814814 0.02628968253968254 0.06547619047619048
328 0.030629960317460316 0.4634589947089947 0.034970238095238096 0.0744047619047619
315 0.03608630952380952 0.3654100529100529 0.030009920634920636 0.05489417989417989
315 0.024305555555555556 0.36755952380952384 0.028273809523809524 0.045965608465608467
164 0.020833333333333332 0.2316468253968254 0.036210317460317464 0.09490740740740741
164 0.050347222222222224 0.2199074074074074 0.04117063492063492 0.09259259259259259
143 0.11979166666666667 0.22337962962962962 0.04117063492063492 0.050595238095238096
316 0.08668154761904762 0.23875661375661375 0.044890873015873016 0.03042328042328042
