272 0.05654761904761905 0.22255291005291006 0.04365079365079365 0.08862433862433862
272 0.09362599206349206 0.22056878306878308 0.04141865079365079 0.08333333333333333
272 0.1375248015873016 0.21858465608465608 0.04141865079365079 0.08333333333333333
272 0.16889880952380953 0.21577380952380953 0.039186507936507936 0.08035714285714286
219 0.21180555555555555 0.20601851851851852 0.040674603174603176 0.09523809523809523
219 0.24987599206349206 0.2058531746031746 0.04092261904761905 0.09226190476190477
281 0.443328373015873 0.21858465608465608 0.043402777777777776 0.05026455026455026
281 0.48722718253968256 0.21858465608465608 0.038938492063492064 0.04431216931216931
9 0.5243055555555556 0.21478174603174602 0.040674603174603176 0.04794973544973545
126 0.5701884920634921 0.20105820105820105 0.04563492063492063 0.06878306878306878
314 0.613219246031746 0.20982142857142858 0.04389880952380952 0.05324074074074074
1 0.857390873015873 0.20403439153439154 0.03422619047619048 0.041666666666666664
1 0.8876488095238095 0.19907407407407407 0.03422619047619048 0.04828042328042328
1 0.8524305555555556 0.15790343915343916 0.03571428571428571 0.05654761904761905
1 0.886656746031746 0.15806878306878308 0.03125 0.0496031746031746
122 0.7049851190476191 0.29282407407407407 0.048859126984126984 0.05720899470899471
122 0.6619543650793651 0.29381613756613756 0.04265873015873016 0.05720899470899471
355 0.7049851190476191 0.3933531746031746 0.045882936507936505 0.04265873015873016
83 0.7586805555555556 0.3913690476190476 0.04563492063492063 0.04662698412698413
215 0.8115079365079365 0.3915343915343915 0.03819444444444445 0.04431216931216931
215 0.8474702380952381 0.3915343915343915 0.03422619047619048 0.04365079365079365
83 0.880828373015873 0.35532407407407407 0.045882936507936505 0.030753968253968252
83 0.925719246031746 0.35532407407407407 0.045882936507936505 0.030753968253968252
89 0.925719246031746 0.38855820105820105 0.045882936507936505 0.046957671957671955
355 0.5926339285714286 0.4021164021164021 0.03993055555555555 0.05886243386243386
355 0.5517113095238095 0.40228174603174605 0.03447420634920635 0.05720899470899471
192 0.5164930555555556 0.4041005291005291 0.036458333333333336 0.05952380952380952
192 0.47842261904761907 0.4041005291005291 0.039186507936507936 0.057539682539682536
142 0.44320436507936506 0.4050925925925926 0.03373015873015873 0.057539682539682536
142 0.4071180555555556 0.4050925925925926 0.0339781746031746 0.05555555555555555
142 0.37487599206349204 0.4041005291005291 0.0339781746031746 0.05423280423280423
222 0.33878968253968256 0.4041005291005291 0.03373015873015873 0.05423280423280423
144 0.40910218253968256 0.501818783068783 0.04141865079365079 0.0882936507936508
144 0.36123511904761907 0.501818783068783 0.045882936507936505 0.08300264550264551
100 0.29377480158730157 0.47354497354497355 0.045882936507936505 0.09986772486772487
100 0.23722718253968253 0.47354497354497355 0.04538690476190476 0.09722222222222222
347 0.19122023809523808 0.47453703703703703 0.04365079365079365 0.09391534391534391
100 0.15215773809523808 0.47156084656084657 0.04290674603174603 0.09986772486772487
100 0.11123511904761904 0.47354497354497355 0.04290674603174603 0.09523809523809523
100 0.06919642857142858 0.47156084656084657 0.04265873015873016 0.09986772486772487
304 0.06634424603174603 0.5925925925925926 0.03546626984126984 0.08664021164021164
304 0.09461805555555555 0.595568783068783 0.034970238095238096 0.08796296296296297
304 0.12301587301587301 0.5965608465608465 0.03422619047619048 0.08333333333333333
304 0.1541418650793651 0.595568783068783 0.038938492063492064 0.08664021164021164
304 0.19122023809523808 0.5965608465608465 0.03422619047619048 0.08333333333333333
304 0.2255704365079365 0.5954034391534392 0.038938492063492064 0.09027777777777778
341 0.27232142857142855 0.5983796296296297 0.04265873015873016 0.08035714285714286
341 0.31237599206349204 0.595568783068783 0.04290674603174603 0.08664021164021164
137 0.35143849206349204 0.611276455026455 0.032242063492063495 0.06183862433862434
137 0.37785218253968256 0.607308201058201 0.03249007936507937 0.06448412698412699
111 0.4021577380952381 0.6101190476190477 0.029513888888888888 0.061507936507936505
111 0.4255952380952381 0.607308201058201 0.028273809523809524 0.06183862433862434
325 0.5037202380952381 0.6033399470899471 0.02628968253968254 0.07043650793650794
325 0.5486111111111112 0.6033399470899471 0.02628968253968254 0.07242063492063493
174 0.6532738095238095 0.5925925925925926 0.05357142857142857 0.07076719576719577
297 0.7362351190476191 0.5730820105820106 0.05679563492063492 0.047619047619047616
87 0.7849702380952381 0.5730820105820106 0.03968253968253968 0.04828042328042328
287 0.8338293650793651 0.5730820105820106 0.051587301587301584 0.041005291005291
309 0.8974454365079365 0.5730820105820106 0.05282738095238095 0.041005291005291
309 0.9012896825396826 0.6083002645502645 0.05654761904761905 0.04861111111111111
87 0.7937748015873016 0.6121031746031746 0.04985119047619048 0.046957671957671955
297 0.7392113095238095 0.6122685185185185 0.05580357142857143 0.04398148148148148
40 0.5555555555555556 0.5008267195767195 0.04265873015873016 0.0882936507936508
40 0.6014384920634921 0.501818783068783 0.04563492063492063 0.0882936507936508
127 0.49987599206349204 0.501818783068783 0.04389880952380952 0.07903439153439154
127 0.4461805555555556 0.501818783068783 0.04265873015873016 0.08895502645502645
111 0.45101686507936506 0.607308201058201 0.029513888888888888 0.06580687830687831
106 0.48226686507936506 0.6051587301587301 0.029513888888888888 0.06878306878306878
146 0.5262896825396826 0.6023478835978836 0.02628968253968254 0.07242063492063493
178 0.5682043650793651 0.6023478835978836 0.029265873015873016 0.07572751322751323
178 0.5964781746031746 0.6023478835978836 0.02976190476190476 0.07771164021164022
169 0.9207589285714286 0.7048611111111112 0.04935515873015873 0.06646825396825397
169 0.8709077380952381 0.7048611111111112 0.05282738095238095 0.06448412698412699
56 0.8123759920634921 0.6970899470899471 0.040426587301587304 0.06878306878306878
56 0.7762896825396826 0.6951058201058201 0.03670634920634921 0.06878306878306878
56 0.7400793650793651 0.6931216931216931 0.03670634920634921 0.07076719576719577
56 0.7048611111111112 0.6931216931216931 0.03422619047619048 0.07076719576719577
32 0.6747271825396826 0.6931216931216931 0.03844246031746032 0.07473544973544974
32 0.6405009920634921 0.6931216931216931 0.03149801587301587 0.06878306878306878
141 0.047619047619047616 0.3412698412698413 0.032242063492063495 0.08597883597883597
141 0.08258928571428571 0.3412698412698413 0.03521825396825397 0.08994708994708994
141 0.11693948412698413 0.34341931216931215 0.036458333333333336 0.08366402116402116
141 0.15476190476190477 0.3411044973544973 0.033234126984126984 0.08630952380952381
141 0.19605654761904762 0.34226190476190477 0.03249007936507937 0.0787037037037037
347 0.26103670634920634 0.3435846560846561 0.03149801587301587 0.07605820105820106
347 0.3040674603174603 0.3376322751322751 0.034722222222222224 0.09060846560846561
225 0.33556547619047616 0.30787037037037035 0.023809523809523808 0.06018518518518518
225 0.3587549603174603 0.3060515873015873 0.029017857142857144 0.0625
225 0.38578869047619047 0.30505952380952384 0.028521825396825396 0.0625
225 0.41902281746031744 0.3039021164021164 0.027529761904761904 0.06283068783068783
103 0.44518849206349204 0.3020833333333333 0.028273809523809524 0.0625
103 0.47172619047619047 0.30158730158730157 0.026785714285714284 0.06349206349206349
339 0.5590277777777778 0.3103505291005291 0.043154761904761904 0.03869047619047619
339 0.6020585317460317 0.30952380952380953 0.043402777777777776 0.03835978835978836
334 0.7925347222222222 0.29034391534391535 0.03298611111111111 0.06084656084656084
334 0.8239087301587301 0.28935185185185186 0.03125 0.06018518518518518
177 0.8547867063492064 0.2918320105820106 0.029017857142857144 0.05324074074074074
118 0.3931051587301587 0.20238095238095238 0.04861111111111111 0.08994708994708994
151 0.30493551587301587 0.21064814814814814 0.03546626984126984 0.07804232804232804
151 0.3349454365079365 0.21048280423280424 0.029513888888888888 0.07572751322751323
27 0.6520337301587301 0.37103174603174605 0.052083333333333336 0.032407407407407406
189 0.6533978174603174 0.40343915343915343 0.04985119047619048 0.0291005291005291
173 0.6546378968253969 0.4642857142857143 0.05084325396825397 0.03571428571428571
173 0.6556299603174603 0.5006613756613757 0.051835317460317464 0.037698412698412696
173 0.7098214285714286 0.5003306878306878 0.05654761904761905 0.03571428571428571
173 0.7094494047619048 0.46296296296296297 0.04836309523809524 0.037037037037037035
46 0.8022073412698413 0.4666005291005291 0.056299603174603176 0.041005291005291
46 0.8013392857142857 0.501984126984127 0.056051587301587304 0.031746031746031744
46 0.8596230158730159 0.5016534391534392 0.05853174603174603 0.031746031746031744
46 0.8596230158730159 0.46742724867724866 0.054563492063492064 0.03935185185185185
46 0.9201388888888888 0.46709656084656087 0.05952380952380952 0.03869047619047619
46 0.9188988095238095 0.501984126984127 0.05704365079365079 0.031746031746031744
200 0.5102926587301587 0.7337962962962963 0.04538690476190476 0.041666666666666664
200 0.5554315476190477 0.7347883597883598 0.045882936507936505 0.04365079365079365
200 0.6013144841269841 0.7389219576719577 0.047371031746031744 0.05125661375661376
99 0.6013144841269841 0.7162698412698413 0.046378968253968256 0.006613756613756613
340 0.3431299603174603 0.6949404761904762 0.03943452380952381 0.06580687830687831
340 0.3800843253968254 0.6949404761904762 0.034970238095238096 0.06580687830687831
340 0.4367559523809524 0.6932870370370371 0.03869047619047619 0.07506613756613757
340 0.46651785714285715 0.6952711640211641 0.023809523809523808 0.07175925925925926
282 0.6553819444444444 0.9017857142857143 0.035962301587301584 0.07208994708994709
282 0.6824156746031746 0.8895502645502645 0.06225198412698413 0.05291005291005291
282 0.7193700396825397 0.9027777777777778 0.04836309523809524 0.07936507936507936
282 0.7876984126984127 0.9059193121693122 0.046130952380952384 0.08498677248677249
282 0.8231646825396826 0.9204695767195767 0.07142857142857142 0.060515873015873016
282 0.8625992063492064 0.9074074074074074 0.042162698412698416 0.08796296296296297
259 0.6449652777777778 0.7977843915343915 0.035962301587301584 0.07043650793650794
259 0.7140376984126984 0.8022486772486772 0.033234126984126984 0.05952380952380952
259 0.748015873015873 0.8043981481481481 0.03521825396825397 0.05588624338624339
298 0.7874503968253969 0.7862103174603174 0.03422619047619048 0.0763888888888889
298 0.8221726190476191 0.7934854497354498 0.05109126984126984 0.08234126984126984
298 0.9140625 0.8002645502645502 0.044890873015873016 0.08134920634920635
171 0.36532738095238093 0.8693783068783069 0.030753968253968252 0.07936507936507936
171 0.3913690476190476 0.8702050264550265 0.027777777777777776 0.08035714285714286
171 0.41976686507936506 0.8849206349206349 0.03249007936507937 0.07936507936507936
160 0.4914434523809524 0.8829365079365079 0.021081349206349208 0.082010582010582
160 0.5153769841269841 0.8824404761904762 0.029265873015873016 0.08167989417989419
160 0.5405505952380952 0.8857473544973545 0.024553571428571428 0.08895502645502645
100 0.11755952380952381 0.7862103174603174 0.03571428571428571 0.06712962962962964
100 0.15959821428571427 0.7733134920634921 0.02703373015873016 0.07572751322751323
100 0.18415178571428573 0.7731481481481481 0.025049603174603176 0.07539682539682539
100 0.25285218253968256 0.7711640211640212 0.024553571428571428 0.07142857142857142
100 0.2760416666666667 0.7726521164021164 0.02628968253968254 0.0744047619047619
100 0.29662698412698413 0.7736441798941799 0.03373015873015873 0.0763888888888889
100 0.2890625 0.8746693121693122 0.01711309523809524 0.06283068783068783
100 0.2683531746031746 0.8735119047619048 0.02976190476190476 0.06448412698412699
100 0.24193948412698413 0.8700396825396826 0.028521825396825396 0.06613756613756613
100 0.22073412698412698 0.8683862433862434 0.019345238095238096 0.06547619047619048
100 0.17906746031746032 0.8659060846560847 0.016865079365079364 0.04927248677248677
100 0.15823412698412698 0.8682208994708994 0.030257936507936508 0.05588624338624339
100 0.13132440476190477 0.8672288359788359 0.028025793650793652 0.055224867724867725
100 0.11098710317460317 0.8662367724867724 0.018601190476190476 0.0539021164021164
