168 0.320271164021164 0.024305555555555556 0.12665343915343916 0.04861111111111111
168 0.3220899470899471 0.06535218253968254 0.13425925925925927 0.0662202380952381
168 0.43452380952380953 0.025297619047619048 0.12698412698412698 0.05009920634920635
168 0.43452380952380953 0.06746031746031746 0.12632275132275134 0.06845238095238096
18 0.8445767195767195 0.03509424603174603 0.08862433862433862 0.04538690476190476
18 0.8445767195767195 0.07713293650793651 0.08664021164021164 0.054563492063492064
18 0.9246031746031746 0.041046626984126984 0.11375661375661375 0.051835317460317464
18 0.9247685185185185 0.08097718253968254 0.12731481481481483 0.053323412698412696
18 0.9854497354497355 0.0390625 0.0291005291005291 0.04538690476190476
18 0.9859457671957672 0.08097718253968254 0.028108465608465607 0.054811507936507936
176 0.7840608465608465 0.24603174603174602 0.12962962962962962 0.037698412698412696
176 0.6630291005291006 0.24615575396825398 0.1421957671957672 0.04241071428571429
176 0.6612103174603174 0.20696924603174602 0.14517195767195767 0.03794642857142857
254 0.18832671957671956 0.022445436507936508 0.16898148148148148 0.04439484126984127
254 0.1865079365079365 0.06336805555555555 0.16997354497354497 0.0662202380952381
176 0.7840608465608465 0.2099454365079365 0.14947089947089948 0.04439484126984127
176 0.7822420634920635 0.17671130952380953 0.15906084656084657 0.04439484126984127
176 0.6610449735449735 0.17274305555555555 0.13425925925925927 0.04241071428571429
175 0.7374338624338624 0.027529761904761904 0.16137566137566137 0.05505952380952381
175 0.5876322751322751 0.025669642857142856 0.1693121693121693 0.05133928571428571
302 0.7414021164021164 0.07428075396825397 0.1527777777777778 0.06473214285714286
175 0.5947420634920635 0.07130456349206349 0.17096560846560846 0.06572420634920635
232 0.5474537037037037 0.3758680555555556 0.1412037037037037 0.0662202380952381
232 0.5482804232804233 0.32080853174603174 0.13293650793650794 0.0642361111111111
232 0.652281746031746 0.3107638888888889 0.11408730158730158 0.051587301587301584
232 0.6509589947089947 0.34846230158730157 0.11276455026455026 0.04712301587301587
6 0.3688822751322751 0.37524801587301587 0.20006613756613756 0.0625
6 0.3654100529100529 0.34052579365079366 0.16005291005291006 0.025297619047619048
185 0.05423280423280423 0.35367063492063494 0.09788359788359788 0.11210317460317461
267 0.12566137566137567 0.3541666666666667 0.09986772486772487 0.11160714285714286
267 0.20188492063492064 0.3550347222222222 0.09887566137566138 0.11086309523809523
220 0.22321428571428573 0.18253968253968253 0.13425925925925927 0.04117063492063492
220 0.22668650793650794 0.20969742063492064 0.13260582010582012 0.03943452380952381
220 0.22999338624338625 0.23623511904761904 0.1292989417989418 0.04141865079365079
220 0.341765873015873 0.2371031746031746 0.12136243386243387 0.039186507936507936
220 0.3414351851851852 0.2095734126984127 0.12533068783068782 0.04017857142857143
220 0.3543320105820106 0.19779265873015872 0.11078042328042328 0.034970238095238096
220 0.35548941798941797 0.17485119047619047 0.1078042328042328 0.03571428571428571
139 0.8346560846560847 0.37375992063492064 0.14351851851851852 0.05952380952380952
139 0.9475859788359788 0.37785218253968256 0.10482804232804233 0.04836309523809524
139 0.9401455026455027 0.3271329365079365 0.11970899470899471 0.07192460317460317
139 0.7999338624338624 0.3162202380952381 0.13822751322751323 0.0625
312 0.8698743386243386 0.4732142857142857 0.2443783068783069 0.0679563492063492
312 0.8606150793650794 0.5172371031746031 0.22784391534391535 0.060267857142857144
275 0.7724867724867724 0.5776289682539683 0.18981481481481483 0.0679563492063492
275 0.5854828042328042 0.5868055555555556 0.17956349206349206 0.0441468253968254
275 0.5876322751322751 0.5551835317460317 0.20436507936507936 0.047867063492063495
80 0.16236772486772486 0.5772569444444444 0.22420634920634921 0.037450396825396824
80 0.17906746031746032 0.595734126984127 0.22255291005291006 0.05803571428571429
80 0.1767526455026455 0.6563740079365079 0.19212962962962962 0.06274801587301587
80 0.38921957671957674 0.6328125 0.20965608465608465 0.04141865079365079
80 0.3864087301587302 0.6014384920634921 0.21395502645502645 0.060515873015873016
80 0.3870701058201058 0.5688244047619048 0.20006613756613756 0.028025793650793652
283 0.39831349206349204 0.49243551587301587 0.21858465608465608 0.0662202380952381
355 0.17377645502645503 0.49516369047619047 0.22585978835978837 0.04290674603174603
355 0.17063492063492064 0.4583333333333333 0.22883597883597884 0.049107142857142856
283 0.40029761904761907 0.43960813492063494 0.2027116402116402 0.034970238095238096
322 0.8864087301587301 0.17063492063492064 0.10152116402116403 0.05654761904761905
322 0.9695767195767195 0.16865079365079366 0.05357142857142857 0.059027777777777776
322 0.9694113756613757 0.23201884920634921 0.059854497354497355 0.0597718253968254
322 0.8811177248677249 0.22668650793650794 0.10813492063492064 0.059027777777777776
