308 0.0735 0.19466666666666665 0.136 0.188
308 0.172 0.19366666666666665 0.099 0.18066666666666667
355 0.2735 0.19966666666666666 0.108 0.154
355 0.3625 0.19966666666666666 0.096 0.15266666666666667
355 0.4435 0.20233333333333334 0.071 0.14066666666666666
355 0.50225 0.20366666666666666 0.0675 0.138
355 0.68775 0.20266666666666666 0.0615 0.12133333333333333
355 0.7385 0.20166666666666666 0.047 0.118
214 0.7805 0.20333333333333334 0.047 0.10533333333333333
214 0.8185 0.20266666666666666 0.047 0.104
201 0.85775 0.20933333333333334 0.0405 0.08133333333333333
201 0.888 0.20933333333333334 0.038 0.08
201 0.9495 0.20933333333333334 0.033 0.07733333333333334
61 0.97975 0.21233333333333335 0.0375 0.07933333333333334
260 0.98275 0.37366666666666665 0.0345 0.074
61 0.8655 0.394 0.04 0.07866666666666666
355 0.83025 0.39866666666666667 0.0395 0.08133333333333333
355 0.79325 0.4046666666666667 0.0405 0.088
355 0.754 0.4093333333333333 0.044 0.09333333333333334
261 0.715 0.41733333333333333 0.045 0.084
261 0.67525 0.421 0.0395 0.08866666666666667
78 0.60175 0.426 0.0555 0.10666666666666667
78 0.554 0.432 0.056 0.11466666666666667
305 0.49925 0.43966666666666665 0.0585 0.118
305 0.43975 0.4483333333333333 0.0615 0.12466666666666666
117 0.37725 0.4573333333333333 0.0645 0.12533333333333332
117 0.31 0.4653333333333333 0.075 0.13066666666666665
117 0.2385 0.4766666666666667 0.088 0.136
93 0.1525 0.48966666666666664 0.091 0.14866666666666667
93 0.06475 0.5023333333333333 0.0985 0.15666666666666668
93 0.01475 0.514 0.0295 0.15466666666666667
197 0.05125 0.7183333333333334 0.1025 0.23133333333333334
197 0.16225 0.712 0.1195 0.172
23 0.26975 0.6753333333333333 0.1055 0.18
23 0.3625 0.6536666666666666 0.092 0.17933333333333334
187 0.50225 0.6086666666666667 0.0885 0.14933333333333335
187 0.58725 0.5943333333333334 0.0785 0.14733333333333334
187 0.6535 0.5833333333333334 0.069 0.12933333333333333
342 0.716 0.5596666666666666 0.066 0.14066666666666666
342 0.77375 0.548 0.0585 0.13066666666666665
342 0.8245 0.5356666666666666 0.056 0.12466666666666666
164 0.8655 0.5276666666666666 0.047 0.10333333333333333
164 0.90475 0.5206666666666667 0.0445 0.104
145 0.97675 0.5003333333333333 0.0395 0.094
315 0.9475 0.37333333333333335 0.038 0.08
315 0.89875 0.38033333333333336 0.0405 0.07933333333333334
145 0.94175 0.49733333333333335 0.0395 0.104
35 0.84475 0.7503333333333333 0.0615 0.13533333333333333
35 0.802 0.765 0.059 0.12466666666666666
35 0.75425 0.7783333333333333 0.0655 0.15133333333333332
15 0.91175 0.714 0.0665 0.10266666666666667
15 0.944 0.7026666666666667 0.062 0.09466666666666666
15 0.9695 0.6933333333333334 0.053 0.09066666666666667
85 0.43175 0.9343333333333333 0.0945 0.118
85 0.352 0.95 0.091 0.1
85 0.29225 0.9583333333333334 0.0735 0.08333333333333333
85 0.21375 0.9393333333333334 0.0855 0.12133333333333333
85 0.124 0.977 0.091 0.046
