30 0.046625 0.19183333333333333 0.06625 0.125
156 0.091625 0.181 0.06425 0.12666666666666668
30 0.12775 0.16933333333333334 0.074 0.134
29 0.18525 0.15566666666666668 0.091 0.152
29 0.285875 0.13316666666666666 0.10425 0.16233333333333333
130 0.35725 0.1175 0.079 0.169
75 0.47825 0.10283333333333333 0.082 0.16233333333333333
75 0.551625 0.08433333333333333 0.08425 0.16866666666666666
75 0.6325 0.0755 0.0875 0.151
194 0.746875 0.06683333333333333 0.10175 0.13233333333333333
194 0.849375 0.057 0.10625 0.114
194 0.954875 0.04533333333333334 0.08975 0.09066666666666667
315 0.954 0.31383333333333335 0.091 0.155
315 0.870875 0.31483333333333335 0.09175 0.155
78 0.784 0.31383333333333335 0.0875 0.155
78 0.702 0.32266666666666666 0.082 0.144
117 0.62875 0.32666666666666666 0.082 0.14133333333333334
117 0.56425 0.3295 0.072 0.13433333333333333
305 0.505625 0.3335 0.06425 0.125
305 0.452875 0.3353333333333333 0.06625 0.12066666666666667
305 0.408 0.3373333333333333 0.0615 0.11466666666666667
47 0.35725 0.3373333333333333 0.0615 0.11333333333333333
47 0.31425 0.33916666666666667 0.0615 0.10833333333333334
50 0.2595 0.3353333333333333 0.079 0.118
330 0.19325 0.3411666666666667 0.0555 0.10833333333333334
330 0.14725 0.3441666666666667 0.0555 0.105
53 0.113 0.3441666666666667 0.0475 0.10033333333333333
53 0.07 0.3441666666666667 0.074 0.105
34 0.10725 0.477 0.072 0.12266666666666666
34 0.157 0.47883333333333333 0.0615 0.12233333333333334
34 0.196125 0.48083333333333333 0.05825 0.12833333333333333
187 0.237125 0.4915 0.06425 0.125
187 0.286875 0.4955 0.07225 0.13433333333333333
223 0.340625 0.5081666666666667 0.06125 0.13433333333333333
223 0.388375 0.5208333333333334 0.06425 0.125
164 0.452875 0.516 0.06925 0.14133333333333334
164 0.50175 0.5248333333333334 0.0695 0.14633333333333334
260 0.575 0.4661666666666667 0.0495 0.10766666666666666
260 0.616 0.4721666666666667 0.0615 0.10833333333333334
61 0.676625 0.471 0.06425 0.11933333333333333
61 0.736125 0.473 0.05825 0.118
201 0.79075 0.47883333333333333 0.072 0.125
201 0.861125 0.48083333333333333 0.07575 0.13433333333333333
261 0.952 0.4856666666666667 0.0875 0.14133333333333334
85 0.87575 0.9691666666666666 0.087 0.06166666666666667
85 0.79075 0.9736666666666667 0.0875 0.05266666666666667
7 0.717625 0.9375 0.09975 0.125
7 0.6365 0.9233333333333333 0.0805 0.15333333333333332
35 0.569125 0.9075 0.06625 0.13433333333333333
205 0.4305 0.8451666666666666 0.0875 0.13766666666666666
23 0.3475 0.854 0.082 0.146
23 0.298625 0.8373333333333334 0.06125 0.128
23 0.25375 0.8226666666666667 0.0615 0.12266666666666666
218 0.207875 0.7905 0.05825 0.13766666666666666
218 0.165 0.781 0.0585 0.12266666666666666
342 0.16575 0.6458333333333334 0.0525 0.10566666666666667
342 0.203875 0.6488333333333334 0.05825 0.12566666666666668
97 0.246875 0.6556666666666666 0.05825 0.128
181 0.29275 0.6703333333333333 0.0585 0.134
181 0.33575 0.683 0.0585 0.136
181 0.3885 0.6956666666666667 0.0665 0.146
181 0.448 0.7143333333333334 0.072 0.14133333333333334
97 0.517375 0.7201666666666666 0.08225 0.16033333333333333
214 0.66775 0.7865 0.0615 0.13433333333333333
214 0.726375 0.7981666666666667 0.06625 0.13766666666666666
35 0.5035 0.9241666666666667 0.0735 0.13966666666666666
186 0.87825 0.8295 0.0555 0.079
186 0.933125 0.8436666666666667 0.05875 0.086
186 0.930125 0.8941666666666667 0.04825 0.06633333333333333
186 0.877875 0.8736666666666667 0.05475 0.07733333333333334
108 0.58975 0.6103333333333333 0.062 0.12533333333333332
108 0.646375 0.6233333333333333 0.08175 0.124
15 0.733125 0.6265 0.08175 0.139
15 0.79825 0.632 0.084 0.152
268 0.8695 0.6466666666666666 0.0655 0.07733333333333334
268 0.86775 0.7001666666666667 0.0565 0.06233333333333333
268 0.939 0.7068333333333333 0.057 0.07633333333333334
268 0.946375 0.6605 0.06525 0.08166666666666667
