52 0.530125 0.2693333333333333 0.05375 0.05333333333333334
52 0.58975 0.2693333333333333 0.0535 0.051333333333333335
52 0.63075 0.2693333333333333 0.046 0.05333333333333334
244 0.676625 0.2693333333333333 0.04575 0.05333333333333334
244 0.722625 0.2683333333333333 0.05075 0.05333333333333334
321 0.77325 0.28883333333333333 0.0535 0.057666666666666665
321 0.821125 0.288 0.04325 0.06
354 0.865125 0.288 0.04575 0.06
354 0.90325 0.285 0.0435 0.062
333 0.702 0.35333333333333333 0.083 0.062
212 0.407125 0.37 0.04325 0.056666666666666664
345 0.299625 0.37783333333333335 0.03575 0.041
345 0.2695 0.37666666666666665 0.0395 0.037333333333333336
345 0.23125 0.37666666666666665 0.0395 0.037333333333333336
92 0.199125 0.37283333333333335 0.03725 0.042333333333333334
251 0.2225 0.4881666666666667 0.046 0.041666666666666664
62 0.734875 0.6595 0.03925 0.05366666666666667
62 0.7895 0.6573333333333333 0.074 0.058
62 0.85025 0.6543333333333333 0.056 0.05266666666666667
62 0.893875 0.6523333333333333 0.04825 0.048666666666666664
235 0.772 0.7643333333333333 0.0535 0.07
235 0.814125 0.7613333333333333 0.04775 0.064
8 0.583625 0.7965 0.04775 0.05566666666666667
33 0.6335 0.7861666666666667 0.0475 0.061
246 0.3905 0.7846666666666666 0.0525 0.05533333333333333
246 0.3905 0.8198333333333333 0.0525 0.024333333333333332
246 0.442 0.8163333333333334 0.0515 0.03133333333333333
246 0.4425 0.7805 0.0535 0.047
243 0.51325 0.8063333333333333 0.085 0.051333333333333335
329 0.284875 0.8191666666666667 0.06025 0.08833333333333333
329 0.33425 0.815 0.0505 0.07333333333333333
296 0.257625 0.6608333333333334 0.05825 0.05366666666666667
296 0.25875 0.7003333333333334 0.045 0.03266666666666666
109 0.303625 0.6916666666666667 0.04725 0.05
132 0.351875 0.691 0.05475 0.051333333333333335
132 0.34925 0.6515 0.058 0.043666666666666666
132 0.4035 0.649 0.051 0.03866666666666667
132 0.4035 0.6888333333333333 0.0545 0.051666666666666666
349 0.246375 0.548 0.04125 0.046
349 0.28675 0.5503333333333333 0.0485 0.05
349 0.24625 0.5951666666666666 0.0545 0.05566666666666667
349 0.290375 0.5965 0.04175 0.04566666666666667
12 0.342375 0.5446666666666666 0.04775 0.050666666666666665
12 0.342125 0.5871666666666666 0.04675 0.039
236 0.386375 0.5421666666666667 0.04575 0.050333333333333334
236 0.385 0.5861666666666666 0.0425 0.041
207 0.4295 0.5395 0.044 0.04833333333333333
207 0.429125 0.5836666666666667 0.03925 0.04533333333333334
207 0.46875 0.5373333333333333 0.0395 0.04666666666666667
207 0.469125 0.5821666666666667 0.03775 0.04566666666666667
290 0.51225 0.5778333333333333 0.035 0.053
233 0.54325 0.5766666666666667 0.03 0.04933333333333333
250 0.58725 0.5703333333333334 0.0215 0.052
250 0.609625 0.57 0.03225 0.050666666666666665
250 0.62925 0.5688333333333333 0.0335 0.049
233 0.662625 0.5675 0.03625 0.04633333333333333
233 0.695875 0.5668333333333333 0.03275 0.045
143 0.310625 0.451 0.07425 0.04666666666666667
143 0.311 0.478 0.078 0.020666666666666667
21 0.35825 0.45816666666666667 0.0325 0.060333333333333336
21 0.390125 0.4553333333333333 0.03325 0.06666666666666667
21 0.42025 0.45766666666666667 0.0325 0.06133333333333333
39 0.456625 0.45466666666666666 0.03275 0.068
39 0.48625 0.456 0.0365 0.06466666666666666
39 0.516 0.455 0.0305 0.06733333333333333
38 0.56225 0.448 0.0285 0.07066666666666667
38 0.607125 0.4558333333333333 0.02975 0.06433333333333334
3 0.651125 0.4555 0.05725 0.065
3 0.69375 0.4525 0.057 0.06633333333333333
280 0.384875 0.16633333333333333 0.03325 0.07266666666666667
280 0.415875 0.16433333333333333 0.03325 0.07666666666666666
307 0.449375 0.16633333333333333 0.03175 0.07333333333333333
307 0.480125 0.1695 0.03175 0.06566666666666666
188 0.565375 0.16916666666666666 0.03125 0.06433333333333334
188 0.59525 0.17016666666666666 0.032 0.06366666666666666
239 0.6275 0.1635 0.033 0.07833333333333334
239 0.658 0.1625 0.0345 0.08033333333333334
239 0.673125 0.1715 0.00675 0.06166666666666667
11 0.737375 0.13733333333333334 0.05575 0.13266666666666665
274 0.78875 0.16566666666666666 0.057 0.07466666666666667
86 0.478625 0.6643333333333333 0.04425 0.042
86 0.52625 0.6661666666666667 0.045 0.04566666666666667
271 0.614 0.6596666666666666 0.041 0.04733333333333333
271 0.653125 0.659 0.04175 0.04733333333333333
271 0.6905 0.6573333333333333 0.043 0.046
157 0.439125 0.2688333333333333 0.04675 0.067
150 0.39275 0.2703333333333333 0.0485 0.068
150 0.3525 0.26866666666666666 0.043 0.058
217 0.297875 0.2683333333333333 0.05375 0.056666666666666664
204 0.24575 0.2645 0.059 0.06233333333333333
204 0.19525 0.2663333333333333 0.0545 0.06533333333333333
73 0.20725 0.169 0.0565 0.058
73 0.206 0.09633333333333334 0.054 0.08333333333333333
265 0.274875 0.11516666666666667 0.05225 0.067
265 0.263 0.1775 0.049 0.067
284 0.31275 0.16966666666666666 0.049 0.06466666666666666
33 0.672 0.7571666666666667 0.046 0.07433333333333333
208 0.721375 0.7795 0.03925 0.051666666666666666
96 0.856625 0.7036666666666667 0.02875 0.042666666666666665
96 0.88275 0.7606666666666667 0.0405 0.043333333333333335
