30 0.048109965635738834 0.05442477876106195 0.09621993127147767 0.08141592920353982
30 0.12079037800687285 0.060398230088495576 0.07938144329896907 0.09336283185840707
30 0.23505154639175257 0.07123893805309735 0.10996563573883161 0.11504424778761062
29 0.33831615120274916 0.07986725663716814 0.10756013745704468 0.1314159292035398
29 0.41494845360824745 0.08561946902654867 0.09450171821305842 0.14292035398230088
29 0.49536082474226806 0.09446902654867256 0.09175257731958762 0.16150442477876106
29 0.5639175257731959 0.10420353982300885 0.09278350515463918 0.15442477876106195
130 0.6417525773195877 0.1168141592920354 0.08969072164948454 0.17168141592920355
130 0.702233676975945 0.1256637168141593 0.09450171821305842 0.15663716814159293
75 0.7639175257731958 0.15486725663716813 0.06941580756013746 0.12831858407079647
75 0.8190721649484536 0.16349557522123895 0.06701030927835051 0.11991150442477876
75 0.8646048109965636 0.17035398230088494 0.06597938144329897 0.11327433628318584
194 0.9156357388316151 0.17920353982300885 0.06357388316151202 0.11061946902654868
194 0.9640893470790378 0.18783185840707964 0.0718213058419244 0.11371681415929204
50 0.7154639175257732 0.3163716814159292 0.09553264604810996 0.12035398230088495
330 0.6470790378006873 0.3095132743362832 0.08109965635738832 0.12079646017699115
223 0.5761168384879725 0.29867256637168144 0.09175257731958762 0.13008849557522123
53 0.49536082474226806 0.2900442477876106 0.08762886597938144 0.13938053097345132
53 0.4216494845360825 0.2794247787610619 0.09140893470790377 0.14469026548672567
53 0.3436426116838488 0.2736725663716814 0.09553264604810996 0.14469026548672567
34 0.2565292096219931 0.24336283185840707 0.0993127147766323 0.18495575221238938
34 0.15979381443298968 0.23561946902654868 0.10652920962199312 0.18716814159292036
34 0.06580756013745705 0.22278761061946903 0.11993127147766323 0.19778761061946903
191 0.05618556701030928 0.45641592920353985 0.11237113402061856 0.16150442477876106
191 0.15309278350515465 0.46039823008849556 0.10274914089347079 0.1517699115044248
191 0.24054982817869416 0.4632743362831858 0.09553264604810996 0.15221238938053097
289 0.3384879725085911 0.4630530973451327 0.09553264604810996 0.14823008849557523
289 0.4189003436426117 0.46924778761061947 0.08728522336769759 0.14469026548672567
355 0.4874570446735395 0.48097345132743363 0.07525773195876288 0.12389380530973451
164 0.5438144329896907 0.47876106194690266 0.07938144329896907 0.13628318584070798
164 0.6029209621993127 0.4798672566371681 0.07525773195876288 0.1331858407079646
108 0.6470790378006873 0.488716814159292 0.05567010309278351 0.11548672566371682
108 0.6902061855670103 0.4904867256637168 0.05257731958762887 0.11371681415929204
181 0.665807560137457 0.6628318584070797 0.07938144329896907 0.13893805309734514
181 0.6042955326460481 0.6646017699115044 0.07938144329896907 0.13893805309734514
181 0.5396907216494845 0.6637168141592921 0.08487972508591066 0.1504424778761062
97 0.4713058419243986 0.6674778761061947 0.08487972508591066 0.14823008849557523
97 0.40154639175257734 0.6723451327433628 0.08762886597938144 0.14823008849557523
97 0.3288659793814433 0.6745575221238939 0.09553264604810996 0.16327433628318583
342 0.2470790378006873 0.6803097345132744 0.09415807560137457 0.16327433628318583
342 0.16529209621993127 0.6763274336283186 0.09553264604810996 0.16946902654867257
342 0.07268041237113403 0.6869469026548672 0.10618556701030928 0.16858407079646018
218 0.04243986254295533 0.8884955752212389 0.08487972508591066 0.20176991150442478
218 0.14106529209621993 0.8816371681415929 0.10343642611683848 0.21460176991150443
218 0.22697594501718213 0.8603982300884956 0.09725085910652921 0.18716814159292036
23 0.31030927835051547 0.8767699115044247 0.09553264604810996 0.16858407079646018
23 0.37869415807560136 0.8641592920353982 0.0859106529209622 0.15221238938053097
205 0.45378006872852233 0.8457964601769912 0.09725085910652921 0.19778761061946903
205 0.518213058419244 0.8234513274336284 0.07422680412371134 0.1654867256637168
205 0.5826460481099657 0.834070796460177 0.0986254295532646 0.18849557522123894
35 0.6498281786941581 0.8457964601769912 0.07903780068728522 0.14646017699115044
35 0.6981099656357388 0.8389380530973451 0.07388316151202749 0.15663716814159293
7 0.7946735395189003 0.840929203539823 0.08350515463917525 0.09867256637168141
85 0.8525773195876288 0.845575221238938 0.08041237113402062 0.08230088495575222
78 0.9305841924398626 0.34269911504424777 0.058419243986254296 0.09778761061946903
78 0.963573883161512 0.34668141592920354 0.03573883161512027 0.09336283185840707
117 0.8843642611683848 0.33584070796460175 0.042268041237113405 0.11415929203539824
117 0.8496563573883161 0.3238938053097345 0.047079037800687284 0.10088495575221239
305 0.809106529209622 0.32632743362831856 0.04776632302405498 0.09070796460176991
47 0.7670103092783506 0.32831858407079645 0.049484536082474224 0.11769911504424779
315 0.9530927835051546 0.45862831858407077 0.04982817869415808 0.07300884955752213
315 0.9201030927835051 0.45464601769911506 0.043642611683848795 0.07831858407079646
315 0.8857388316151202 0.45331858407079645 0.047079037800687284 0.07920353982300884
61 0.8513745704467354 0.4524336283185841 0.05120274914089347 0.07743362831858407
61 0.8152920962199313 0.4508849557522124 0.04914089347079038 0.07876106194690266
260 0.7790378006872852 0.44778761061946903 0.05567010309278351 0.08053097345132744
260 0.7422680412371134 0.4469026548672566 0.05085910652920962 0.07964601769911504
201 0.7360824742268042 0.5511061946902654 0.04673539518900344 0.08539823008849558
201 0.7668384879725086 0.5537610619469027 0.03814432989690722 0.07654867256637168
261 0.8005154639175258 0.5555309734513274 0.04639175257731959 0.0747787610619469
261 0.8335051546391753 0.5555309734513274 0.04501718213058419 0.07389380530973451
214 0.9194158075601374 0.6705752212389381 0.04501718213058419 0.08008849557522124
214 0.8807560137457044 0.6714601769911505 0.05154639175257732 0.08185840707964602
268 0.7087628865979382 0.6668141592920354 0.029209621993127148 0.04601769911504425
186 0.7073883161512028 0.7006637168141593 0.026460481099656357 0.033185840707964605
186 0.7309278350515463 0.6995575221238938 0.032989690721649485 0.033628318584070796
268 0.7350515463917526 0.6668141592920354 0.03230240549828179 0.04601769911504425
268 0.756872852233677 0.6641592920353983 0.03264604810996564 0.04247787610619469
186 0.7570446735395189 0.6971238938053097 0.03161512027491409 0.03672566371681416
