338 0.05361519607843137 0.9187091503267973 0.10723039215686274 0.09803921568627451
246 0.04595588235294118 0.7371323529411765 0.09191176470588236 0.05106209150326797
296 0.11412377450980392 0.6668709150326797 0.0548406862745098 0.05841503267973856
296 0.16789215686274508 0.664828431372549 0.06556372549019608 0.06413398692810457
86 0.25674019607843135 0.7906454248366013 0.06556372549019608 0.06004901960784314
86 0.31433823529411764 0.7947303921568627 0.06556372549019608 0.05106209150326797
86 0.43734681372549017 0.792687908496732 0.06158088235294118 0.054330065359477125
86 0.38066789215686275 0.7928921568627451 0.06341911764705882 0.05065359477124183
109 0.49111519607843135 0.7849264705882353 0.0508578431372549 0.061683006535947715
109 0.5409007352941176 0.7849264705882353 0.046875 0.061683006535947715
109 0.5896139705882353 0.7849264705882353 0.046875 0.0625
208 0.6453737745098039 0.786968954248366 0.053002450980392156 0.06413398692810457
208 0.6502757352941176 0.7291666666666666 0.05361519607843137 0.05310457516339869
96 0.6980698529411765 0.7371323529411765 0.057904411764705885 0.06004901960784314
96 0.7509191176470589 0.7420343137254902 0.05759803921568627 0.05269607843137255
96 0.750765931372549 0.792687908496732 0.06464460784313726 0.054330065359477125
8 0.8181678921568627 0.7867647058823529 0.07199754901960784 0.06209150326797386
8 0.8875612745098039 0.7888071895424836 0.08394607843137254 0.06454248366013073
33 0.9257046568627451 0.9313725490196079 0.0897671568627451 0.1119281045751634
33 0.8484987745098039 0.9215686274509803 0.09160539215686274 0.12336601307189543
33 0.7732843137254902 0.920751633986928 0.07720588235294118 0.12173202614379085
33 0.7000612745098039 0.9166666666666666 0.07720588235294118 0.12009803921568628
235 0.6306678921568627 0.9158496732026143 0.06832107843137254 0.12908496732026145
235 0.5681678921568627 0.9158496732026143 0.06832107843137254 0.12581699346405228
243 0.48223039215686275 0.8845996732026143 0.09129901960784313 0.08047385620915033
243 0.48223039215686275 0.9468954248366013 0.10049019607843138 0.06209150326797386
243 0.38082107843137253 0.914828431372549 0.10477941176470588 0.12377450980392157
86 0.27527573529411764 0.8709150326797386 0.12591911764705882 0.06209150326797386
86 0.26547181372549017 0.9352532679738562 0.12898284313725492 0.0763888888888889
86 0.1639093137254902 0.9364787581699346 0.11213235294117647 0.0755718954248366
296 0.07306985294117647 0.6656454248366013 0.05361519607843137 0.06004901960784314
132 0.24004289215686275 0.664828431372549 0.06954656862745098 0.061683006535947715
239 0.20419730392156862 0.18852124183006536 0.03952205882352941 0.09354575163398693
239 0.16973039215686275 0.1889297385620915 0.04718137254901961 0.0951797385620915
239 0.13618259803921567 0.18974673202614378 0.045649509803921566 0.09681372549019608
188 0.2818627450980392 0.19056372549019607 0.034926470588235295 0.0755718954248366
188 0.31433823529411764 0.18933823529411764 0.037377450980392156 0.07312091503267974
188 0.3478860294117647 0.18586601307189543 0.0389093137254902 0.07598039215686274
188 0.38005514705882354 0.1840277777777778 0.03155637254901961 0.0755718954248366
307 0.42340686274509803 0.18137254901960784 0.03860294117647059 0.07598039215686274
307 0.45925245098039214 0.17892156862745098 0.03799019607843137 0.07761437908496732
307 0.4947916666666667 0.17544934640522875 0.03676470588235294 0.07802287581699346
307 0.5306372549019608 0.17422385620915032 0.03676470588235294 0.07802287581699346
280 0.5684742647058824 0.167687908496732 0.03462009803921569 0.08129084967320262
280 0.6030943627450981 0.16523692810457516 0.035845588235294115 0.08619281045751634
280 0.6389399509803921 0.1627859477124183 0.03707107843137255 0.08374183006535947
280 0.6755514705882353 0.15931372549019607 0.03799019607843137 0.08333333333333333
280 0.7121629901960784 0.15604575163398693 0.04013480392156863 0.08415032679738563
343 0.8451286764705882 0.1548202614379085 0.045649509803921566 0.061274509803921566
343 0.8023897058823529 0.159109477124183 0.04779411764705882 0.06413398692810457
233 0.7720588235294118 0.30800653594771243 0.042279411764705885 0.05473856209150327
233 0.8258272058823529 0.30637254901960786 0.06954656862745098 0.05800653594771242
233 0.8794424019607843 0.3043300653594771 0.046875 0.05800653594771242
233 0.9312193627450981 0.2986111111111111 0.0664828431372549 0.06535947712418301
233 0.9770220588235294 0.29697712418300654 0.042279411764705885 0.06290849673202614
3 0.571078431372549 0.30861928104575165 0.06495098039215687 0.07965686274509803
3 0.6366421568627451 0.30392156862745096 0.07230392156862746 0.08905228758169935
3 0.7074142156862745 0.30106209150326796 0.07475490196078431 0.08660130718954248
143 0.3883272058823529 0.28921568627450983 0.09037990196078431 0.058823529411764705
143 0.47702205882352944 0.28513071895424835 0.08884803921568628 0.05392156862745098
143 0.3946078431372549 0.3368055555555556 0.08823529411764706 0.04861111111111111
143 0.4803921568627451 0.3312908496732026 0.08884803921568628 0.049019607843137254
39 0.19745710784313725 0.3261846405228758 0.04197303921568627 0.08946078431372549
39 0.22947303921568626 0.3243464052287582 0.037377450980392156 0.08741830065359477
39 0.2610294117647059 0.32169117647058826 0.04350490196078431 0.09191176470588236
39 0.29641544117647056 0.32046568627450983 0.03952205882352941 0.08700980392156862
39 0.33026960784313725 0.31842320261437906 0.037377450980392156 0.09027777777777778
21 0.028799019607843136 0.33169934640522875 0.05759803921568627 0.09477124183006536
21 0.09528186274509803 0.33026960784313725 0.03308823529411765 0.09109477124183006
21 0.12239583333333333 0.32741013071895425 0.04871323529411765 0.09354575163398693
21 0.16069240196078433 0.3263888888888889 0.047487745098039214 0.0923202614379085
66 0.24310661764705882 0.4409722222222222 0.06770833333333333 0.04616013071895425
66 0.1801470588235294 0.44281045751633985 0.06801470588235294 0.04656862745098039
66 0.11994485294117647 0.44505718954248363 0.06403186274509803 0.04616013071895425
244 0.31786151960784315 0.42994281045751637 0.057291666666666664 0.060866013071895424
244 0.3705575980392157 0.42749183006535946 0.05422794117647059 0.061683006535947715
244 0.4221813725490196 0.43361928104575165 0.05821078431372549 0.0428921568627451
52 0.7127757352941176 0.4125816993464052 0.06403186274509803 0.06454248366013073
52 0.6525735294117647 0.4152369281045752 0.05821078431372549 0.06331699346405228
52 0.5949754901960784 0.4180964052287582 0.05821078431372549 0.06413398692810457
52 0.5372242647058824 0.4201388888888889 0.0585171568627451 0.06331699346405228
52 0.47962622549019607 0.42197712418300654 0.057291666666666664 0.061274509803921566
250 0.7654718137254902 0.4133986928104575 0.0352328431372549 0.05555555555555555
250 0.8074448529411765 0.41013071895424835 0.048100490196078434 0.05800653594771242
250 0.8466605392156863 0.40788398692810457 0.03707107843137255 0.05923202614379085
250 0.9103860294117647 0.40604575163398693 0.04993872549019608 0.058823529411764705
250 0.9597120098039216 0.4035947712418301 0.043198529411764705 0.059640522875817
158 0.9266237745098039 0.5183823529411765 0.05912990196078431 0.058823529411764705
158 0.8815870098039216 0.5187908496732027 0.04258578431372549 0.06045751633986928
158 0.8417585784313726 0.5208333333333334 0.05177696078431373 0.056372549019607844
158 0.7951899509803921 0.5220588235294118 0.046262254901960786 0.05718954248366013
158 0.7550551470588235 0.522671568627451 0.04503676470588235 0.05841503267973856
82 0.5729166666666666 0.528390522875817 0.03799019607843137 0.05759803921568627
82 0.6106004901960784 0.5273692810457516 0.03676470588235294 0.05718954248366013
82 0.6490502450980392 0.5273692810457516 0.04136029411764706 0.056372549019607844
152 0.33547794117647056 0.5349264705882353 0.05698529411764706 0.06004901960784314
152 0.3860294117647059 0.5320669934640523 0.04840686274509804 0.056781045751633986
152 0.43443627450980393 0.5314542483660131 0.0545343137254902 0.05555555555555555
152 0.4886642156862745 0.5308415032679739 0.05330882352941176 0.054330065359477125
92 0.016237745098039217 0.5524918300653595 0.032475490196078434 0.04534313725490196
345 0.04963235294117647 0.5412581699346405 0.03982843137254902 0.04003267973856209
92 0.07766544117647059 0.5408496732026143 0.03216911764705882 0.0392156862745098
345 0.1090686274509804 0.5416666666666666 0.03799019607843137 0.04084967320261438
345 0.14322916666666666 0.5414624183006536 0.03952205882352941 0.04044117647058824
212 0.1790747549019608 0.5461601307189542 0.03707107843137255 0.049836601307189546
212 0.21292892156862744 0.545547385620915 0.04350490196078431 0.04861111111111111
212 0.24739583333333334 0.5453431372549019 0.03462009803921569 0.04820261437908497
212 0.27558210784313725 0.5451388888888888 0.043198529411764705 0.04779411764705882
132 0.3727022058823529 0.6552287581699346 0.057904411764705885 0.051470588235294115
271 0.42815563725490197 0.6587009803921569 0.045649509803921566 0.05841503267973856
271 0.47809436274509803 0.6603349673202614 0.05238970588235294 0.05269607843137255
154 0.47671568627450983 0.6321486928104575 0.049019607843137254 0.0053104575163398695
132 0.3137254901960784 0.6550245098039216 0.06495098039215687 0.05106209150326797
271 0.5297181372549019 0.6595179738562091 0.05269607843137255 0.05514705882352941
236 0.6309742647058824 0.6045751633986928 0.04503676470588235 0.032679738562091505
236 0.5850183823529411 0.610702614379085 0.05177696078431373 0.0457516339869281
236 0.6337316176470589 0.6503267973856209 0.04932598039215686 0.06290849673202614
236 0.5833333333333334 0.6617647058823529 0.04840686274509804 0.05718954248366013
86 0.3166360294117647 0.7383578431372549 0.057904411764705885 0.05923202614379085
86 0.3737745098039216 0.7383578431372549 0.06372549019607843 0.05759803921568627
86 0.43504901960784315 0.7363153594771242 0.061887254901960786 0.0625
246 0.2028186274509804 0.7984068627450981 0.061887254901960786 0.046977124183006536
246 0.14629289215686275 0.7986111111111112 0.05974264705882353 0.04738562091503268
246 0.09068627450980392 0.7986111111111112 0.06372549019607843 0.04738562091503268
246 0.034926470588235295 0.7986111111111112 0.061274509803921566 0.04738562091503268
335 0.23146446078431374 0.798202614379085 0.005208333333333333 0.04656862745098039
355 0.6914828431372549 0.6537990196078431 0.05575980392156863 0.0625
355 0.7428002450980392 0.653390522875817 0.06096813725490196 0.061683006535947715
207 0.8077512254901961 0.6507352941176471 0.05606617647058824 0.06699346405228758
207 0.8700980392156863 0.6527777777777778 0.07720588235294118 0.07026143790849673
207 0.9362745098039216 0.6582924836601307 0.06740196078431372 0.06576797385620915
96 0.7009803921568627 0.7935049019607843 0.05575980392156863 0.05269607843137255
