143 0.1453373015873016 0.20287698412698413 0.0496031746031746 0.0333994708994709
143 0.19419642857142858 0.20205026455026456 0.054563492063492064 0.03439153439153439
333 0.24305555555555555 0.18832671957671956 0.04563492063492063 0.059854497354497355
52 0.3054315476190476 0.19031084656084657 0.0716765873015873 0.04332010582010582
52 0.30952380952380953 0.14434523809523808 0.11061507936507936 0.0333994708994709
52 0.3552827380952381 0.14252645502645503 0.06225198412698413 0.03042328042328042
21 0.3602430555555556 0.1765873015873016 0.034970238095238096 0.06018518518518518
21 0.38268849206349204 0.1746031746031746 0.03670634920634921 0.062169312169312166
21 0.41790674603174605 0.17559523809523808 0.03422619047619048 0.062169312169312166
21 0.43737599206349204 0.17857142857142858 0.03149801587301587 0.06018518518518518
280 0.5057043650793651 0.16980820105820105 0.025297619047619048 0.04265873015873016
280 0.5369543650793651 0.16881613756613756 0.03422619047619048 0.04265873015873016
280 0.568328373015873 0.16964285714285715 0.029513888888888888 0.041666666666666664
188 0.6034226190476191 0.16980820105820105 0.032242063492063495 0.045304232804232805
188 0.6307043650793651 0.17080026455026456 0.03422619047619048 0.05125661375661376
239 0.6688988095238095 0.15608465608465608 0.028273809523809524 0.06613756613756613
239 0.6970486111111112 0.16385582010582012 0.03050595238095238 0.07771164021164022
239 0.7274305555555556 0.15608465608465608 0.03720238095238095 0.09193121693121693
307 0.7635168650793651 0.16881613756613756 0.03298611111111111 0.05324074074074074
307 0.7927827380952381 0.16881613756613756 0.05084325396825397 0.06316137566137567
307 0.8017113095238095 0.10830026455026455 0.057787698412698416 0.06117724867724868
307 0.761656746031746 0.1023478835978836 0.025297619047619048 0.05324074074074074
307 0.8348214285714286 0.08581349206349206 0.03571428571428571 0.020833333333333332
11 0.8524305555555556 0.14732142857142858 0.0625 0.10813492063492064
239 0.6863839285714286 0.08283730158730158 0.033482142857142856 0.0796957671957672
188 0.6345486111111112 0.09738756613756613 0.045882936507936505 0.045304232804232805
280 0.566344246031746 0.11507936507936507 0.03050595238095238 0.07208994708994709
265 0.6863839285714286 0.3191137566137566 0.045882936507936505 0.05886243386243386
157 0.7332589285714286 0.3201058201058201 0.045882936507936505 0.062169312169312166
264 0.636656746031746 0.3201058201058201 0.0496031746031746 0.056878306878306875
264 0.5984623015873016 0.3201058201058201 0.039186507936507936 0.05555555555555555
204 0.5615079365079365 0.3191137566137566 0.039186507936507936 0.05423280423280423
231 0.5204613095238095 0.3192791005291005 0.04290674603174603 0.05654761904761905
284 0.48722718253968256 0.31729497354497355 0.024553571428571428 0.04794973544973545
73 0.3836805555555556 0.31729497354497355 0.03720238095238095 0.04794973544973545
217 0.31237599206349204 0.31415343915343913 0.03447420634920635 0.04365079365079365
217 0.30939980158730157 0.2673611111111111 0.045882936507936505 0.05654761904761905
73 0.4089781746031746 0.2585978835978836 0.03422619047619048 0.041666666666666664
284 0.5243055555555556 0.25380291005291006 0.04563492063492063 0.03935185185185185
204 0.44320436507936506 0.31828703703703703 0.03373015873015873 0.05324074074074074
73 0.3933531746031746 0.31828703703703703 0.05357142857142857 0.04794973544973545
12 0.3185763888888889 0.38227513227513227 0.035962301587301584 0.04894179894179894
207 0.2509920634920635 0.38227513227513227 0.023809523809523808 0.04365079365079365
12 0.21031746031746032 0.3705357142857143 0.05109126984126984 0.0248015873015873
12 0.15984623015873015 0.36921296296296297 0.05233134920634921 0.026124338624338623
12 0.15166170634920634 0.39021164021164023 0.031994047619047616 0.023148148148148147
12 0.1943204365079365 0.39451058201058203 0.05133928571428571 0.027116402116402115
12 0.1762152777777778 0.42410714285714285 0.04141865079365079 0.04794973544973545
12 0.1457093253968254 0.4227843915343915 0.03943452380952381 0.04861111111111111
207 0.23462301587301587 0.4260912698412698 0.040674603174603176 0.04861111111111111
207 0.2594246031746032 0.42923280423280424 0.031746031746031744 0.047619047619047616
0 0.3098958333333333 0.43171296296296297 0.05381944444444445 0.04662698412698413
345 0.4224950396825397 0.38773148148148145 0.040426587301587304 0.040674603174603176
345 0.416046626984127 0.4386574074074074 0.029017857142857144 0.035383597883597885
345 0.39446924603174605 0.4366732804232804 0.021081349206349208 0.035383597883597885
345 0.4443204365079365 0.43882275132275134 0.026041666666666668 0.04034391534391534
345 0.47098214285714285 0.4409722222222222 0.028769841269841268 0.0419973544973545
92 0.5073164682539683 0.4398148148148148 0.028025793650793652 0.04894179894179894
92 0.5334821428571429 0.44494047619047616 0.02628968253968254 0.0419973544973545
92 0.560515873015873 0.44659391534391535 0.03125 0.040674603174603176
92 0.5892857142857143 0.44659391534391535 0.027281746031746032 0.04332010582010582
38 0.5327380952380952 0.5472883597883598 0.02976190476190476 0.07804232804232804
38 0.5534474206349206 0.5436507936507936 0.029513888888888888 0.0787037037037037
38 0.574156746031746 0.5391865079365079 0.022321428571428572 0.07506613756613757
38 0.5951140873015873 0.5517526455026455 0.029513888888888888 0.08234126984126984
38 0.6252480158730159 0.5548941798941799 0.028273809523809524 0.08465608465608465
296 0.6747271825396826 0.5618386243386243 0.045882936507936505 0.056216931216931214
296 0.7136656746031746 0.5790343915343915 0.04290674603174603 0.0496031746031746
329 0.6989087301587301 0.6696428571428571 0.054563492063492064 0.08597883597883597
329 0.7514880952380952 0.6709656084656085 0.054563492063492064 0.09391534391534391
109 0.8117559523809523 0.7045304232804233 0.06547619047619048 0.0882936507936508
86 0.6498015873015873 0.6286375661375662 0.04861111111111111 0.041005291005291
86 0.6471974206349206 0.6666666666666666 0.05084325396825397 0.05555555555555555
86 0.5458829365079365 0.6178902116402116 0.044642857142857144 0.0419973544973545
86 0.5465029761904762 0.6631944444444444 0.04141865079365079 0.05787037037037037
86 0.5794890873015873 0.6721230158730159 0.03695436507936508 0.049933862433862435
86 0.5905257936507936 0.6274801587301587 0.04712301587301587 0.054563492063492064
152 0.4600694444444444 0.6086309523809523 0.03373015873015873 0.03935185185185185
152 0.49404761904761907 0.6144179894179894 0.036210317460317464 0.04828042328042328
152 0.48412698412698413 0.6708002645502645 0.03571428571428571 0.03406084656084656
152 0.45027281746031744 0.667989417989418 0.03050595238095238 0.032407407407407406
3 0.44308035714285715 0.5236441798941799 0.051835317460317464 0.02546296296296296
3 0.4439484126984127 0.5424933862433863 0.050595238095238096 0.02546296296296296
3 0.4427083333333333 0.5625 0.04861111111111111 0.02447089947089947
3 0.4884672619047619 0.5441468253968254 0.048859126984126984 0.03736772486772487
3 0.48821924603174605 0.5679563492063492 0.044890873015873016 0.02546296296296296
233 0.17993551587301587 0.48478835978835977 0.019097222222222224 0.042328042328042326
233 0.20262896825396826 0.484457671957672 0.030753968253968252 0.041666666666666664
233 0.22209821428571427 0.48412698412698413 0.01314484126984127 0.041005291005291
233 0.20374503968253968 0.5254629629629629 0.030009920634920636 0.042328042328042326
233 0.18266369047619047 0.5234788359788359 0.014136904761904762 0.03835978835978836
250 0.2292906746031746 0.5269510582010583 0.024057539682539684 0.04265873015873016
250 0.25471230158730157 0.5286044973544973 0.027281746031746032 0.045304232804232805
250 0.2468998015873016 0.4851190476190476 0.02703373015873016 0.041666666666666664
250 0.2741815476190476 0.484292328042328 0.02554563492063492 0.03935185185185185
243 0.3074156746031746 0.5357142857142857 0.07911706349206349 0.04894179894179894
243 0.3318452380952381 0.4915674603174603 0.07341269841269842 0.04398148148148148
109 0.38268849206349204 0.5391865079365079 0.07341269841269842 0.05257936507936508
109 0.40476190476190477 0.5358796296296297 0.030753968253968252 0.04861111111111111
271 0.35553075396825395 0.5882936507936508 0.02554563492063492 0.02976190476190476
271 0.32254464285714285 0.5896164021164021 0.04241071428571429 0.03835978835978836
271 0.310515873015873 0.6301256613756614 0.03968253968253968 0.04927248677248677
92 0.33023313492063494 0.6319444444444444 0.003720238095238095 0.041005291005291
349 0.4086061507936508 0.6506283068783069 0.031994047619047616 0.045965608465608467
349 0.41009424603174605 0.6068121693121693 0.029017857142857144 0.051587301587301584
349 0.3862847222222222 0.5958994708994709 0.03050595238095238 0.04034391534391534
349 0.38256448412698413 0.6374007936507936 0.028521825396825396 0.04927248677248677
96 0.16344246031746032 0.6185515873015873 0.042162698412698416 0.04332010582010582
96 0.20027281746031747 0.6185515873015873 0.023065476190476192 0.045965608465608467
271 0.2404513888888889 0.6223544973544973 0.03695436507936508 0.047619047619047616
235 0.3160962301587302 0.7301587301587301 0.046875 0.08068783068783068
235 0.26686507936507936 0.7341269841269841 0.05257936507936508 0.07804232804232804
33 0.2109375 0.7261904761904762 0.05431547619047619 0.08465608465608465
33 0.17708333333333334 0.7123015873015873 0.05009920634920635 0.07671957671957672
208 0.3976934523809524 0.7809193121693122 0.029017857142857144 0.0539021164021164
208 0.3648313492063492 0.7739748677248677 0.033234126984126984 0.05191798941798942
132 0.43439980158730157 0.7966269841269841 0.04985119047619048 0.05291005291005291
132 0.43762400793650796 0.7493386243386243 0.051835317460317464 0.05555555555555555
132 0.49094742063492064 0.7918320105820106 0.046875 0.05919312169312169
204 0.34858630952380953 0.31531084656084657 0.037450396825396824 0.04794973544973545
