42 0.01075 0.3621666666666667 0.0215 0.041666666666666664
42 0.05075 0.3601666666666667 0.0565 0.041666666666666664
109 0.104375 0.3591666666666667 0.04775 0.041
42 0.146375 0.3581666666666667 0.03425 0.041
246 0.175625 0.3581666666666667 0.03425 0.03766666666666667
343 0.204 0.3601666666666667 0.0335 0.03766666666666667
343 0.23125 0.3591666666666667 0.0325 0.035666666666666666
343 0.2625 0.3591666666666667 0.0325 0.035666666666666666
333 0.290875 0.3601666666666667 0.03625 0.035666666666666666
333 0.331 0.36033333333333334 0.0375 0.03333333333333333
333 0.393375 0.3436666666666667 0.07775 0.06133333333333333
294 0.478375 0.3485 0.08325 0.05633333333333333
5 0.56825 0.35633333333333334 0.083 0.042666666666666665
231 0.87 0.415 0.046 0.04933333333333333
231 0.829875 0.41683333333333333 0.03975 0.04833333333333333
264 0.792875 0.41683333333333333 0.03975 0.04833333333333333
264 0.75575 0.41683333333333333 0.0395 0.04833333333333333
264 0.71675 0.41683333333333333 0.0395 0.04833333333333333
73 0.67475 0.41783333333333333 0.0365 0.045
73 0.639625 0.41683333333333333 0.03425 0.045
204 0.602375 0.41783333333333333 0.03625 0.04833333333333333
204 0.556625 0.41983333333333334 0.03975 0.04833333333333333
204 0.5185 0.4226666666666667 0.0395 0.048
92 0.489125 0.4275 0.02875 0.041
92 0.458 0.4256666666666667 0.0295 0.042666666666666665
92 0.41875 0.4226666666666667 0.0365 0.048
92 0.383625 0.4226666666666667 0.03025 0.048
345 0.346625 0.4256666666666667 0.03825 0.04066666666666666
345 0.297625 0.42766666666666664 0.03175 0.04066666666666666
345 0.262625 0.4275 0.03425 0.041
212 0.237125 0.4255 0.02975 0.03766666666666667
212 0.202 0.4256666666666667 0.039 0.03933333333333333
212 0.161125 0.42766666666666664 0.03425 0.037333333333333336
212 0.130625 0.4285 0.03425 0.041666666666666664
212 0.097625 0.4295 0.03425 0.041666666666666664
236 0.06625 0.4315 0.046 0.041666666666666664
236 0.028125 0.4335 0.03425 0.041
236 0.01175 0.4325 0.0235 0.04033333333333333
42 0.00875 0.3621666666666667 0.017 0.041
246 0.104375 0.3591666666666667 0.04575 0.03766666666666667
271 0.141375 0.3581666666666667 0.03425 0.03766666666666667
271 0.17275 0.3581666666666667 0.0295 0.03766666666666667
188 0.15175 0.21416666666666667 0.038 0.06633333333333333
188 0.18025 0.215 0.0345 0.06733333333333333
307 0.208125 0.212 0.03825 0.07133333333333333
307 0.2435 0.21183333333333335 0.03 0.06766666666666667
307 0.270375 0.21216666666666667 0.03175 0.06766666666666667
307 0.298125 0.2105 0.03175 0.069
307 0.325875 0.21133333333333335 0.03275 0.07133333333333333
188 0.367625 0.20783333333333334 0.03175 0.06966666666666667
188 0.394875 0.20633333333333334 0.03025 0.07
188 0.42075 0.20483333333333334 0.03 0.07233333333333333
188 0.42175 0.26716666666666666 0.0275 0.05633333333333333
188 0.396 0.2683333333333333 0.0285 0.056
188 0.36875 0.2685 0.0295 0.05566666666666667
307 0.3295 0.27 0.031 0.05466666666666667
307 0.301 0.27016666666666667 0.032 0.05566666666666667
188 0.274375 0.271 0.02975 0.05466666666666667
307 0.248 0.27066666666666667 0.0345 0.056
109 0.2315 0.27516666666666667 0.0105 0.04833333333333333
239 0.120375 0.268 0.04025 0.07
239 0.094125 0.2683333333333333 0.03525 0.07066666666666667
239 0.069125 0.2693333333333333 0.03975 0.06866666666666667
239 0.04125 0.27016666666666667 0.043 0.06966666666666667
239 0.01725 0.272 0.0335 0.06933333333333333
278 0.55475 0.25516666666666665 0.0485 0.075
278 0.599875 0.25466666666666665 0.04825 0.07333333333333333
278 0.646375 0.251 0.04925 0.07933333333333334
5 0.717125 0.2695 0.09175 0.04033333333333333
11 0.794 0.24433333333333335 0.06 0.08933333333333333
11 0.84 0.24366666666666667 0.0445 0.08733333333333333
11 0.8805 0.24316666666666667 0.0495 0.087
3 0.042 0.5166666666666667 0.052 0.048
3 0.08725 0.5153333333333333 0.049 0.04933333333333333
39 0.12525 0.5191666666666667 0.0375 0.07033333333333333
39 0.1515 0.5125 0.0335 0.083
39 0.179625 0.5151666666666667 0.04025 0.07766666666666666
21 0.2045 0.5181666666666667 0.034 0.071
21 0.22925 0.5176666666666667 0.027 0.072
21 0.253125 0.5135 0.02775 0.061
21 0.2745 0.5101666666666667 0.035 0.06766666666666667
21 0.295875 0.5126666666666667 0.01825 0.062
290 0.312375 0.5071666666666667 0.01825 0.06233333333333333
38 0.333875 0.515 0.02975 0.074
38 0.356125 0.5166666666666667 0.03225 0.07
38 0.384125 0.5125 0.02975 0.079
38 0.410125 0.5141666666666667 0.02975 0.07433333333333333
243 0.466625 0.49333333333333335 0.08425 0.04533333333333334
243 0.467125 0.5333333333333333 0.08025 0.03866666666666667
66 0.541375 0.49716666666666665 0.05375 0.047
66 0.540875 0.5343333333333333 0.05375 0.03133333333333333
66 0.594 0.5328333333333334 0.0505 0.03233333333333333
66 0.594 0.49683333333333335 0.0515 0.044333333333333336
284 0.672375 0.5246666666666666 0.03575 0.04733333333333333
217 0.70675 0.5241666666666667 0.0355 0.04766666666666667
217 0.745375 0.5171666666666667 0.04075 0.060333333333333336
284 0.6375 0.5246666666666666 0.0355 0.04733333333333333
157 0.7825 0.522 0.0415 0.051333333333333335
265 0.821875 0.5213333333333333 0.04175 0.05
265 0.85675 0.5208333333333334 0.039 0.049666666666666665
52 0.38025 0.586 0.0425 0.046
52 0.4195 0.5855 0.0415 0.04566666666666667
52 0.38175 0.627 0.0415 0.038
52 0.420625 0.6266666666666667 0.04225 0.038
52 0.460125 0.6271666666666667 0.03925 0.036333333333333336
52 0.45925 0.5858333333333333 0.04 0.043666666666666666
52 0.49875 0.5848333333333333 0.0405 0.043666666666666666
52 0.500125 0.626 0.03975 0.03866666666666667
244 0.544125 0.6215 0.03975 0.035
244 0.5825 0.621 0.0415 0.035333333333333335
296 0.155125 0.6281666666666667 0.04225 0.03966666666666667
296 0.193125 0.6296666666666667 0.04275 0.03666666666666667
296 0.22675 0.6291666666666667 0.0355 0.03766666666666667
296 0.263875 0.6293333333333333 0.04125 0.03666666666666667
109 0.303 0.6263333333333333 0.039 0.03333333333333333
109 0.34 0.6261666666666666 0.039 0.033666666666666664
109 0.34 0.5875 0.043 0.04633333333333333
109 0.30225 0.5881666666666666 0.043 0.04566666666666667
296 0.263375 0.5901666666666666 0.04375 0.043666666666666666
296 0.225125 0.5881666666666666 0.03975 0.04566666666666667
296 0.189625 0.5886666666666667 0.04275 0.04666666666666667
86 0.0205 0.5936666666666667 0.041 0.04066666666666666
86 0.06 0.595 0.058 0.04533333333333334
86 0.1105 0.5931666666666666 0.0655 0.041666666666666664
86 0.024875 0.6308333333333334 0.04975 0.039
86 0.068875 0.6318333333333334 0.05425 0.033
86 0.114875 0.6308333333333334 0.05275 0.034333333333333334
271 0.138875 0.6286666666666667 0.00975 0.03866666666666667
132 0.023875 0.6826666666666666 0.04225 0.042666666666666665
132 0.064375 0.6823333333333333 0.05225 0.044
132 0.1105 0.6811666666666667 0.051 0.042333333333333334
246 0.154875 0.6796666666666666 0.04825 0.04
246 0.199125 0.6805 0.04225 0.041666666666666664
246 0.24925 0.6813333333333333 0.0475 0.043333333333333335
246 0.296625 0.6801666666666667 0.04375 0.04033333333333333
152 0.339875 0.6806666666666666 0.04225 0.042
132 0.02625 0.7196666666666667 0.046 0.035333333333333335
132 0.07175 0.7191666666666666 0.0475 0.033666666666666664
132 0.115625 0.7181666666666666 0.04525 0.033666666666666664
246 0.15875 0.718 0.0475 0.04066666666666666
246 0.205 0.7188333333333333 0.047 0.03766666666666667
246 0.248875 0.717 0.04175 0.03333333333333333
246 0.296625 0.716 0.04275 0.035333333333333335
152 0.340875 0.7163333333333334 0.03575 0.03333333333333333
152 0.378625 0.711 0.04175 0.043333333333333335
208 0.423625 0.6776666666666666 0.03325 0.03933333333333333
208 0.4185 0.7128333333333333 0.041 0.033666666666666664
208 0.459125 0.677 0.03475 0.04
208 0.4605 0.7136666666666667 0.032 0.03666666666666667
235 0.503 0.6973333333333334 0.0465 0.078
235 0.549 0.696 0.048 0.07666666666666666
143 0.607375 0.6801666666666667 0.06225 0.049666666666666665
143 0.607875 0.7153333333333334 0.05725 0.03133333333333333
143 0.6685 0.6808333333333333 0.0595 0.04833333333333333
143 0.6685 0.7173333333333334 0.0615 0.027333333333333334
329 0.723875 0.6925 0.04775 0.07633333333333334
329 0.76825 0.6921666666666667 0.0465 0.07566666666666666
329 0.8155 0.6918333333333333 0.0505 0.07366666666666667
84 0.037625 0.793 0.07025 0.052
84 0.037625 0.833 0.07025 0.034
338 0.114625 0.8323333333333334 0.07175 0.030666666666666665
246 0.114625 0.8011666666666667 0.08975 0.035
338 0.205375 0.7943333333333333 0.09675 0.048
246 0.205625 0.8323333333333334 0.07425 0.029333333333333333
246 0.2915 0.8318333333333333 0.0845 0.029666666666666668
338 0.2915 0.7943333333333333 0.085 0.05
33 0.368375 0.8158333333333333 0.05225 0.06966666666666667
33 0.4155 0.8153333333333334 0.05 0.06866666666666667
33 0.463125 0.8158333333333333 0.04925 0.06966666666666667
8 0.512 0.7998333333333333 0.05 0.03766666666666667
8 0.511875 0.8345 0.04975 0.033666666666666664
8 0.561375 0.8008333333333333 0.05075 0.03966666666666667
8 0.561875 0.8345 0.04975 0.03166666666666667
96 0.60575 0.7918333333333333 0.038 0.04766666666666667
96 0.60575 0.8321666666666667 0.038 0.036333333333333336
96 0.642 0.8306666666666667 0.0375 0.037333333333333336
96 0.641625 0.7915 0.03775 0.047
96 0.678125 0.7918333333333333 0.03925 0.04766666666666667
96 0.678625 0.831 0.04025 0.037333333333333336
62 0.718 0.8081666666666667 0.05 0.08033333333333334
62 0.764375 0.8081666666666667 0.05375 0.08033333333333334
62 0.81525 0.8106666666666666 0.0565 0.08466666666666667
