68 0.24975 0.24666666666666667 0.0345 0.058666666666666666
68 0.279 0.24766666666666667 0.036 0.056666666666666664
307 0.30925 0.247 0.0325 0.056666666666666664
307 0.33875 0.24766666666666667 0.0305 0.05533333333333333
188 0.36975 0.24766666666666667 0.0365 0.05533333333333333
188 0.39625 0.24766666666666667 0.0305 0.05533333333333333
188 0.4235 0.24766666666666667 0.031 0.056666666666666664
239 0.45775 0.24266666666666667 0.0305 0.06666666666666667
239 0.5055 0.24466666666666667 0.024 0.06666666666666667
280 0.53675 0.24966666666666668 0.0305 0.058
280 0.575 0.24966666666666668 0.032 0.062
280 0.5985 0.24966666666666668 0.025 0.06066666666666667
11 0.6345 0.231 0.071 0.09533333333333334
5 0.7645 0.23133333333333334 0.092 0.030666666666666665
355 0.85825 0.25866666666666666 0.0415 0.04933333333333333
355 0.90325 0.25433333333333336 0.0535 0.05266666666666667
243 0.964 0.34933333333333333 0.068 0.052
243 0.96575 0.38666666666666666 0.0665 0.050666666666666665
66 0.89725 0.3863333333333333 0.0605 0.04733333333333333
66 0.89225 0.35133333333333333 0.0695 0.04933333333333333
3 0.77825 0.37766666666666665 0.0605 0.066
3 0.7225 0.37666666666666665 0.053 0.06666666666666667
38 0.68225 0.37 0.0345 0.076
38 0.654 0.37 0.033 0.072
38 0.62375 0.37 0.0325 0.072
38 0.59525 0.37 0.0305 0.072
76 0.56225 0.37 0.0365 0.07066666666666667
228 0.52225 0.372 0.0425 0.07066666666666667
228 0.48425 0.37266666666666665 0.0365 0.06933333333333333
333 0.366 0.368 0.043 0.07066666666666667
333 0.32975 0.36566666666666664 0.0395 0.06866666666666667
82 0.6445 0.506 0.03 0.048
82 0.67375 0.5063333333333333 0.0315 0.04733333333333333
82 0.7025 0.5073333333333333 0.03 0.04666666666666667
12 0.4815 0.4563333333333333 0.042 0.051333333333333335
12 0.523 0.461 0.043 0.058
207 0.56475 0.457 0.0435 0.051333333333333335
207 0.60575 0.45766666666666667 0.0405 0.051333333333333335
207 0.60575 0.5063333333333333 0.0395 0.04733333333333333
207 0.5655 0.5066666666666667 0.043 0.048
12 0.52275 0.509 0.0415 0.04066666666666666
12 0.4825 0.5056666666666667 0.043 0.048666666666666664
355 0.44725 0.498 0.0245 0.04133333333333333
355 0.421 0.49766666666666665 0.028 0.03933333333333333
92 0.38425 0.5046666666666667 0.0295 0.04666666666666667
92 0.35475 0.5053333333333333 0.0275 0.044
345 0.324 0.5013333333333333 0.027 0.029333333333333333
345 0.29325 0.5013333333333333 0.0275 0.029333333333333333
212 0.2595 0.5066666666666667 0.033 0.037333333333333336
212 0.2325 0.506 0.029 0.037333333333333336
311 0.4065 0.354 0.038 0.03866666666666667
311 0.408 0.39 0.038 0.03333333333333333
311 0.4465 0.39066666666666666 0.038 0.03333333333333333
311 0.44475 0.35433333333333333 0.0395 0.03933333333333333
250 0.79975 0.4696666666666667 0.0465 0.05
250 0.76325 0.465 0.0295 0.043333333333333335
250 0.73525 0.4663333333333333 0.0275 0.043333333333333335
250 0.73575 0.5103333333333333 0.0275 0.043333333333333335
250 0.76375 0.509 0.0305 0.046
250 0.79475 0.511 0.0425 0.04066666666666666
233 0.86625 0.4673333333333333 0.0295 0.04533333333333334
233 0.898 0.5093333333333333 0.038 0.04666666666666667
233 0.86325 0.5096666666666667 0.0345 0.046
233 0.851 0.512 0.033 0.04133333333333333
52 0.9595 0.5063333333333333 0.08 0.046
21 0.68175 0.5963333333333334 0.0285 0.07266666666666667
21 0.70875 0.5963333333333334 0.0275 0.07266666666666667
21 0.73375 0.5966666666666667 0.0315 0.07333333333333333
21 0.75975 0.597 0.0295 0.074
21 0.78525 0.5973333333333334 0.0305 0.07466666666666667
39 0.81475 0.597 0.0315 0.074
39 0.842 0.5986666666666667 0.03 0.07066666666666667
39 0.86675 0.5996666666666667 0.0315 0.07
39 0.89225 0.5996666666666667 0.0295 0.07
69 0.837 0.4673333333333333 0.031 0.04933333333333333
152 0.5245 0.6106666666666667 0.037 0.04133333333333333
152 0.56375 0.611 0.0395 0.042
109 0.6095 0.6106666666666667 0.037 0.04133333333333333
109 0.64875 0.611 0.0415 0.042
355 0.4505 0.5883333333333334 0.034 0.03
355 0.4505 0.6173333333333333 0.033 0.024
355 0.48425 0.618 0.0335 0.025333333333333333
355 0.4855 0.587 0.034 0.03
296 0.28825 0.6013333333333334 0.0405 0.042666666666666665
349 0.3315 0.6013333333333334 0.04 0.042666666666666665
349 0.3705 0.6016666666666667 0.04 0.043333333333333335
349 0.41075 0.605 0.0445 0.05
296 0.202 0.562 0.04 0.04533333333333334
296 0.24225 0.564 0.0435 0.04933333333333333
296 0.20075 0.605 0.0415 0.04466666666666667
296 0.24225 0.6056666666666667 0.0435 0.04466666666666667
86 0.33425 0.6746666666666666 0.0525 0.04666666666666667
86 0.33425 0.714 0.0505 0.042666666666666665
86 0.28525 0.7136666666666667 0.0505 0.042
86 0.28275 0.6733333333333333 0.0525 0.044
84 0.4095 0.716 0.092 0.042666666666666665
132 0.4805 0.7143333333333334 0.049 0.03933333333333333
132 0.5285 0.7143333333333334 0.049 0.03933333333333333
132 0.58675 0.7073333333333334 0.0215 0.04
291 0.613 0.7076666666666667 0.026 0.04066666666666666
57 0.666 0.7163333333333334 0.05 0.04733333333333333
246 0.714 0.718 0.052 0.044
246 0.75975 0.718 0.0495 0.048
338 0.8355 0.723 0.098 0.04733333333333333
123 0.90925 0.7143333333333334 0.0415 0.058
131 0.943 0.7143333333333334 0.041 0.062
62 0.884 0.8143333333333334 0.06 0.098
62 0.92375 0.7976666666666666 0.0395 0.08466666666666667
329 0.785 0.8146666666666667 0.048 0.076
329 0.822 0.797 0.045 0.082
33 0.6875 0.8153333333333334 0.051 0.07733333333333334
33 0.735 0.8136666666666666 0.052 0.074
96 0.60175 0.8426666666666667 0.0395 0.04933333333333333
96 0.6405 0.843 0.04 0.05
235 0.508 0.8246666666666667 0.051 0.07466666666666667
235 0.55575 0.8246666666666667 0.0485 0.07466666666666667
208 0.421 0.7996666666666666 0.038 0.056666666666666664
208 0.46 0.792 0.036 0.04133333333333333
113 0.34125 0.844 0.0335 0.04
113 0.343 0.8086666666666666 0.032 0.030666666666666665
113 0.37625 0.8156666666666667 0.0375 0.04466666666666667
113 0.3745 0.851 0.034 0.027333333333333334
143 0.294 0.7963333333333333 0.06 0.042
143 0.29225 0.835 0.0615 0.046
265 0.2415 0.7866666666666666 0.037 0.052
265 0.24425 0.8346666666666667 0.0345 0.048
204 0.20125 0.8336666666666667 0.0325 0.04066666666666666
204 0.167 0.838 0.034 0.04933333333333333
264 0.14075 0.8196666666666667 0.0315 0.04733333333333333
231 0.0815 0.8133333333333334 0.037 0.04666666666666667
231 0.027 0.784 0.045 0.048
231 0.03125 0.8346666666666667 0.0435 0.04933333333333333
217 0.0275 0.71 0.038 0.048
217 0.02875 0.6576666666666666 0.0345 0.043333333333333335
217 0.0685 0.6586666666666666 0.032 0.04533333333333334
217 0.06425 0.712 0.0355 0.050666666666666665
157 0.103 0.706 0.036 0.04666666666666667
157 0.10575 0.6586666666666666 0.0345 0.044
73 0.14025 0.6556666666666666 0.0355 0.03933333333333333
73 0.18475 0.6586666666666666 0.0395 0.04133333333333333
73 0.179 0.71 0.038 0.05333333333333334
73 0.14125 0.706 0.0405 0.05333333333333334
284 0.2395 0.7043333333333334 0.034 0.054
