73 0.037037037037037035 0.04092261904761905 0.07407407407407407 0.0818452380952381
73 0.13078703703703703 0.04092261904761905 0.11607142857142858 0.0818452380952381
204 0.25281084656084657 0.041914682539682536 0.10813492063492064 0.08333333333333333
204 0.3621031746031746 0.041914682539682536 0.11375661375661375 0.08333333333333333
157 0.4685846560846561 0.041914682539682536 0.10846560846560846 0.08333333333333333
284 0.5848214285714286 0.042782738095238096 0.11673280423280423 0.08556547619047619
280 0.6853505291005291 0.041914682539682536 0.08035714285714286 0.08333333333333333
280 0.763558201058201 0.04092261904761905 0.09126984126984126 0.08134920634920635
307 0.8513558201058201 0.04092261904761905 0.0916005291005291 0.08134920634920635
307 0.9090608465608465 0.04873511904761905 0.04563492063492063 0.0597718253968254
217 0.576058201058201 0.17857142857142858 0.1078042328042328 0.0873015873015873
217 0.4666005291005291 0.18055555555555555 0.10846560846560846 0.08035714285714286
265 0.36607142857142855 0.1814236111111111 0.10251322751322751 0.07564484126984126
264 0.12979497354497355 0.17373511904761904 0.11210317460317461 0.08209325396825397
204 0.037037037037037035 0.17274305555555555 0.07407407407407407 0.08209325396825397
345 0.07308201058201058 0.3376736111111111 0.11177248677248677 0.07614087301587301
345 0.17857142857142858 0.34164186507936506 0.09457671957671958 0.0716765873015873
3 0.08961640211640212 0.4677579365079365 0.14814814814814814 0.10615079365079365
3 0.21858465608465608 0.47445436507936506 0.13756613756613756 0.09771825396825397
207 0.3748346560846561 0.48821924603174605 0.1001984126984127 0.07614087301587301
207 0.4666005291005291 0.4802827380952381 0.10449735449735449 0.09151785714285714
236 0.576058201058201 0.48226686507936506 0.09986772486772487 0.0920138888888889
236 0.6853505291005291 0.4930555555555556 0.10813492063492064 0.08333333333333333
82 0.7868716931216931 0.48908730158730157 0.07771164021164022 0.0798611111111111
82 0.923776455026455 0.49702380952380953 0.11210317460317461 0.0798611111111111
82 0.8015873015873016 0.42373511904761907 0.08333333333333333 0.033482142857142856
345 0.6033399470899471 0.34858630952380953 0.0916005291005291 0.07614087301587301
345 0.5300925925925926 0.349578373015873 0.07738095238095238 0.0716765873015873
345 0.4558531746031746 0.3396577380952381 0.08300264550264551 0.08854166666666667
143 0.9241071428571429 0.1943204365079365 0.15046296296296297 0.05381944444444445
38 0.2286706349206349 0.6001984126984127 0.07506613756613757 0.10664682539682539
38 0.15591931216931218 0.5994543650793651 0.07506613756613757 0.10664682539682539
38 0.08118386243386243 0.5963541666666666 0.08895502645502645 0.10887896825396826
21 0.33878968253968256 0.5918898809523809 0.06183862433862434 0.10044642857142858
21 0.4050925925925926 0.6128472222222222 0.07275132275132275 0.09176587301587301
109 0.611441798941799 0.6066468253968254 0.09986772486772487 0.06746031746031746
109 0.5089285714285714 0.6271081349206349 0.10846560846560846 0.07068452380952381
152 0.7288359788359788 0.6350446428571429 0.10714285714285714 0.07366071428571429
152 0.8389550264550265 0.6350446428571429 0.12103174603174603 0.07366071428571429
132 0.7544642857142857 0.7132936507936508 0.12797619047619047 0.05704365079365079
132 0.7645502645502645 0.7735615079365079 0.13756613756613756 0.07341269841269842
132 0.8809523809523809 0.7606646825396826 0.13756613756613756 0.0744047619047619
86 0.6241732804232805 0.7511160714285714 0.11342592592592593 0.07415674603174603
86 0.4892526455026455 0.7628968253968254 0.10085978835978836 0.07242063492063493
329 0.14566798941798942 0.7204861111111112 0.12533068783068782 0.09623015873015874
329 0.2607473544973545 0.7175099206349206 0.12003968253968254 0.08878968253968254
241 0.3645833333333333 0.7419394841269841 0.11408730158730158 0.09449404761904762
62 0.16865079365079366 0.8587549603174603 0.12037037037037036 0.10243055555555555
338 0.5930886243386243 0.8678075396825397 0.20072751322751323 0.06944444444444445
243 0.802744708994709 0.8991815476190477 0.19345238095238096 0.07118055555555555
96 0.9608134920634921 0.9315476190476191 0.07771164021164022 0.05109126984126984
296 0.9528769841269841 0.6419890873015873 0.09424603174603174 0.07118055555555555
96 0.9566798941798942 0.8718998015873016 0.08664021164021164 0.06473214285714286
