80 0.583904109589041 0.46707040121120363 0.18835616438356165 0.06510219530658592
80 0.6147260273972602 0.522331566994701 0.20205479452054795 0.06207418622255867
80 0.6147260273972602 0.5696442089326268 0.20205479452054795 0.05526116578349735
275 0.6125856164383562 0.8296744890234671 0.175513698630137 0.07872823618470856
275 0.6087328767123288 0.882664647993944 0.1695205479452055 0.04996214988644966
275 0.6091609589041096 0.9163512490537472 0.175513698630137 0.04920514761544285
275 0.7658390410958904 0.9549583648750947 0.23886986301369864 0.08251324753974262
275 0.8069349315068494 0.886449659348978 0.22003424657534246 0.05450416351249054
275 0.8069349315068494 0.8406510219530658 0.22517123287671234 0.0643451930355791
275 0.8069349315068494 0.8096139288417865 0.20804794520547945 0.04617713853141559
80 0.831763698630137 0.572672218016654 0.23886986301369864 0.0643451930355791
80 0.8321917808219178 0.5249810749432249 0.2465753424657534 0.0643451930355791
80 0.817208904109589 0.46025738077214234 0.24743150684931506 0.06510219530658592
72 0.370291095890411 0.874337623012869 0.23886986301369864 0.06813020439061317
72 0.367722602739726 0.9205147615442847 0.23886986301369864 0.059046177138531414
72 0.367722602739726 0.9591218773656321 0.2320205479452055 0.059046177138531414
72 0.1583904109589041 0.9231642694928085 0.2106164383561644 0.0643451930355791
72 0.1583904109589041 0.9595003785011355 0.2106164383561644 0.053747161241483724
72 0.1622431506849315 0.8149129447388342 0.20976027397260275 0.05526116578349735
80 0.1618150684931507 0.4738834216502649 0.2585616438356164 0.06661619984859955
216 0.3698630136986301 0.3308099924299773 0.23116438356164384 0.04996214988644966
216 0.367722602739726 0.3781226343679031 0.22003424657534246 0.05526116578349735
80 0.3698630136986301 0.4712339137017411 0.2363013698630137 0.05526116578349735
80 0.367722602739726 0.5196820590461771 0.2320205479452055 0.04920514761544285
80 0.367722602739726 0.5654806964420893 0.2320205479452055 0.05450416351249054
72 0.3771404109589041 0.8099924299772899 0.2166095890410959 0.045420136260408785
102 0.1421232876712329 0.2850113550340651 0.2551369863013699 0.04920514761544285
102 0.1421232876712329 0.33648750946252837 0.2551369863013699 0.04920514761544285
102 0.1446917808219178 0.3781226343679031 0.2482876712328767 0.053747161241483724
80 0.1446917808219178 0.5238455715367146 0.22602739726027396 0.04996214988644966
80 0.1446917808219178 0.5654806964420893 0.2226027397260274 0.05450416351249054
72 0.1446917808219178 0.8607115821347464 0.21746575342465754 0.07872823618470856
283 0.125 0.08894776684330052 0.2482876712328767 0.06585919757759273
283 0.11686643835616438 0.13701741105223317 0.2320205479452055 0.05753217259651779
283 0.125 0.18130204390613172 0.2363013698630137 0.053747161241483724
283 0.3497431506849315 0.18054504163512491 0.23715753424657535 0.05677517032551098
283 0.3480308219178082 0.13512490537471614 0.2594178082191781 0.061317183951551855
283 0.3497431506849315 0.09613928841786526 0.2183219178082192 0.04239212717638153
283 0.5800513698630136 0.08364875094625283 0.2422945205479452 0.06283118849356548
283 0.5800513698630136 0.1339894019682059 0.23886986301369864 0.056018168054504165
283 0.5821917808219178 0.17865253595760788 0.2363013698630137 0.056018168054504165
185 0.9554794520547946 0.1400454201362604 0.08561643835616438 0.12414837244511734
185 0.8827054794520548 0.14080242240726723 0.08561643835616438 0.12414837244511734
267 0.8056506849315068 0.14231642694928084 0.07876712328767123 0.12263436790310371
267 0.7358732876712328 0.14420893262679788 0.0779109589041096 0.12187736563209689
216 0.5659246575342466 0.28728236184708555 0.19863013698630136 0.052233156699470096
216 0.567208904109589 0.33232399697199094 0.2011986301369863 0.05450416351249054
216 0.5629280821917808 0.3796366389099167 0.2011986301369863 0.052233156699470096
216 0.7517123287671232 0.37433762301286905 0.1969178082191781 0.052233156699470096
216 0.7504280821917808 0.32891748675246024 0.1875 0.050719152157456475
237 0.17893835616438356 0.6495079485238455 0.2089041095890411 0.0696442089326268
237 0.18236301369863014 0.6998485995457986 0.2106164383561644 0.050719152157456475
237 0.18236301369863014 0.7426192278576835 0.19006849315068494 0.04996214988644966
237 0.3767123287671233 0.7392127176381529 0.1917808219178082 0.052233156699470096
237 0.386986301369863 0.686222558667676 0.1969178082191781 0.06888720666161999
80 0.3929794520547945 0.6529144587433763 0.18664383561643835 0.03709311127933384
80 0.3916952054794521 0.6249053747161242 0.199486301369863 0.028009084027252083
269 0.6476883561643836 0.6525359576078729 0.1857876712328767 0.059046177138531414
269 0.6476883561643836 0.700227100681302 0.1857876712328767 0.05299015897047691
269 0.6476883561643836 0.742997728993187 0.1857876712328767 0.05677517032551098
269 0.8356164383561644 0.6529144587433763 0.1934931506849315 0.0582891748675246
6 0.8334760273972602 0.700227100681302 0.19606164383561644 0.056018168054504165
6 0.8330479452054794 0.7456472369417109 0.18835616438356165 0.05147615442846329
