117 0.7096774193548387 0.19423558897243107 0.08709677419354839 0.17794486215538846
305 0.6338709677419355 0.18796992481203006 0.08709677419354839 0.18546365914786966
305 0.5564516129032258 0.18170426065162906 0.08709677419354839 0.18796992481203006
305 0.3870967741935484 0.2518796992481203 0.08709677419354839 0.18295739348370926
240 0.3064516129032258 0.24686716791979949 0.08709677419354839 0.18796992481203006
240 0.22741935483870968 0.24060150375939848 0.08709677419354839 0.18546365914786966
50 0.13548387096774195 0.21929824561403508 0.12903225806451613 0.21303258145363407
50 0.04435483870967742 0.21428571428571427 0.08870967741935484 0.21804511278195488
164 0.36451612903225805 0.5451127819548872 0.0967741935483871 0.21303258145363407
164 0.45483870967741935 0.5451127819548872 0.0935483870967742 0.21303258145363407
108 0.6 0.6027568922305765 0.0935483870967742 0.19799498746867167
97 0.4475806451612903 0.7907268170426065 0.10483870967741936 0.23308270676691728
97 0.34919354838709676 0.7882205513784462 0.10483870967741936 0.23308270676691728
181 0.24919354838709679 0.8070175438596491 0.11129032258064517 0.24060150375939848
181 0.13790322580645162 0.8145363408521303 0.11774193548387096 0.24060150375939848
97 0.04435483870967742 0.8145363408521303 0.08870967741935484 0.23558897243107768
22 0.5443548387096774 0.40601503759398494 0.06935483870967742 0.15037593984962405
261 0.6072580645161291 0.40977443609022557 0.07580645161290323 0.14786967418546365
201 0.6741935483870968 0.41353383458646614 0.07419354838709677 0.15037593984962405
201 0.7201612903225807 0.40977443609022557 0.0532258064516129 0.14786967418546365
201 0.771774193548387 0.41102756892230574 0.06935483870967742 0.14536340852130325
194 0.8104838709677419 0.41353383458646614 0.03064516129032258 0.15037593984962405
261 0.8524193548387097 0.42105263157894735 0.08225806451612903 0.14536340852130325
261 0.9209677419354839 0.43107769423558895 0.08387096774193549 0.13533834586466165
240 0.7838709677419354 0.20050125313283207 0.06774193548387097 0.17042606516290726
315 0.8475806451612903 0.21679197994987467 0.08870967741935484 0.14786967418546365
261 0.9008064516129032 0.22180451127819548 0.0532258064516129 0.14285714285714285
15 0.6846774193548387 0.606516290726817 0.07258064516129033 0.19548872180451127
15 0.7459677419354839 0.6052631578947368 0.08225806451612903 0.19799498746867167
305 0.8225806451612904 0.6127819548872181 0.05806451612903226 0.08771929824561403
186 0.8846774193548387 0.6115288220551378 0.056451612903225805 0.09022556390977443
305 0.8766129032258064 0.6679197994987469 0.06290322580645161 0.07268170426065163
194 0.8233870967741935 0.6666666666666666 0.0532258064516129 0.07518796992481203
223 0.5387096774193548 0.6365914786967418 0.07096774193548387 0.12531328320802004
90 0.5209677419354839 0.8571428571428571 0.05161290322580645 0.11027568922305764
90 0.5653225806451613 0.8208020050125313 0.0532258064516129 0.13283208020050125
261 0.6217741935483871 0.8320802005012531 0.07580645161290323 0.16541353383458646
214 0.6862903225806452 0.8471177944862155 0.08225806451612903 0.16040100250626566
223 0.2701612903225806 0.5576441102756893 0.10483870967741936 0.18796992481203006
223 0.2 0.5338345864661654 0.11612903225806452 0.18546365914786966
148 0.09516129032258064 0.5451127819548872 0.1 0.19799498746867167
148 0.03387096774193549 0.5426065162907269 0.06774193548387097 0.20300751879699247
305 0.4645161290322581 0.2581453634085213 0.08064516129032258 0.17543859649122806
