333 0.06832837301587301 0.23809523809523808 0.07118055555555555 0.07142857142857142
333 0.10825892857142858 0.23809523809523808 0.061755952380952384 0.07076719576719577
52 0.16393849206349206 0.2478505291005291 0.05952380952380952 0.049933862433862435
52 0.21465773809523808 0.24487433862433863 0.05580357142857143 0.05125661375661376
52 0.2693452380952381 0.24487433862433863 0.060515873015873016 0.05324074074074074
280 0.31436011904761907 0.23528439153439154 0.036458333333333336 0.07175925925925926
280 0.3464781746031746 0.23230820105820105 0.03422619047619048 0.07242063492063493
280 0.37487599206349204 0.23214285714285715 0.033482142857142856 0.07076719576719577
280 0.4071180555555556 0.23032407407407407 0.033482142857142856 0.07043650793650794
290 0.45101686507936506 0.2361111111111111 0.05084325396825397 0.056878306878306875
307 0.5027281746031746 0.2478505291005291 0.028273809523809524 0.02943121693121693
307 0.5525793650793651 0.2400793650793651 0.024305555555555556 0.04497354497354497
307 0.5770089285714286 0.22933201058201058 0.029513888888888888 0.06580687830687831
188 0.605406746031746 0.23015873015873015 0.031746031746031744 0.062169312169312166
188 0.6405009920634921 0.23429232804232805 0.03050595238095238 0.05324074074074074
188 0.6619543650793651 0.2371031746031746 0.025297619047619048 0.04828042328042328
239 0.7429315476190477 0.21858465608465608 0.04141865079365079 0.07208994708994709
239 0.7791418650793651 0.2156084656084656 0.03993055555555555 0.07605820105820106
239 0.8123759920634921 0.21858465608465608 0.03249007936507937 0.07208994708994709
11 0.8377976190476191 0.21858465608465608 0.042162698412698416 0.07208994708994709
11 0.925719246031746 0.21461640211640212 0.06225198412698413 0.07275132275132275
157 0.9325396825396826 0.33779761904761907 0.05357142857142857 0.05654761904761905
157 0.886656746031746 0.3386243386243386 0.03422619047619048 0.05423280423280423
265 0.8514384920634921 0.3386243386243386 0.04563492063492063 0.06018518518518518
217 0.8055555555555556 0.33978174603174605 0.039186507936507936 0.05654761904761905
217 0.7674851190476191 0.3396164021164021 0.04290674603174603 0.05423280423280423
284 0.7196180555555556 0.34077380952380953 0.045882936507936505 0.05654761904761905
284 0.6726190476190477 0.341765873015873 0.039186507936507936 0.05654761904761905
264 0.628844246031746 0.3416005291005291 0.045882936507936505 0.06018518518518518
204 0.5809771825396826 0.34837962962962965 0.045882936507936505 0.045304232804232805
73 0.535094246031746 0.34937169312169314 0.045882936507936505 0.04794973544973545
73 0.4930555555555556 0.3503637566137566 0.040674603174603176 0.04794973544973545
204 0.4461805555555556 0.3455687830687831 0.04563492063492063 0.05886243386243386
204 0.40314980158730157 0.34656084656084657 0.045882936507936505 0.06018518518518518
355 0.3552827380952381 0.35532407407407407 0.04290674603174603 0.04927248677248677
355 0.31721230158730157 0.35631613756613756 0.043154761904761904 0.04794973544973545
355 0.27331349206349204 0.3621031746031746 0.03869047619047619 0.03439153439153439
355 0.23425099206349206 0.36408730158730157 0.040426587301587304 0.03571428571428571
355 0.19122023809523808 0.36507936507936506 0.03968253968253968 0.03439153439153439
355 0.15215773809523808 0.36507936507936506 0.036458333333333336 0.03439153439153439
355 0.11123511904761904 0.36789021164021163 0.043402777777777776 0.0333994708994709
355 0.06832837301587301 0.36607142857142855 0.043402777777777776 0.03439153439153439
143 0.09288194444444445 0.44907407407407407 0.07465277777777778 0.041005291005291
143 0.17584325396825398 0.44841269841269843 0.08283730158730158 0.041005291005291
250 0.19122023809523808 0.5428240740740741 0.043154761904761904 0.04794973544973545
250 0.23139880952380953 0.5408399470899471 0.043154761904761904 0.04794973544973545
250 0.2693452380952381 0.5388558201058201 0.03521825396825397 0.04794973544973545
345 0.40811011904761907 0.4366732804232804 0.037450396825396824 0.05125661375661376
345 0.4409722222222222 0.43683862433862436 0.03571428571428571 0.05092592592592592
345 0.4755704365079365 0.43683862433862436 0.033482142857142856 0.0496031746031746
212 0.5104166666666666 0.4312169312169312 0.030257936507936508 0.037698412698412696
212 0.5406746031746031 0.4308862433862434 0.030257936507936508 0.037698412698412696
92 0.5923859126984127 0.4350198412698413 0.03050595238095238 0.04861111111111111
345 0.623015873015873 0.42939814814814814 0.028273809523809524 0.03736772486772487
345 0.3687996031746032 0.4269179894179894 0.0441468253968254 0.05092592592592592
243 0.23152281746031747 0.6638558201058201 0.09499007936507936 0.05125661375661376
243 0.32527281746031744 0.6668320105820106 0.09499007936507936 0.045965608465608467
243 0.32502480158730157 0.6223544973544973 0.09895833333333333 0.04828042328042328
296 0.4479166666666667 0.6532738095238095 0.04017857142857143 0.04728835978835979
296 0.41381448412698413 0.6438492063492064 0.04439484126984127 0.04828042328042328
21 0.5726686507936508 0.6342592592592593 0.03670634920634921 0.07936507936507936
21 0.5546875 0.6203703703703703 0.028025793650793652 0.07738095238095238
21 0.5298859126984127 0.6259920634920635 0.030009920634920636 0.08333333333333333
38 0.6088789682539683 0.609457671957672 0.028769841269841268 0.06613756613756613
38 0.6376488095238095 0.6117724867724867 0.03819444444444445 0.06812169312169312
38 0.6715029761904762 0.6140873015873016 0.03546626984126984 0.06746031746031746
38 0.699280753968254 0.6124338624338624 0.033482142857142856 0.062169312169312166
152 0.7482638888888888 0.5954034391534392 0.05009920634920635 0.04794973544973545
152 0.792906746031746 0.6377314814814815 0.04513888888888889 0.05720899470899471
152 0.7593005952380952 0.6463293650793651 0.0726686507936508 0.06514550264550265
209 0.8225446428571429 0.595734126984127 0.007688492063492063 0.03802910052910053
109 0.8421378968253969 0.5922619047619048 0.04439484126984127 0.04563492063492063
109 0.8365575396825397 0.6372354497354498 0.03571428571428571 0.04563492063492063
109 0.9019097222222222 0.6459986772486772 0.061755952380952384 0.060515873015873016
109 0.8947172619047619 0.5944113756613757 0.04985119047619048 0.05125661375661376
86 0.7061011904761905 0.7166005291005291 0.053075396825396824 0.037037037037037035
86 0.7661210317460317 0.7240410052910053 0.06746031746031746 0.054563492063492064
86 0.7197420634920635 0.7809193121693122 0.06646825396825397 0.060515873015873016
338 0.7795138888888888 0.7799272486772487 0.07043650793650794 0.060515873015873016
280 0.841765873015873 0.759755291005291 0.07390873015873016 0.1259920634920635
329 0.9045138888888888 0.7579365079365079 0.04662698412698413 0.09986772486772487
12 0.47470238095238093 0.4988425925925926 0.04712301587301587 0.03207671957671958
12 0.4711061507936508 0.5372023809523809 0.046378968253968256 0.054563492063492064
12 0.423859126984127 0.5395171957671958 0.04563492063492063 0.05191798941798942
12 0.42224702380952384 0.4981812169312169 0.05084325396825397 0.034722222222222224
207 0.5217013888888888 0.5380291005291006 0.04241071428571429 0.0496031746031746
207 0.5230654761904762 0.49834656084656087 0.046130952380952384 0.031746031746031744
207 0.5696924603174603 0.4973544973544973 0.04811507936507937 0.031746031746031744
207 0.5685763888888888 0.5380291005291006 0.047371031746031744 0.0496031746031746
3 0.6287202380952381 0.5223214285714286 0.0625 0.0796957671957672
3 0.6912202380952381 0.5224867724867724 0.062003968253968256 0.07539682539682539
82 0.3226686507936508 0.5388558201058201 0.04563492063492063 0.05654761904761905
82 0.3542906746031746 0.5305886243386243 0.02058531746031746 0.03736772486772487
82 0.37896825396825395 0.5284391534391535 0.032242063492063495 0.042328042328042326
271 0.2750496031746032 0.7308201058201058 0.0441468253968254 0.051587301587301584
271 0.2750496031746032 0.777281746031746 0.034722222222222224 0.044642857142857144
271 0.23896329365079366 0.777281746031746 0.04538690476190476 0.045304232804232805
271 0.23350694444444445 0.730489417989418 0.047867063492063495 0.051587301587301584
271 0.3211805555555556 0.7867063492063492 0.05357142857142857 0.0582010582010582
349 0.4192708333333333 0.7789351851851852 0.047371031746031744 0.05720899470899471
349 0.48561507936507936 0.7739748677248677 0.043154761904761904 0.04728835978835979
349 0.529265873015873 0.7782738095238095 0.049107142857142856 0.05588624338624339
96 0.13938492063492064 0.7805886243386243 0.07291666666666667 0.07308201058201058
96 0.18303571428571427 0.7726521164021164 0.036210317460317464 0.05720899470899471
33 0.1226438492063492 0.9087301587301587 0.09350198412698413 0.09788359788359788
208 0.4037698412698413 0.8599537037037037 0.04712301587301587 0.05257936507936508
208 0.40054563492063494 0.9146825396825397 0.05009920634920635 0.06084656084656084
208 0.35478670634920634 0.8579695767195767 0.050347222222222224 0.04861111111111111
132 0.4673859126984127 0.8525132275132276 0.04985119047619048 0.03835978835978836
132 0.46875 0.8655753968253969 0.04861111111111111 0.022817460317460316
132 0.46862599206349204 0.8930224867724867 0.05282738095238095 0.04861111111111111
132 0.5199652777777778 0.8935185185185185 0.051835317460317464 0.04497354497354497
132 0.5193452380952381 0.8520171957671958 0.052083333333333336 0.040013227513227514
338 0.6142113095238095 0.8958333333333334 0.10689484126984126 0.062169312169312166
235 0.6107390873015873 0.8634259259259259 0.09995039682539683 0.011243386243386243
62 0.8829365079365079 0.9045965608465608 0.10962301587301587 0.08167989417989419
235 0.24454365079365079 0.8802910052910053 0.059027777777777776 0.08333333333333333
235 0.2958829365079365 0.8802910052910053 0.05406746031746032 0.08333333333333333
208 0.33581349206349204 0.9446097883597884 0.05952380952380952 0.04662698412698413
