332 0.7840608465608465 0.10193452380952381 0.08002645502645503 0.08779761904761904
314 0.9540343915343915 0.3540426587301587 0.07539682539682539 0.05828373015873016
178 0.9090608465608465 0.5483630952380952 0.06018518518518518 0.08928571428571429
178 0.9422949735449735 0.5483630952380952 0.05919312169312169 0.08779761904761904
325 0.9773478835978836 0.5492311507936508 0.045304232804232805 0.07713293650793651
325 0.8358134920634921 0.5522073412698413 0.06382275132275132 0.0920138888888889
137 0.7860449735449735 0.5560515873015873 0.061507936507936505 0.08928571428571429
215 0.6590608465608465 0.5472470238095238 0.07341269841269842 0.06324404761904762
46 0.5740740740740741 0.5472470238095238 0.10648148148148148 0.07415674603174603
189 0.484292328042328 0.5502232142857143 0.11474867724867725 0.07118055555555555
309 0.34755291005291006 0.5443948412698413 0.11243386243386243 0.06299603174603174
56 0.3455687830687831 0.6595982142857143 0.09126984126984126 0.11731150793650794
56 0.429728835978836 0.6664186507936508 0.08961640211640212 0.10218253968253968
259 0.4912367724867725 0.6664186507936508 0.08035714285714286 0.08928571428571429
259 0.5537367724867724 0.6665426587301587 0.07837301587301587 0.08060515873015874
32 0.6142526455026455 0.6625744047619048 0.07374338624338625 0.07961309523809523
32 0.671792328042328 0.6576140873015873 0.07374338624338625 0.07762896825396826
32 0.7263558201058201 0.6499255952380952 0.07242063492063493 0.07961309523809523
171 0.7938161375661376 0.6586061507936508 0.07242063492063493 0.10094246031746032
171 0.8543320105820106 0.6556299603174603 0.07242063492063493 0.09796626984126984
171 0.9090608465608465 0.6537698412698413 0.06481481481481481 0.09226190476190477
171 0.9627976190476191 0.6479414682539683 0.07308201058201058 0.0920138888888889
63 0.574239417989418 0.9164186507936508 0.08961640211640212 0.12648809523809523
63 0.6650132275132276 0.9076140873015873 0.09325396825396826 0.10887896825396826
63 0.5077711640211641 0.9360119047619048 0.08300264550264551 0.125
25 0.32407407407407407 0.9340277777777778 0.11441798941798942 0.07936507936507936
344 0.9462632275132276 0.2602926587301587 0.09556878306878307 0.054811507936507936
196 0.728505291005291 0.10007440476190477 0.07671957671957672 0.08655753968253968
25 0.4244378306878307 0.927703373015873 0.1173941798941799 0.07713293650793651
348 0.8951719576719577 0.8680555555555556 0.06746031746031746 0.0818452380952381
348 0.96494708994709 0.8596230158730159 0.0701058201058201 0.0818452380952381
348 0.751818783068783 0.8924851190476191 0.05919312169312169 0.08060515873015874
348 0.8034060846560847 0.8929811507936508 0.09358465608465609 0.07862103174603174
298 0.566468253968254 0.7537202380952381 0.07473544973544974 0.08878968253968254
298 0.6245039682539683 0.7501240079365079 0.07903439153439154 0.08854166666666667
298 0.6865079365079365 0.7465277777777778 0.07341269841269842 0.0818452380952381
174 0.23131613756613756 0.535218253968254 0.12797619047619047 0.05109126984126984
174 0.23346560846560846 0.5758928571428571 0.12698412698412698 0.04811507936507937
56 0.19808201058201058 0.6901041666666666 0.08002645502645503 0.09300595238095238
56 0.26455026455026454 0.6515376984126984 0.07341269841269842 0.08779761904761904
339 0.2240410052910053 0.9046378968253969 0.11078042328042328 0.08258928571428571
339 0.2230489417989418 0.957093253968254 0.10945767195767196 0.05853174603174603
171 0.24818121693121692 0.980530753968254 0.05919312169312169 0.011656746031746032
118 0.8541666666666666 0.08444940476190477 0.09986772486772487 0.13268849206349206
118 0.9338624338624338 0.09263392857142858 0.10052910052910052 0.13020833333333334
334 0.47701719576719576 0.19655257936507936 0.07837301587301587 0.08258928571428571
334 0.5444775132275133 0.20188492063492064 0.059854497354497355 0.0798611111111111
334 0.6005291005291006 0.20572916666666666 0.06349206349206349 0.078125
352 0.6665013227513228 0.2109375 0.06845238095238096 0.07514880952380952
352 0.72255291005291 0.21341765873015872 0.06018518518518518 0.07118055555555555
352 0.7782738095238095 0.21763392857142858 0.06845238095238096 0.07316468253968254
89 0.20205026455026456 0.19010416666666666 0.09193121693121693 0.06324404761904762
89 0.28835978835978837 0.1970486111111111 0.083994708994709 0.06076388888888889
89 0.3738425925925926 0.20386904761904762 0.08697089947089948 0.057539682539682536
320 0.19295634920634921 0.3162202380952381 0.09689153439153439 0.06547619047619048
320 0.3020833333333333 0.31882440476190477 0.11144179894179894 0.06522817460317461
297 0.5188492063492064 0.29389880952380953 0.125 0.052083333333333336
309 0.5395171957671958 0.3369295634920635 0.10615079365079365 0.038938492063492064
297 0.43005952380952384 0.3334573412698413 0.11276455026455026 0.040426587301587304
189 0.7357804232804233 0.3070436507936508 0.11706349206349206 0.04563492063492063
189 0.738260582010582 0.34362599206349204 0.09358465608465609 0.03298611111111111
189 0.6443452380952381 0.3410218253968254 0.09953703703703703 0.034722222222222224
173 0.19874338624338625 0.4205109126984127 0.13227513227513227 0.05084325396825397
173 0.3210978835978836 0.4192708333333333 0.12103174603174603 0.05084325396825397
46 0.43898809523809523 0.4193948412698413 0.11408730158730158 0.046130952380952384
46 0.5451388888888888 0.4193948412698413 0.09953703703703703 0.04365079365079365
45 0.6532738095238095 0.42063492063492064 0.10284391534391535 0.043154761904761904
45 0.746031746031746 0.42137896825396826 0.08862433862433862 0.04017857142857143
45 0.7440476190476191 0.4583333333333333 0.08796296296296297 0.03273809523809524
45 0.6532738095238095 0.45870535714285715 0.09755291005291006 0.033482142857142856
46 0.5476190476190477 0.4593253968253968 0.10648148148148148 0.036210317460317464
46 0.43898809523809523 0.46068948412698413 0.1087962962962963 0.036458333333333336
173 0.32242063492063494 0.4634176587301587 0.11706349206349206 0.03943452380952381
173 0.20006613756613756 0.46664186507936506 0.12698412698412698 0.04439484126984127
