188 0.373015873015873 0.29575892857142855 0.04034391534391534 0.058779761904761904
188 0.4080687830687831 0.341765873015873 0.03968253968253968 0.041666666666666664
188 0.3718584656084656 0.34164186507936506 0.03736772486772487 0.038938492063492064
239 0.33482142857142855 0.33097718253968256 0.03869047619047619 0.05084325396825397
239 0.2986111111111111 0.3308531746031746 0.03835978835978836 0.05109126984126984
239 0.26256613756613756 0.33382936507936506 0.03373015873015873 0.047619047619047616
307 0.45287698412698413 0.341765873015873 0.03736772486772487 0.041666666666666664
307 0.48412698412698413 0.341765873015873 0.03439153439153439 0.041666666666666664
307 0.5183531746031746 0.341765873015873 0.03406084656084656 0.041666666666666664
280 0.5575396825396826 0.34164186507936506 0.03439153439153439 0.040426587301587304
280 0.5896164021164021 0.341765873015873 0.03439153439153439 0.04117063492063492
280 0.6238425925925926 0.341765873015873 0.03406084656084656 0.04117063492063492
52 0.7215608465608465 0.3446180555555556 0.04563492063492063 0.03149801587301587
52 0.7800925925925926 0.3444940476190476 0.05026455026455026 0.03422619047619048
333 0.826058201058201 0.341765873015873 0.04563492063492063 0.037698412698412696
143 0.8796296296296297 0.35044642857142855 0.06415343915343916 0.027777777777777776
243 0.7703373015873016 0.39831349206349204 0.09226190476190477 0.030753968253968252
207 0.78505291005291 0.4959077380952381 0.042328042328042326 0.037450396825396824
207 0.8015873015873016 0.49603174603174605 0.04563492063492063 0.034722222222222224
207 0.8416005291005291 0.49404761904761907 0.03968253968253968 0.033234126984126984
109 0.8806216931216931 0.49603174603174605 0.04365079365079365 0.033234126984126984
109 0.9226190476190477 0.49603174603174605 0.04563492063492063 0.03422619047619048
109 0.9490740740740741 0.5262896825396826 0.05357142857142857 0.030257936507936508
109 0.8845899470899471 0.5262896825396826 0.037698412698412696 0.030257936507936508
207 0.845568783068783 0.5281498015873016 0.04563492063492063 0.033482142857142856
207 0.8015873015873016 0.5291418650793651 0.04563492063492063 0.033482142857142856
296 0.544808201058201 0.5349702380952381 0.045965608465608467 0.03422619047619048
296 0.49289021164021163 0.5369543650793651 0.04927248677248677 0.03571428571428571
0 0.4489087301587302 0.5369543650793651 0.03736772486772487 0.03422619047619048
0 0.41187169312169314 0.5369543650793651 0.03736772486772487 0.03571428571428571
212 0.3748346560846561 0.5379464285714286 0.03736772486772487 0.03720238095238095
212 0.341765873015873 0.5409226190476191 0.03736772486772487 0.03571428571428571
212 0.30539021164021163 0.5437748015873016 0.03736772486772487 0.033482142857142856
345 0.26256613756613756 0.5438988095238095 0.03968253968253968 0.03422619047619048
217 0.21428571428571427 0.29737103174603174 0.052248677248677246 0.04513888888888889
217 0.21511243386243387 0.3376736111111111 0.049933862433862435 0.03794642857142857
217 0.1618716931216931 0.29129464285714285 0.05257936507936508 0.04389880952380952
217 0.16335978835978837 0.3343253968253968 0.05423280423280423 0.04365079365079365
157 0.1076388888888889 0.3333333333333333 0.055224867724867725 0.04513888888888889
157 0.10714285714285714 0.28943452380952384 0.05489417989417989 0.04513888888888889
284 0.057374338624338626 0.2955109126984127 0.044642857142857144 0.033482142857142856
284 0.04894179894179894 0.33283730158730157 0.0582010582010582 0.04513888888888889
265 0.05572089947089947 0.45349702380952384 0.05588624338624339 0.03993055555555555
265 0.06068121693121693 0.4133184523809524 0.054563492063492064 0.04241071428571429
73 0.11507936507936507 0.451140873015873 0.05423280423280423 0.04265873015873016
73 0.12632275132275134 0.41369047619047616 0.05291005291005291 0.04117063492063492
73 0.12433862433862433 0.3888888888888889 0.06613756613756613 0.011408730158730158
290 0.18369708994708994 0.3892609126984127 0.04662698412698413 0.010168650793650794
73 0.17923280423280424 0.4140625 0.052248677248677246 0.04141865079365079
73 0.17096560846560846 0.453125 0.05489417989417989 0.03720238095238095
204 0.2328042328042328 0.4522569444444444 0.05423280423280423 0.036458333333333336
264 0.23759920634920634 0.4134424603174603 0.05257936507936508 0.041666666666666664
264 0.28703703703703703 0.41294642857142855 0.04894179894179894 0.041666666666666664
264 0.2881944444444444 0.45188492063492064 0.049933862433862435 0.03670634920634921
204 0.35185185185185186 0.4140625 0.051587301587301584 0.04092261904761905
204 0.35185185185185186 0.45188492063492064 0.05026455026455026 0.03571428571428571
92 0.05654761904761905 0.5510912698412699 0.037698412698412696 0.03373015873015873
92 0.09540343915343916 0.5498511904761905 0.040013227513227514 0.033234126984126984
92 0.13822751322751323 0.5494791666666666 0.04563492063492063 0.03249007936507937
345 0.1810515873015873 0.5486111111111112 0.0419973544973545 0.030753968253968252
345 0.22255291005291006 0.5483630952380952 0.03968253968253968 0.030257936507936508
70 0.13078703703703703 0.6216517857142857 0.05588624338624339 0.04985119047619048
70 0.07142857142857142 0.6216517857142857 0.056878306878306875 0.04985119047619048
21 0.1787367724867725 0.6178075396825397 0.0419973544973545 0.05654761904761905
21 0.2166005291005291 0.6168154761904762 0.037698412698412696 0.054563492063492064
21 0.25281084656084657 0.6159474206349206 0.03736772486772487 0.05282738095238095
21 0.2881944444444444 0.6150793650793651 0.034722222222222224 0.05109126984126984
38 0.3275462962962963 0.609375 0.03802910052910053 0.054563492063492064
38 0.3627645502645503 0.609375 0.03571428571428571 0.054563492063492064
38 0.39451058201058203 0.6082589285714286 0.03571428571428571 0.05282738095238095
38 0.4289021164021164 0.6081349206349206 0.037037037037037035 0.05257936507936508
3 0.48330026455026454 0.6082589285714286 0.0625 0.046378968253968256
3 0.5338955026455027 0.6066468253968254 0.07903439153439154 0.043154761904761904
82 0.589781746031746 0.6097470238095238 0.03273809523809524 0.03149801587301587
82 0.625 0.6081349206349206 0.03902116402116402 0.03273809523809524
82 0.6577380952380952 0.6068948412698413 0.0291005291005291 0.03125
158 0.6922949735449735 0.5746527777777778 0.03406084656084656 0.03125
158 0.6964285714285714 0.6045386904761905 0.036375661375661374 0.030009920634920636
158 0.734457671957672 0.6046626984126984 0.036375661375661374 0.02976190476190476
158 0.732308201058201 0.5771329365079365 0.04861111111111111 0.028769841269841268
250 0.7913359788359788 0.5714285714285714 0.03835978835978836 0.030257936507936508
250 0.796957671957672 0.6004464285714286 0.0496031746031746 0.030753968253968252
250 0.8313492063492064 0.6023065476190477 0.023148148148148147 0.026537698412698412
250 0.8328373015873016 0.5746527777777778 0.045965608465608467 0.032242063492063495
250 0.8616071428571429 0.5978422619047619 0.035383597883597885 0.033482142857142856
208 0.8483796296296297 0.6449652777777778 0.04728835978835979 0.035962301587301584
96 0.8855820105820106 0.6417410714285714 0.05291005291005291 0.03447420634920635
96 0.9341931216931217 0.640625 0.04431216931216931 0.032242063492063495
96 0.9371693121693122 0.6713789682539683 0.05291005291005291 0.033234126984126984
96 0.8959986772486772 0.6739831349206349 0.050595238095238096 0.0339781746031746
208 0.8493716931216931 0.6772073412698413 0.04927248677248677 0.030009920634920636
271 0.7536375661375662 0.6519097222222222 0.046957671957671955 0.035962301587301584
271 0.7571097883597884 0.6805555555555556 0.05125661375661376 0.02976190476190476
271 0.8000992063492064 0.6795634920634921 0.04728835978835979 0.03125
271 0.7961309523809523 0.6493055555555556 0.044642857142857144 0.03125
92 0.8184523809523809 0.6480654761904762 0.010582010582010581 0.028273809523809524
349 0.6463293650793651 0.6547619047619048 0.04927248677248677 0.03273809523809524
349 0.6937830687830688 0.6535218253968254 0.04894179894179894 0.030257936507936508
349 0.7023809523809523 0.6846478174603174 0.04894179894179894 0.034970238095238096
349 0.6545965608465608 0.6862599206349206 0.05787037037037037 0.03670634920634921
101 0.7217261904761905 0.6533978174603174 0.01025132275132275 0.030009920634920636
66 0.5036375661375662 0.6769593253968254 0.06613756613756613 0.031994047619047616
66 0.5044642857142857 0.7015128968253969 0.06316137566137567 0.026041666666666668
86 0.3680555555555556 0.6701388888888888 0.06547619047619048 0.03422619047619048
86 0.3687169312169312 0.7008928571428571 0.0667989417989418 0.03869047619047619
86 0.43253968253968256 0.6961805555555556 0.061507936507936505 0.04017857142857143
62 0.23776455026455026 0.6958085317460317 0.06613756613756613 0.06671626984126984
62 0.3019179894179894 0.6954365079365079 0.062169312169312166 0.06398809523809523
329 0.08746693121693122 0.7178819444444444 0.08564814814814815 0.043402777777777776
329 0.16335978835978837 0.7111855158730159 0.07275132275132275 0.046378968253968256
246 0.2650462962962963 0.8096478174603174 0.0744047619047619 0.040426587301587304
246 0.26157407407407407 0.7719494047619048 0.07142857142857142 0.04290674603174603
246 0.33201058201058203 0.7671130952380952 0.07142857142857142 0.04265873015873016
246 0.3325066137566138 0.8067956349206349 0.07242063492063493 0.044642857142857144
246 0.39880952380952384 0.7589285714285714 0.0667989417989418 0.03869047619047619
246 0.40244708994708994 0.7793898809523809 0.0667989417989418 0.012648809523809524
246 0.40327380952380953 0.8034474206349206 0.06779100529100529 0.04141865079365079
84 0.5026455026455027 0.7607886904761905 0.12962962962962962 0.04092261904761905
84 0.5054563492063492 0.7967509920634921 0.1306216931216931 0.04290674603174603
132 0.6015211640211641 0.7858382936507936 0.06746031746031746 0.040426587301587304
132 0.5892857142857143 0.7315228174603174 0.05423280423280423 0.026041666666666668
132 0.6458333333333334 0.7287946428571429 0.05555555555555555 0.026537698412698412
132 0.6701388888888888 0.7816220238095238 0.06646825396825397 0.041914682539682536
235 0.7384259259259259 0.7622767857142857 0.06415343915343916 0.05679563492063492
8 0.8000992063492064 0.7409474206349206 0.05720899470899471 0.03695436507936508
8 0.8020833333333334 0.7703373015873016 0.06117724867724868 0.033234126984126984
33 0.8617724867724867 0.7545882936507936 0.06878306878306878 0.06374007936507936
33 0.9193121693121693 0.7521081349206349 0.06812169312169312 0.05927579365079365
152 0.564318783068783 0.6958085317460317 0.04133597883597884 0.030009920634920636
152 0.6091269841269841 0.6951884920634921 0.04034391534391534 0.027281746031746032
12 0.7390873015873016 0.5016121031746031 0.0496031746031746 0.03546626984126984
12 0.7387566137566137 0.5313740079365079 0.04894179894179894 0.03050595238095238
12 0.6956018518518519 0.5318700396825397 0.04861111111111111 0.03249007936507937
12 0.6870039682539683 0.5009920634920635 0.04662698412698413 0.03521825396825397
236 0.6377314814814815 0.5034722222222222 0.05324074074074074 0.03819444444444445
236 0.5952380952380952 0.5349702380952381 0.052248677248677246 0.03125
236 0.5874669312169312 0.503968253968254 0.04265873015873016 0.033234126984126984
236 0.6456679894179894 0.5347222222222222 0.05191798941798942 0.03125
243 0.7640542328042328 0.4272073412698413 0.09226190476190477 0.027529761904761904
243 0.7640542328042328 0.45002480158730157 0.09226190476190477 0.02058531746031746
