270 0.07118055555555555 0.28687169312169314 0.07936507936507936 0.11144179894179894
143 0.14149305555555555 0.32407407407407407 0.08308531746031746 0.04365079365079365
143 0.13950892857142858 0.23131613756613756 0.07713293650793651 0.045965608465608467
52 0.2568204365079365 0.3143187830687831 0.057291666666666664 0.059854497354497355
52 0.3142361111111111 0.31812169312169314 0.060515873015873016 0.06283068783068783
280 0.41790674603174605 0.320271164021164 0.03670634920634921 0.06646825396825397
280 0.44915674603174605 0.3201058201058201 0.032242063492063495 0.06547619047619048
280 0.48226686507936506 0.3220899470899471 0.036458333333333336 0.06415343915343916
307 0.5184771825396826 0.32407407407407407 0.036458333333333336 0.062169312169312166
307 0.5590277777777778 0.32407407407407407 0.03670634920634921 0.06415343915343916
307 0.5780009920634921 0.32407407407407407 0.029513888888888888 0.062169312169312166
188 0.6082589285714286 0.32407407407407407 0.036458333333333336 0.062169312169312166
188 0.6434771825396826 0.32605820105820105 0.036458333333333336 0.062169312169312166
239 0.6845238095238095 0.32407407407407407 0.039186507936507936 0.06878306878306878
239 0.7157738095238095 0.32407407407407407 0.03422619047619048 0.07142857142857142
239 0.7488839285714286 0.32407407407407407 0.036458333333333336 0.07142857142857142
217 0.7997271825396826 0.328042328042328 0.04935515873015873 0.06878306878306878
217 0.847594246031746 0.32705026455026454 0.04935515873015873 0.06547619047619048
284 0.8845486111111112 0.328042328042328 0.04935515873015873 0.06415343915343916
284 0.9188988095238095 0.328042328042328 0.05357142857142857 0.06878306878306878
265 0.9686259920634921 0.33283730158730157 0.05679563492063492 0.06646825396825397
284 0.9187748015873016 0.2693452380952381 0.05084325396825397 0.05720899470899471
284 0.8680555555555556 0.27232142857142855 0.0496031746031746 0.05654761904761905
217 0.8182043650793651 0.2743055555555556 0.043154761904761904 0.05324074074074074
217 0.7635168650793651 0.2693452380952381 0.045882936507936505 0.040674603174603176
333 0.19915674603174602 0.3123346560846561 0.05357142857142857 0.07242063492063493
143 0.14347718253968253 0.27728174603174605 0.07713293650793651 0.04927248677248677
264 0.6442212301587301 0.47040343915343913 0.04141865079365079 0.05720899470899471
157 0.683531746031746 0.4713955026455027 0.043154761904761904 0.05720899470899471
157 0.7295386904761905 0.47238756613756616 0.045882936507936505 0.05588624338624339
73 0.7748015873015873 0.47337962962962965 0.043154761904761904 0.05588624338624339
73 0.816344246031746 0.47437169312169314 0.043402777777777776 0.05588624338624339
204 0.8547867063492064 0.4756944444444444 0.045882936507936505 0.05588624338624339
204 0.8933531746031746 0.47701719576719576 0.03968253968253968 0.055224867724867725
243 0.8421378968253969 0.574239417989418 0.10540674603174603 0.050595238095238096
243 0.839905753968254 0.6149140211640212 0.09449404761904762 0.035383597883597885
82 0.6769593253968254 0.5646494708994709 0.046378968253968256 0.04794973544973545
82 0.7161458333333334 0.5634920634920635 0.03993055555555555 0.05026455026455026
82 0.7132936507936508 0.609457671957672 0.039186507936507936 0.04431216931216931
82 0.6749751984126984 0.6086309523809523 0.041914682539682536 0.04332010582010582
0 0.7464037698412699 0.6046626984126984 0.029017857142857144 0.05257936507936508
0 0.7738095238095238 0.6049933862433863 0.032242063492063495 0.05324074074074074
12 0.48995535714285715 0.5492724867724867 0.047371031746031744 0.056216931216931214
12 0.4898313492063492 0.6043320105820106 0.04861111111111111 0.05588624338624339
12 0.5355902777777778 0.6046626984126984 0.04439484126984127 0.05588624338624339
12 0.5357142857142857 0.5505952380952381 0.04563492063492063 0.056216931216931214
12 0.5812251984126984 0.5502645502645502 0.047867063492063495 0.05886243386243386
12 0.5817212301587301 0.6056547619047619 0.046378968253968256 0.054563492063492064
12 0.6277281746031746 0.6028439153439153 0.04861111111111111 0.05357142857142857
12 0.6245039682539683 0.5499338624338624 0.04811507936507937 0.05555555555555555
207 0.44060019841269843 0.6048280423280423 0.047371031746031744 0.05357142857142857
207 0.44047619047619047 0.5502645502645502 0.04712301587301587 0.05952380952380952
207 0.39174107142857145 0.5504298941798942 0.050347222222222224 0.060515873015873016
207 0.39211309523809523 0.6048280423280423 0.0496031746031746 0.05092592592592592
207 0.3428819444444444 0.5499338624338624 0.046875 0.05952380952380952
207 0.34337797619047616 0.603505291005291 0.047371031746031744 0.05092592592592592
207 0.2951388888888889 0.6025132275132276 0.04365079365079365 0.05291005291005291
207 0.29464285714285715 0.548941798941799 0.044642857142857144 0.056216931216931214
250 0.18043154761904762 0.5535714285714286 0.03249007936507937 0.051587301587301584
250 0.21676587301587302 0.5545634920634921 0.04017857142857143 0.05092592592592592
250 0.2534722222222222 0.5539021164021164 0.034722222222222224 0.052248677248677246
250 0.2543402777777778 0.6010251322751323 0.033482142857142856 0.045304232804232805
250 0.21626984126984128 0.6008597883597884 0.03968253968253968 0.04365079365079365
250 0.18204365079365079 0.5992063492063492 0.029265873015873016 0.046296296296296294
233 0.07353670634920635 0.5497685185185185 0.047371031746031744 0.0539021164021164
233 0.07465277777777778 0.5973875661375662 0.04265873015873016 0.045304232804232805
233 0.1117311507936508 0.5972222222222222 0.03844246031746032 0.046957671957671955
233 0.1427331349206349 0.5952380952380952 0.03149801587301587 0.052248677248677246
233 0.11532738095238096 0.5472883597883598 0.04513888888888889 0.05291005291005291
21 0.17881944444444445 0.6979166666666666 0.03521825396825397 0.07043650793650794
21 0.15215773809523808 0.6937830687830688 0.035962301587301584 0.07804232804232804
21 0.12251984126984126 0.6917989417989417 0.042162698412698416 0.08134920634920635
21 0.09052579365079365 0.691468253968254 0.03968253968253968 0.08068783068783068
3 0.22321428571428573 0.7017195767195767 0.06001984126984127 0.06481481481481481
3 0.28112599206349204 0.7018849206349206 0.058779761904761904 0.06580687830687831
3 0.3343253968253968 0.7022156084656085 0.056051587301587304 0.06580687830687831
38 0.38504464285714285 0.6924603174603174 0.029513888888888888 0.08597883597883597
38 0.41369047619047616 0.6917989417989417 0.02976190476190476 0.08465608465608465
38 0.43799603174603174 0.6951058201058201 0.03273809523809524 0.082010582010582
38 0.46750992063492064 0.6921296296296297 0.028769841269841268 0.08597883597883597
38 0.49503968253968256 0.6956018518518519 0.03273809523809524 0.08101851851851852
38 0.5220734126984127 0.6927910052910053 0.028769841269841268 0.08664021164021164
38 0.5487351190476191 0.6939484126984127 0.028025793650793652 0.08498677248677249
296 0.5905257936507936 0.7114748677248677 0.04513888888888889 0.054563492063492064
296 0.6359126984126984 0.7114748677248677 0.047619047619047616 0.054563492063492064
345 0.6800595238095238 0.7179232804232805 0.03869047619047619 0.04034391534391534
345 0.7100694444444444 0.7182539682539683 0.036210317460317464 0.041005291005291
212 0.7415674603174603 0.7180886243386243 0.03273809523809524 0.040674603174603176
212 0.7728174603174603 0.7180886243386243 0.034722222222222224 0.040674603174603176
92 0.8040674603174603 0.7182539682539683 0.03521825396825397 0.041005291005291
92 0.8332093253968254 0.7182539682539683 0.038938492063492064 0.041005291005291
92 0.8616071428571429 0.7180886243386243 0.03373015873015873 0.040674603174603176
86 0.515625 0.8258928571428571 0.051587301587301584 0.05853174603174603
86 0.5157490079365079 0.7754629629629629 0.053323412698412696 0.046957671957671955
86 0.5694444444444444 0.7754629629629629 0.05109126984126984 0.046957671957671955
86 0.5684523809523809 0.8210978835978836 0.049107142857142856 0.05555555555555555
86 0.6218998015873016 0.8287037037037037 0.05084325396825397 0.03902116402116402
86 0.6268601190476191 0.783234126984127 0.053323412698412696 0.05588624338624339
109 0.6763392857142857 0.7848875661375662 0.047619047619047616 0.055224867724867725
109 0.6742311507936508 0.8293650793650794 0.04439484126984127 0.036375661375661374
109 0.7157738095238095 0.8273809523809523 0.04365079365079365 0.041005291005291
109 0.7182539682539683 0.783234126984127 0.04712301587301587 0.0539021164021164
329 0.7686011904761905 0.8108465608465608 0.060515873015873016 0.0873015873015873
329 0.8245287698412699 0.8042328042328042 0.057291666666666664 0.0873015873015873
96 0.10912698412698413 0.7741402116402116 0.050595238095238096 0.05423280423280423
96 0.1583581349206349 0.7762896825396826 0.05679563492063492 0.05787037037037037
271 0.20845734126984128 0.7683531746031746 0.04389880952380952 0.040013227513227514
271 0.24937996031746032 0.769510582010582 0.04389880952380952 0.04034391534391534
271 0.2874503968253968 0.7777777777777778 0.0441468253968254 0.05555555555555555
349 0.32924107142857145 0.7762896825396826 0.04538690476190476 0.05191798941798942
349 0.3725198412698413 0.7784391534391535 0.044642857142857144 0.056216931216931214
349 0.4185267857142857 0.777281746031746 0.04389880952380952 0.05324074074074074
152 0.46391369047619047 0.7769510582010583 0.04290674603174603 0.050595238095238096
152 0.4642857142857143 0.8249007936507936 0.043154761904761904 0.04728835978835979
349 0.4185267857142857 0.8272156084656085 0.04290674603174603 0.049933862433862435
349 0.3736359126984127 0.8278769841269841 0.04290674603174603 0.04728835978835979
349 0.3287450396825397 0.8268849206349206 0.04389880952380952 0.05787037037037037
271 0.2883184523809524 0.8245701058201058 0.03943452380952381 0.04265873015873016
271 0.24454365079365079 0.8176256613756614 0.047619047619047616 0.05720899470899471
271 0.2041170634920635 0.81630291005291 0.047619047619047616 0.05853174603174603
96 0.1552579365079365 0.8234126984126984 0.046130952380952384 0.04298941798941799
96 0.10912698412698413 0.8207671957671958 0.04662698412698413 0.046957671957671955
33 0.1070188492063492 0.9417989417989417 0.0662202380952381 0.08465608465608465
33 0.16989087301587302 0.9408068783068783 0.06994047619047619 0.08267195767195767
235 0.22941468253968253 0.9465939153439153 0.06349206349206349 0.0916005291005291
235 0.28509424603174605 0.9442791005291006 0.0597718253968254 0.08895502645502645
208 0.34759424603174605 0.9636243386243386 0.04439484126984127 0.056216931216931214
208 0.396453373015873 0.9644510582010583 0.03447420634920635 0.04265873015873016
208 0.39632936507936506 0.9224537037037037 0.03422619047619048 0.045965608465608467
132 0.44841269841269843 0.9214616402116402 0.054563492063492064 0.05257936507936508
132 0.5029761904761905 0.9128637566137566 0.05357142857142857 0.036044973544973546
132 0.44841269841269843 0.9646164021164021 0.052083333333333336 0.03902116402116402
132 0.5032242063492064 0.9546957671957672 0.05357142857142857 0.05886243386243386
246 0.5642361111111112 0.9186507936507936 0.05505952380952381 0.057539682539682536
246 0.6130952380952381 0.9165013227513228 0.05406746031746032 0.0539021164021164
246 0.6664186507936508 0.9133597883597884 0.05555555555555555 0.047619047619047616
246 0.7232142857142857 0.9161706349206349 0.057539682539682536 0.05324074074074074
246 0.6655505952380952 0.9560185185185185 0.05381944444444445 0.046957671957671955
246 0.7219742063492064 0.9637896825396826 0.06001984126984127 0.04332010582010582
338 0.605406746031746 0.9571759259259259 0.041666666666666664 0.034722222222222224
246 0.5633680555555556 0.9601521164021164 0.03546626984126984 0.02943121693121693
62 0.7756696428571429 0.9404761904761905 0.057291666666666664 0.10052910052910052
62 0.8213045634920635 0.9351851851851852 0.053323412698412696 0.09126984126984126
86 0.9435763888888888 0.591931216931217 0.08258928571428571 0.03571428571428571
59 0.9040178571428571 0.6861772486772487 0.04365079365079365 0.061507936507936505
59 0.9422123015873016 0.6868386243386243 0.04861111111111111 0.061507936507936505
315 0.8872767857142857 0.7971230158730159 0.04092261904761905 0.059854497354497355
315 0.9186507936507936 0.7979497354497355 0.041666666666666664 0.0582010582010582
315 0.9562251984126984 0.7982804232804233 0.04985119047619048 0.05886243386243386
