222 0.12305986696230599 0.14428191489361702 0.04804138950480414 0.061170212765957445
142 0.1688839615668884 0.14428191489361702 0.05543237250554324 0.07712765957446809
324 0.22985957132298596 0.14428191489361702 0.04878048780487805 0.07047872340425532
192 0.3070953436807095 0.1456117021276596 0.05543237250554324 0.07180851063829788
71 0.688470066518847 0.14926861702127658 0.0598669623059867 0.049867021276595744
9 0.7549889135254989 0.14926861702127658 0.05543237250554324 0.04720744680851064
344 0.852549889135255 0.1502659574468085 0.082039911308204 0.047872340425531915
1 0.9090909090909091 0.2789228723404255 0.04878048780487805 0.045877659574468085
1 0.8725055432372506 0.28158244680851063 0.0450849963045085 0.045877659574468085
225 0.7605321507760532 0.26761968085106386 0.04878048780487805 0.06316489361702128
103 0.7147080561714708 0.26761968085106386 0.04878048780487805 0.061835106382978726
248 0.6666666666666666 0.26761968085106386 0.04878048780487805 0.06449468085106383
210 0.6178861788617886 0.26761968085106386 0.04878048780487805 0.061835106382978726
165 0.5691056910569106 0.2679521276595745 0.04582409460458241 0.0598404255319149
249 0.5210643015521065 0.2702792553191489 0.04582409460458241 0.061835106382978726
196 0.4722838137472284 0.26761968085106386 0.04582409460458241 0.061835106382978726
332 0.4286770140428677 0.2679521276595745 0.04582409460458241 0.0598404255319149
111 0.3828529194382853 0.2702792553191489 0.04878048780487805 0.0538563829787234
111 0.34220251293422027 0.2699468085106383 0.04878048780487805 0.05319148936170213
111 0.2934220251293422 0.2699468085106383 0.04582409460458241 0.05319148936170213
111 0.24685883222468588 0.2702792553191489 0.04878048780487805 0.0538563829787234
111 0.2032520325203252 0.2689494680851064 0.04582409460458241 0.0538563829787234
137 0.16038433111603842 0.27293882978723405 0.04878048780487805 0.052526595744680854
137 0.11456023651145603 0.2726063829787234 0.03991130820399113 0.047872340425531915
272 0.058758314855875834 0.38863031914893614 0.06134515890613452 0.09773936170212766
272 0.09571322985957133 0.3859707446808511 0.06577974870657798 0.10039893617021277
160 0.1614929785661493 0.38863031914893614 0.056910569105691054 0.0884308510638298
160 0.21212121212121213 0.38863031914893614 0.05617147080561715 0.09242021276595745
304 0.26644493717664447 0.38996010638297873 0.0524759793052476 0.09109042553191489
304 0.31337767923133775 0.38996010638297873 0.05617147080561715 0.09242021276595745
178 0.36215816703621584 0.39228723404255317 0.04286770140428677 0.08244680851063829
178 0.4087213599408721 0.3949468085106383 0.04582409460458241 0.07845744680851063
146 0.45269770879526977 0.3986037234042553 0.04212860310421286 0.07247340425531915
146 0.48891352549889133 0.4009308510638298 0.03917220990391722 0.0678191489361702
146 0.524390243902439 0.40226063829787234 0.03917220990391722 0.0678191489361702
306 0.5813008130081301 0.3949468085106383 0.06577974870657798 0.09042553191489362
306 0.6322985957132299 0.39361702127659576 0.03917220990391722 0.09042553191489362
99 0.704730229120473 0.3859707446808511 0.09090909090909091 0.10172872340425532
98 0.7694013303769401 0.4085771276595745 0.05025868440502587 0.061835106382978726
337 0.8203991130820399 0.4109042553191489 0.04878048780487805 0.061170212765957445
334 0.8669623059866962 0.4109042553191489 0.04878048780487805 0.061170212765957445
355 0.8403547671840355 0.5319148936170213 0.05469327420546933 0.06515957446808511
184 0.7945306725794531 0.5282579787234043 0.038433111603843315 0.06449468085106383
27 0.6862527716186253 0.5332446808510638 0.07760532150776053 0.061170212765957445
189 0.6810790835181079 0.48470744680851063 0.07612712490761271 0.0425531914893617
245 0.7520325203252033 0.5272606382978723 0.05543237250554324 0.0678191489361702
282 0.5169992609016999 0.6456117021276596 0.06577974870657798 0.05851063829787234
282 0.44198078344419806 0.645279255319149 0.0827790096082779 0.0538563829787234
282 0.3662232076866223 0.6373005319148937 0.07464892830746489 0.06316489361702128
282 0.29563932002956395 0.6343085106382979 0.07390983000739099 0.07845744680851063
63 0.22505543237250555 0.6273271276595744 0.06134515890613452 0.09507978723404255
63 0.1770140428677014 0.6243351063829787 0.06134515890613452 0.0851063829787234
171 0.1293422025129342 0.6243351063829787 0.06060606060606061 0.07712765957446809
160 0.09497413155949741 0.6243351063829787 0.06577974870657798 0.07180851063829788
100 0.09940872135994087 0.7263962765957447 0.06134515890613452 0.07247340425531915
100 0.15188470066518847 0.7353723404255319 0.056910569105691054 0.08776595744680851
49 0.21729490022172948 0.7440159574468085 0.06356245380635625 0.08776595744680851
304 0.37583148558758317 0.7413563829787234 0.06577974870657798 0.09707446808510638
304 0.4482631189948263 0.7440159574468085 0.07464892830746489 0.09707446808510638
252 0.5199556541019955 0.745345744680851 0.07464892830746489 0.0851063829787234
32 0.720620842572062 0.7476728723404256 0.06356245380635625 0.0884308510638298
298 0.8976348854397634 0.8660239361702128 0.056910569105691054 0.09507978723404255
298 0.8473762010347377 0.8660239361702128 0.0524759793052476 0.08976063829787234
298 0.8008130081300813 0.8723404255319149 0.056910569105691054 0.09441489361702128
56 0.7464892830746489 0.8686835106382979 0.04878048780487805 0.09773936170212766
56 0.6954915003695491 0.8759973404255319 0.06060606060606061 0.10039893617021277
259 0.6419068736141907 0.8856382978723404 0.0524759793052476 0.07047872340425532
259 0.5938654841093866 0.8879654255319149 0.056910569105691054 0.06715425531914894
341 0.5210643015521065 0.8600398936170213 0.06208425720620843 0.09640957446808511
341 0.4597191426459719 0.8686835106382979 0.06504065040650407 0.1110372340425532
340 0.385070214338507 0.871343085106383 0.07095343680709534 0.11369680851063829
340 0.3259423503325942 0.8610372340425532 0.05617147080561715 0.09042553191489362
347 0.26940133037694014 0.8660239361702128 0.05395417590539542 0.09773936170212766
347 0.21433850702143384 0.8710106382978723 0.05617147080561715 0.09441489361702128
347 0.1607538802660754 0.8710106382978723 0.0524759793052476 0.09441489361702128
141 0.12490761271249076 0.8410904255319149 0.03991130820399113 0.08244680851063829
141 0.058758314855875834 0.8623670212765957 0.056910569105691054 0.10505319148936171
32 0.7767923133776792 0.7513297872340425 0.057649667405764965 0.08244680851063829
125 0.8503325942350333 0.7649601063829787 0.06577974870657798 0.06715425531914894
49 0.32261640798226165 0.7367021276595744 0.05395417590539542 0.08776595744680851
49 0.2738359201773836 0.7353723404255319 0.056910569105691054 0.0851063829787234
314 0.5365853658536586 0.14694148936170212 0.06651884700665188 0.05053191489361702
126 0.6127124907612712 0.14860372340425532 0.06947524020694752 0.04853723404255319
200 0.9364375461936437 0.10272606382978723 0.08130081300813008 0.0538563829787234
200 0.9364375461936437 0.14993351063829788 0.07686622320768663 0.04188829787234043
46 0.6053215077605322 0.5093085106382979 0.08130081300813008 0.041223404255319146
46 0.6053215077605322 0.5448803191489362 0.07982261640798226 0.03125
87 0.5229120473022912 0.508311170212766 0.06873614190687362 0.04055851063829787
87 0.524390243902439 0.5438829787234043 0.06873614190687362 0.030585106382978722
247 0.3259423503325942 0.511968085106383 0.059127864005912786 0.09042553191489362
151 0.2058388765705839 0.5099734042553191 0.06134515890613452 0.09308510638297872
151 0.16186252771618626 0.5152925531914894 0.03991130820399113 0.0797872340425532
83 0.6304508499630451 0.6050531914893617 0.04878048780487805 0.043882978723404256
83 0.6337767923133777 0.652593085106383 0.0524759793052476 0.0538563829787234
89 0.5779748706577975 0.652593085106383 0.051736881005173686 0.04853723404255319
189 0.7283813747228381 0.6283244680851063 0.08056171470805618 0.0425531914893617
189 0.7320768662232077 0.6638962765957447 0.07612712490761271 0.032579787234042555
45 0.8155949741315595 0.6638962765957447 0.0835181079083518 0.0339095744680851
45 0.8141167775314117 0.6279920212765957 0.08647450110864745 0.04188829787234043
173 0.9061345158906134 0.6615691489361702 0.09164818920916482 0.04521276595744681
173 0.8987435328898744 0.6230053191489362 0.07982261640798226 0.034574468085106384
20 0.6223207686622321 0.7207446808510638 0.05025868440502587 0.04521276595744681
20 0.6189948263118995 0.7672872340425532 0.04656319290465632 0.05053191489361702
215 0.6703621581670363 0.7719414893617021 0.05321507760532151 0.05319148936170213
40 0.38470066518847007 0.5129654255319149 0.04804138950480414 0.09109042553191489
40 0.45713229859571325 0.5129654255319149 0.04804138950480414 0.0884308510638298
