191 0.05592757936507937 0.115244708994709 0.11185515873015874 0.17096560846560846
191 0.14260912698412698 0.11441798941798942 0.12946428571428573 0.17195767195767195
197 0.25297619047619047 0.11722883597883597 0.10962301587301587 0.15443121693121692
187 0.42584325396825395 0.115244708994709 0.09325396825396826 0.15906084656084657
187 0.5068204365079365 0.11425264550264551 0.09350198412698413 0.1583994708994709
23 0.595734126984127 0.10846560846560846 0.09573412698412699 0.17195767195767195
23 0.6651785714285714 0.11144179894179894 0.06696428571428571 0.15608465608465608
355 0.8076636904761905 0.115244708994709 0.07663690476190477 0.144510582010582
308 0.7431795634920635 0.12797619047619047 0.10689484126984126 0.12566137566137567
75 0.9847470238095238 0.2822420634920635 0.03050595238095238 0.12665343915343916
75 0.9248511904761905 0.283234126984127 0.07192460317460317 0.12268518518518519
194 0.863219246031746 0.28521825396825395 0.06671626984126984 0.12136243386243387
194 0.8125 0.28621031746031744 0.06398809523809523 0.12136243386243387
342 0.7501240079365079 0.328042328042328 0.08655753968253968 0.1474867724867725
342 0.6778273809523809 0.33201058201058203 0.08432539682539683 0.1474867724867725
30 0.5997023809523809 0.328207671957672 0.08432539682539683 0.16567460317460317
30 0.519593253968254 0.330026455026455 0.08779761904761904 0.16666666666666666
121 0.431671626984127 0.33101851851851855 0.09151785714285714 0.17195767195767195
121 0.3583829365079365 0.333994708994709 0.09474206349206349 0.17328042328042328
53 0.275421626984127 0.34953703703703703 0.10094246031746032 0.1474867724867725
53 0.1884920634920635 0.351521164021164 0.10416666666666667 0.1474867724867725
53 0.09077380952380952 0.357473544973545 0.11755952380952381 0.14947089947089948
29 0.10751488095238096 0.5557208994708994 0.11681547619047619 0.16633597883597884
29 0.19444444444444445 0.5519179894179894 0.10664682539682539 0.16666666666666666
29 0.28125 0.5390211640211641 0.09573412698412699 0.16666666666666666
29 0.3585069444444444 0.5342261904761905 0.09350198412698413 0.15906084656084657
162 0.41790674603174605 0.5362103174603174 0.04513888888888889 0.14186507936507936
162 0.46887400793650796 0.5391865079365079 0.0900297619047619 0.13392857142857142
162 0.525421626984127 0.5324074074074074 0.0597718253968254 0.13756613756613756
97 0.589905753968254 0.5254629629629629 0.0845734126984127 0.1474867724867725
97 0.658234126984127 0.5205026455026455 0.08432539682539683 0.13756613756613756
97 0.7255704365079365 0.515707671957672 0.0845734126984127 0.14186507936507936
50 0.7998511904761905 0.6729497354497355 0.0689484126984127 0.1283068783068783
108 0.9773065476190477 0.65625 0.04538690476190476 0.12202380952380952
78 0.9815228174603174 0.5401785714285714 0.03695436507936508 0.103505291005291
78 0.951140873015873 0.5335648148148148 0.05803571428571429 0.103505291005291
47 0.902405753968254 0.5342261904761905 0.06274801587301587 0.10813492063492064
14 0.9614335317460317 0.40922619047619047 0.07217261904761904 0.11673280423280423
223 0.869171626984127 0.4130291005291005 0.06671626984126984 0.12103174603174603
223 0.8213045634920635 0.416005291005291 0.07465277777777778 0.11177248677248677
181 0.7286706349206349 0.671957671957672 0.08134920634920635 0.1421957671957672
181 0.6630704365079365 0.675760582010582 0.07465277777777778 0.14186507936507936
181 0.5967261904761905 0.68369708994709 0.08333333333333333 0.144510582010582
130 0.5215773809523809 0.6865079365079365 0.08432539682539683 0.15145502645502645
130 0.4463045634920635 0.6944444444444444 0.0845734126984127 0.15608465608465608
34 0.369171626984127 0.6954365079365079 0.0845734126984127 0.14947089947089948
34 0.29985119047619047 0.6924603174603174 0.08432539682539683 0.13756613756613756
34 0.22172619047619047 0.7109788359788359 0.09325396825396826 0.15542328042328044
34 0.1328125 0.728505291005291 0.11383928571428571 0.16666666666666666
85 0.6748511904761905 0.8134920634920635 0.06646825396825397 0.1164021164021164
85 0.730530753968254 0.8057208994708994 0.06671626984126984 0.11144179894179894
7 0.7958829365079365 0.8497023809523809 0.07192460317460317 0.13723544973544974
7 0.8485863095238095 0.8467261904761905 0.06671626984126984 0.13128306878306878
164 0.8839285714285714 0.10747354497354497 0.07341269841269842 0.15608465608465608
218 0.14955357142857142 0.9297288359788359 0.09672619047619048 0.14054232804232805
218 0.23028273809523808 0.9252645502645502 0.09499007936507936 0.14947089947089948
218 0.3080357142857143 0.9204695767195767 0.09027777777777778 0.15906084656084657
218 0.38231646825396826 0.9153439153439153 0.08606150793650794 0.1693121693121693
205 0.4556051587301587 0.8683862433862434 0.07390873015873016 0.17923280423280424
205 0.5270337301587301 0.8983134920634921 0.07837301587301587 0.17691798941798942
205 0.5954861111111112 0.8835978835978836 0.07886904761904762 0.18386243386243387
85 0.6772073412698413 0.8831018518518519 0.060267857142857144 0.05720899470899471
85 0.7217261904761905 0.8809523809523809 0.053075396825396824 0.05291005291005291
330 0.8317212301587301 0.658234126984127 0.04538690476190476 0.10482804232804233
355 0.8940972222222222 0.6636904761904762 0.07390873015873016 0.11044973544973545
355 0.9332837301587301 0.6569113756613757 0.051587301587301584 0.11210317460317461
