47 0.030208333333333334 0.31328125 0.06041666666666667 0.096875
305 0.16197916666666667 0.312109375 0.103125 0.10390625
117 0.43854166666666666 0.310546875 0.10625 0.11484375
78 0.6473958333333333 0.30859375 0.12395833333333334 0.128125
47 0.7677083333333333 0.309375 0.1375 0.13125
315 0.8885416666666667 0.316015625 0.13541666666666666 0.11953125
315 0.9697916666666667 0.31796875 0.06041666666666667 0.1171875
164 0.030208333333333334 0.46640625 0.06041666666666667 0.1203125
14 0.16770833333333332 0.4859375 0.09375 0.1109375
328 0.259375 0.491796875 0.1 0.11484375
260 0.40729166666666666 0.45390625 0.09583333333333334 0.1
260 0.4822916666666667 0.455859375 0.09583333333333334 0.10078125
61 0.5739583333333333 0.462890625 0.1 0.10390625
61 0.665625 0.46640625 0.10833333333333334 0.1109375
201 0.7625 0.474609375 0.10625 0.10390625
261 0.8776041666666666 0.4390625 0.08854166666666667 0.078125
261 0.9572916666666667 0.47734375 0.08541666666666667 0.121875
108 0.43802083333333336 0.569921875 0.11145833333333334 0.11484375
108 0.5395833333333333 0.576953125 0.10625 0.12109375
7 0.653125 0.591796875 0.11458333333333333 0.12421875
15 0.7739583333333333 0.605078125 0.14166666666666666 0.12421875
85 0.7625 0.92734375 0.15625 0.1453125
85 0.8515625 0.92578125 0.13645833333333332 0.1484375
214 0.5338541666666666 0.72734375 0.090625 0.0984375
205 0.05364583333333333 0.779296875 0.10729166666666666 0.15390625
205 0.11510416666666666 0.795703125 0.109375 0.15390625
205 0.21145833333333333 0.82109375 0.11458333333333333 0.1609375
35 0.31614583333333335 0.847265625 0.128125 0.16171875
214 0.621875 0.72734375 0.10833333333333334 0.1234375
194 0.9546875 0.05546875 0.090625 0.1109375
194 0.6635416666666667 0.076171875 0.14791666666666667 0.15234375
75 0.4322916666666667 0.0859375 0.12083333333333333 0.1390625
130 0.3697916666666667 0.076171875 0.07083333333333333 0.15234375
130 0.2833333333333333 0.080078125 0.16041666666666668 0.16015625
130 0.15572916666666667 0.080078125 0.15104166666666666 0.16015625
29 0.06197916666666667 0.105078125 0.12395833333333334 0.16015625
47 0.07708333333333334 0.3125 0.09791666666666667 0.1046875
305 0.2557291666666667 0.31328125 0.10520833333333333 0.109375
78 0.5390625 0.312109375 0.109375 0.12421875
75 0.5369791666666667 0.07890625 0.14895833333333333 0.1578125
117 0.359375 0.31328125 0.13541666666666666 0.1140625
186 0.853125 0.758203125 0.07916666666666666 0.07109375
186 0.8505208333333333 0.800390625 0.078125 0.05703125
186 0.9239583333333333 0.81015625 0.08333333333333333 0.0703125
186 0.9286458333333333 0.770703125 0.08020833333333334 0.06953125
268 0.9526041666666667 0.6078125 0.08229166666666667 0.06875
268 0.9494791666666667 0.649609375 0.08645833333333333 0.06640625
268 0.8734375 0.6421875 0.07395833333333333 0.0640625
181 0.31302083333333336 0.67421875 0.13020833333333334 0.140625
181 0.21822916666666667 0.657421875 0.13854166666666667 0.14609375
97 0.03802083333333333 0.6359375 0.07395833333333333 0.1203125
181 0.10989583333333333 0.646484375 0.10520833333333333 0.13515625
194 0.8145833333333333 0.07109375 0.15625 0.1421875
