1 0.02513227513227513 0.09337797619047619 0.0496031746031746 0.04389880952380952
1 0.07688492063492064 0.09635416666666667 0.0625 0.05580357142857143
65 0.14351851851851852 0.07192460317460317 0.08134920634920635 0.1076388888888889
65 0.2175925925925926 0.06907242063492064 0.07804232804232804 0.11284722222222222
352 0.8797949735449735 0.19977678571428573 0.0796957671957672 0.0845734126984127
177 0.7997685185185185 0.20076884920634921 0.0796957671957672 0.08804563492063493
355 0.716765873015873 0.20672123015873015 0.07175925925925926 0.07762896825396826
355 0.6502976190476191 0.20870535714285715 0.07043650793650794 0.07762896825396826
355 0.5770502645502645 0.20969742063492064 0.0701058201058201 0.07762896825396826
89 0.5008267195767195 0.21155753968253968 0.08498677248677249 0.07291666666666667
215 0.40988756613756616 0.21937003968253968 0.08564814814814815 0.06125992063492063
20 0.3298611111111111 0.22420634920634921 0.08035714285714286 0.06001984126984127
20 0.2508267195767196 0.22433035714285715 0.08564814814814815 0.05580357142857143
19 0.14930555555555555 0.21937003968253968 0.10681216931216932 0.07465277777777778
87 0.27976190476190477 0.3451140873015873 0.09126984126984126 0.05580357142857143
174 0.390542328042328 0.3443700396825397 0.12037037037037036 0.05580357142857143
174 0.3923611111111111 0.2984871031746032 0.10681216931216932 0.038938492063492064
297 0.5233134920634921 0.3023313492063492 0.11871693121693122 0.04712301587301587
297 0.5231481481481481 0.3443700396825397 0.1302910052910053 0.04836309523809524
46 0.6443452380952381 0.3443700396825397 0.1087962962962963 0.043402777777777776
46 0.6541005291005291 0.30245535714285715 0.12103174603174603 0.04985119047619048
46 0.7791005291005291 0.3004712301587302 0.12367724867724868 0.05084325396825397
334 0.876818783068783 0.31907242063492064 0.0796957671957672 0.0835813492063492
46 0.794808201058201 0.3443700396825397 0.11342592592592593 0.04241071428571429
173 0.7126322751322751 0.4645337301587302 0.10251322751322751 0.04563492063492063
173 0.8318452380952381 0.4254712301587302 0.1359126984126984 0.04836309523809524
173 0.8308531746031746 0.4693700396825397 0.12202380952380952 0.04290674603174603
309 0.6023478835978836 0.4303075396825397 0.11342592592592593 0.044642857142857144
309 0.6033399470899471 0.4693700396825397 0.11011904761904762 0.043402777777777776
192 0.1962632275132275 0.46924603174603174 0.0796957671957672 0.07390873015873016
192 0.13078703703703703 0.4615575396825397 0.0796957671957672 0.07787698412698413
142 0.0398478835978836 0.4654017857142857 0.0796957671957672 0.07564484126984126
27 0.320271164021164 0.5719246031746031 0.10681216931216932 0.05555555555555555
189 0.404265873015873 0.5815972222222222 0.10681216931216932 0.043154761904761904
355 0.5066137566137566 0.5484871031746031 0.09656084656084656 0.03695436507936508
355 0.5042989417989417 0.5825892857142857 0.09656084656084656 0.0441468253968254
355 0.6091269841269841 0.5465029761904762 0.10251322751322751 0.038938492063492064
355 0.6081349206349206 0.5747767857142857 0.09986772486772487 0.038938492063492064
355 0.7127976190476191 0.5445188492063492 0.10945767195767196 0.03695436507936508
355 0.7106481481481481 0.5749007936507936 0.10251322751322751 0.042162698412698416
355 0.8103505291005291 0.5445188492063492 0.11342592592592593 0.03695436507936508
355 0.812334656084656 0.5817212301587301 0.11342592592592593 0.038938492063492064
56 0.808531746031746 0.6685267857142857 0.10251322751322751 0.07911706349206349
56 0.7508267195767195 0.6655505952380952 0.08035714285714286 0.07614087301587301
56 0.6843584656084656 0.6646825396825397 0.07903439153439154 0.0763888888888889
169 0.6033399470899471 0.6696428571428571 0.08564814814814815 0.0679563492063492
169 0.5153769841269841 0.6695188492063492 0.08564814814814815 0.06522817460317461
169 0.44130291005291006 0.6686507936507936 0.08564814814814815 0.0679563492063492
32 0.35631613756613756 0.6646825396825397 0.07506613756613757 0.07291666666666667
32 0.296792328042328 0.6646825396825397 0.07175925925925926 0.0679563492063492
340 0.20304232804232805 0.6803075396825397 0.09325396825396826 0.08680555555555555
340 0.11210317460317461 0.6822916666666666 0.09325396825396826 0.0882936507936508
63 0.031084656084656083 0.6861359126984127 0.062169312169312166 0.08754960317460317
298 0.44130291005291006 0.7593005952380952 0.09358465608465609 0.07217261904761904
298 0.5233134920634921 0.7593005952380952 0.07043650793650794 0.07316468253968254
298 0.59375 0.7593005952380952 0.07175925925925926 0.07316468253968254
259 0.6668320105820106 0.7642609126984127 0.06845238095238096 0.06522817460317461
259 0.7371031746031746 0.7672371031746031 0.0701058201058201 0.06572420634920635
259 0.8025793650793651 0.7682291666666666 0.07142857142857142 0.061755952380952384
282 0.5233134920634921 0.9038938492063492 0.08895502645502645 0.09350198412698413
282 0.435515873015873 0.9126984126984127 0.0958994708994709 0.07936507936507936
171 0.1463293650793651 0.9000496031746031 0.06382275132275132 0.0679563492063492
171 0.08581349206349206 0.8980654761904762 0.0796957671957672 0.0679563492063492
171 0.028108465608465607 0.9000496031746031 0.056216931216931214 0.06597222222222222
171 0.02513227513227513 0.8131200396825397 0.05026455026455026 0.06473214285714286
171 0.07688492063492064 0.8121279761904762 0.06382275132275132 0.07415674603174603
171 0.13855820105820105 0.8101438492063492 0.0701058201058201 0.07068452380952381
355 0.3817791005291005 0.7662450396825397 0.06382275132275132 0.06820436507936507
54 0.718584656084656 0.8864087301587301 0.09325396825396826 0.09623015873015874
54 0.796792328042328 0.8952132936507936 0.0796957671957672 0.10987103174603174
355 0.31712962962962965 0.7633928571428571 0.06283068783068783 0.07738095238095238
282 0.47784391534391535 0.8518105158730159 0.09788359788359788 0.051835317460317464
54 0.6245039682539683 0.8990575396825397 0.08961640211640212 0.08878968253968254
325 0.22156084656084657 0.5749007936507936 0.057539682539682536 0.07490079365079365
325 0.17063492063492064 0.5776289682539683 0.04828042328042328 0.0818452380952381
178 0.10929232804232804 0.5720486111111112 0.06183862433862434 0.09052579365079365
178 0.051421957671957674 0.5739087301587301 0.06382275132275132 0.09275793650793651
71 0.05191798941798942 0.21924603174603174 0.0958994708994709 0.07192460317460317
122 0.2781084656084656 0.43936011904761907 0.10119047619047619 0.04290674603174603
122 0.37433862433862436 0.43936011904761907 0.09854497354497355 0.043402777777777776
122 0.37549603174603174 0.4756944444444444 0.09623015873015874 0.03125
122 0.2789351851851852 0.47532242063492064 0.09358465608465609 0.03249007936507937
173 0.4837962962962963 0.4337797619047619 0.1111111111111111 0.043154761904761904
45 0.4849537037037037 0.4723462301587302 0.10813492063492064 0.03447420634920635
