177 0.09854497354497355 0.20672123015873015 0.10582010582010581 0.11979166666666667
334 0.20304232804232805 0.21155753968253968 0.10251322751322751 0.11755952380952381
352 0.310515873015873 0.21812996031746032 0.10251322751322751 0.1158234126984127
245 0.40327380952380953 0.22135416666666666 0.08564814814814815 0.10143849206349206
184 0.4880952380952381 0.22420634920634921 0.09656084656084656 0.10416666666666667
122 0.5995370370370371 0.15004960317460317 0.1402116402116402 0.06646825396825397
122 0.5993716931216931 0.20969742063492064 0.13128306878306878 0.06324404761904762
122 0.5993716931216931 0.2564484126984127 0.13921957671957672 0.051587301587301584
238 0.7371031746031746 0.21552579365079366 0.1302910052910053 0.06001984126984127
238 0.7341269841269841 0.2594246031746032 0.12037037037037036 0.053075396825396824
281 0.843584656084656 0.16468253968253968 0.12433862433862433 0.09474206349206349
71 0.9500661375661376 0.1626984126984127 0.09986772486772487 0.08035714285714286
71 0.9442791005291006 0.2486359126984127 0.10813492063492064 0.09052579365079365
281 0.8485449735449735 0.24280753968253968 0.10978835978835978 0.08878968253968254
24 0.8700396825396826 0.3892609126984127 0.09656084656084656 0.0716765873015873
215 0.783068783068783 0.3882688492063492 0.09656084656084656 0.07316468253968254
89 0.6980820105820106 0.3892609126984127 0.09656084656084656 0.07018849206349206
83 0.6025132275132276 0.3882688492063492 0.09656084656084656 0.07217261904761904
83 0.59755291005291 0.4565972222222222 0.10251322751322751 0.0679563492063492
89 0.6941137566137566 0.4547371031746032 0.09656084656084656 0.06820436507936507
215 0.781084656084656 0.4537450396825397 0.09656084656084656 0.06374007936507936
24 0.8690476190476191 0.4517609126984127 0.08862433862433862 0.06374007936507936
355 0.9730489417989417 0.44494047619047616 0.0539021164021164 0.07142857142857142
87 0.9041005291005291 0.6003224206349206 0.12764550264550265 0.06324404761904762
87 0.9041005291005291 0.6421130952380952 0.11177248677248677 0.047619047619047616
46 0.7880291005291006 0.6314484126984127 0.12037037037037036 0.044642857142857144
46 0.7858796296296297 0.5905257936507936 0.1259920634920635 0.047619047619047616
46 0.783068783068783 0.5445188492063492 0.13558201058201058 0.054811507936507936
297 0.656084656084656 0.5484871031746031 0.13558201058201058 0.054811507936507936
297 0.656084656084656 0.5905257936507936 0.13293650793650794 0.050595238095238096
297 0.656084656084656 0.6344246031746031 0.13095238095238096 0.050595238095238096
173 0.5340608465608465 0.6460813492063492 0.11177248677248677 0.04563492063492063
173 0.527281746031746 0.5973462301587301 0.11871693121693122 0.05282738095238095
173 0.5252976190476191 0.5465029761904762 0.13128306878306878 0.05679563492063492
309 0.36706349206349204 0.5484871031746031 0.13558201058201058 0.06076388888888889
309 0.36706349206349204 0.6031746031746031 0.13293650793650794 0.05853174603174603
309 0.36706349206349204 0.6500496031746031 0.13955026455026456 0.053075396825396824
355 0.17162698412698413 0.4625496031746032 0.16137566137566137 0.06299603174603174
355 0.1648478835978836 0.4078621031746032 0.1531084656084656 0.048859126984126984
355 0.1648478835978836 0.3560267857142857 0.1550925925925926 0.05580357142857143
225 0.9803240740740741 0.6754712301587301 0.03935185185185185 0.03050595238095238
298 0.21957671957671956 0.9626736111111112 0.11375661375661375 0.07465277777777778
56 0.32705026455026454 0.7642609126984127 0.09325396825396826 0.11731150793650794
27 0.1939484126984127 0.7957589285714286 0.15046296296296297 0.0726686507936508
45 0.16765873015873015 0.5549355158730159 0.164021164021164 0.056299603174603176
45 0.167989417989418 0.6078869047619048 0.17328042328042328 0.05406746031746032
87 0.17410714285714285 0.6584821428571429 0.16898148148148148 0.05803571428571429
282 0.6200396825396826 0.9593253968253969 0.1164021164021164 0.07490079365079365
282 0.5241402116402116 0.9585813492063492 0.11838624338624339 0.08283730158730158
282 0.7043650793650794 0.9412202380952381 0.05555555555555555 0.06944444444444445
40 0.7845568783068783 0.9009176587301587 0.045304232804232805 0.07564484126984126
40 0.8290343915343915 0.8901289682539683 0.07208994708994709 0.10367063492063493
40 0.894510582010582 0.8865327380952381 0.0667989417989418 0.08258928571428571
266 0.6021825396825397 0.7492559523809523 0.09259259259259259 0.09424603174603174
266 0.5062830687830688 0.7540922619047619 0.10317460317460317 0.08804563492063493
355 0.33465608465608465 0.3599950396825397 0.14484126984126985 0.060267857142857144
355 0.33465608465608465 0.4156746031746032 0.14087301587301587 0.05505952380952381
355 0.33465608465608465 0.46242559523809523 0.12235449735449735 0.051835317460317464
27 0.48032407407407407 0.46403769841269843 0.13260582010582012 0.04662698412698413
27 0.48048941798941797 0.41555059523809523 0.1335978835978836 0.05381944444444445
27 0.48131613756613756 0.361359126984127 0.13988095238095238 0.057539682539682536
259 0.6952711640211641 0.7426835317460317 0.07903439153439154 0.07911706349206349
259 0.7658730158730159 0.7428075396825397 0.08333333333333333 0.07886904761904762
298 0.27397486772486773 0.916046626984127 0.0710978835978836 0.09399801587301587
