80 0.11883223684210527 0.7085427135678392 0.18174342105263158 0.0763819095477387
80 0.11554276315789473 0.6658291457286433 0.171875 0.07537688442211055
80 0.11389802631578948 0.621608040201005 0.171875 0.0814070351758794
80 0.11389802631578948 0.5663316582914573 0.1768092105263158 0.08743718592964825
80 0.2643914473684211 0.5457286432160804 0.13733552631578946 0.06432160804020101
80 0.2643914473684211 0.5989949748743718 0.14720394736842105 0.06432160804020101
80 0.2676809210526316 0.6492462311557788 0.14720394736842105 0.06432160804020101
80 0.2676809210526316 0.699497487437186 0.14226973684210525 0.06633165829145729
232 0.06044407894736842 0.04773869346733668 0.09786184210526316 0.0592964824120603
232 0.14884868421052633 0.052763819095477386 0.09539473684210527 0.061306532663316586
232 0.06126644736842105 0.09045226130653267 0.09950657894736842 0.054271356783919596
232 0.15090460526315788 0.09346733668341708 0.0962171052631579 0.05628140703517588
232 0.06126644736842105 0.12864321608040202 0.0962171052631579 0.04824120603015075
232 0.1484375 0.13015075376884422 0.0962171052631579 0.04522613065326633
232 0.24136513157894737 0.1 0.08470394736842106 0.05527638190954774
232 0.2421875 0.13819095477386933 0.08634868421052631 0.04723618090452261
232 0.3120888157894737 0.06080402010050251 0.07976973684210527 0.05527638190954774
232 0.3125 0.10201005025125628 0.07401315789473684 0.053266331658291456
232 0.3203125 0.13969849246231156 0.08470394736842106 0.04623115577889447
232 0.3996710526315789 0.07035175879396985 0.08223684210526316 0.05628140703517588
232 0.4732730263157895 0.07236180904522613 0.08141447368421052 0.054271356783919596
232 0.5464638157894737 0.07336683417085427 0.08141447368421052 0.054271356783919596
232 0.545641447368421 0.11155778894472362 0.08141447368421052 0.05226130653266332
232 0.47286184210526316 0.11105527638190955 0.0805921052631579 0.04924623115577889
232 0.3996710526315789 0.10804020100502512 0.08223684210526316 0.05125628140703518
232 0.3963815789473684 0.14321608040201006 0.0756578947368421 0.04321608040201005
232 0.47162828947368424 0.14321608040201006 0.078125 0.03919597989949749
232 0.5435855263157895 0.1442211055276382 0.07401315789473684 0.04120603015075377
232 0.6147203947368421 0.11105527638190955 0.06825657894736842 0.03919597989949749
232 0.6151315789473685 0.1457286432160804 0.06907894736842106 0.036180904522613064
139 0.6928453947368421 0.12060301507537688 0.05180921052631579 0.05226130653266332
139 0.7446546052631579 0.12311557788944724 0.07319078947368421 0.05125628140703518
139 0.8071546052631579 0.12613065326633166 0.07154605263157894 0.05125628140703518
139 0.8667763157894737 0.12814070351758794 0.06907894736842106 0.04924623115577889
139 0.8663651315789473 0.16130653266331657 0.06825657894736842 0.04321608040201005
139 0.8063322368421053 0.15829145728643215 0.0649671052631579 0.04321608040201005
139 0.7438322368421053 0.15678391959798996 0.07319078947368421 0.04623115577889447
139 0.6920230263157895 0.15577889447236182 0.05016447368421053 0.04623115577889447
213 0.6895559210526315 0.2150753768844221 0.04523026315789474 0.04824120603015075
213 0.8030427631578947 0.21909547738693466 0.07319078947368421 0.04824120603015075
213 0.8610197368421053 0.21959798994974875 0.06578947368421052 0.04723618090452261
213 0.9202302631578947 0.2201005025125628 0.06578947368421052 0.04623115577889447
213 0.9708059210526315 0.2236180904522613 0.05838815789473684 0.04522613065326633
213 0.9720394736842105 0.2552763819095477 0.05592105263157895 0.044221105527638194
213 0.9210526315789473 0.2542713567839196 0.06578947368421052 0.044221105527638194
213 0.8634868421052632 0.2542713567839196 0.06907894736842106 0.04623115577889447
213 0.8026315789473685 0.2542713567839196 0.0756578947368421 0.04623115577889447
213 0.735608552631579 0.2522613065326633 0.07319078947368421 0.04623115577889447
213 0.6891447368421053 0.25175879396984924 0.04276315789473684 0.04723618090452261
213 0.688733552631579 0.28693467336683415 0.04523026315789474 0.04723618090452261
213 0.7372532894736842 0.28693467336683415 0.07154605263157894 0.04522613065326633
213 0.8022203947368421 0.2879396984924623 0.07319078947368421 0.04321608040201005
213 0.8626644736842105 0.28743718592964823 0.06743421052631579 0.04221105527638191
213 0.9214638157894737 0.28693467336683415 0.06661184210526316 0.04321608040201005
213 0.9724506578947368 0.28743718592964823 0.055098684210526314 0.04221105527638191
213 0.7384868421052632 0.21658291457286433 0.07401315789473684 0.04924623115577889
72 0.08963815789473684 0.2 0.17269736842105263 0.05628140703517588
72 0.09251644736842106 0.24321608040201004 0.1768092105263158 0.05226130653266332
72 0.0962171052631579 0.2834170854271357 0.17598684210526316 0.05025125628140704
72 0.24958881578947367 0.2065326633165829 0.16365131578947367 0.053266331658291456
72 0.2578125 0.24623115577889448 0.16365131578947367 0.05025125628140704
72 0.25863486842105265 0.28492462311557787 0.16200657894736842 0.04723618090452261
72 0.40995065789473684 0.21155778894472363 0.16529605263157895 0.05125628140703518
72 0.40995065789473684 0.24974874371859296 0.15378289473684212 0.04723618090452261
72 0.41036184210526316 0.2864321608040201 0.14967105263157895 0.04623115577889447
72 0.548108552631579 0.21457286432160805 0.1455592105263158 0.04723618090452261
72 0.5509868421052632 0.2522613065326633 0.14473684210526316 0.04623115577889447
72 0.5505756578947368 0.2864321608040201 0.14391447368421054 0.044221105527638194
193 0.062088815789473686 0.42412060301507537 0.09786184210526316 0.054271356783919596
193 0.1513157894736842 0.421105527638191 0.09375 0.05226130653266332
193 0.23519736842105263 0.41959798994974873 0.08717105263157894 0.053266331658291456
193 0.31167763157894735 0.41708542713567837 0.07894736842105263 0.05025125628140704
193 0.2989309210526316 0.4577889447236181 0.055098684210526314 0.04723618090452261
193 0.23314144736842105 0.4592964824120603 0.08799342105263158 0.04824120603015075
193 0.14802631578947367 0.46080402010050253 0.09210526315789473 0.04522613065326633
193 0.05879934210526316 0.4623115577889447 0.09786184210526316 0.04221105527638191
193 0.39679276315789475 0.41457286432160806 0.07648026315789473 0.04924623115577889
193 0.4666940789473684 0.4125628140703518 0.08141447368421052 0.04723618090452261
193 0.537828947368421 0.4115577889447236 0.07730263157894737 0.04522613065326633
193 0.6073190789473685 0.41105527638190953 0.07483552631578948 0.044221105527638194
193 0.6077302631578947 0.4452261306532663 0.0756578947368421 0.04623115577889447
193 0.5382401315789473 0.4482412060301508 0.078125 0.04623115577889447
193 0.4662828947368421 0.4507537688442211 0.07730263157894737 0.04723618090452261
193 0.40707236842105265 0.45326633165829144 0.05263157894736842 0.04623115577889447
283 0.7245065789473685 0.4040201005025126 0.1118421052631579 0.05025125628140704
283 0.7249177631578947 0.4371859296482412 0.11266447368421052 0.04020100502512563
283 0.8318256578947368 0.4321608040201005 0.13075657894736842 0.05025125628140704
283 0.9337993421052632 0.39798994974874374 0.13240131578947367 0.04824120603015075
283 0.9671052631578947 0.4306532663316583 0.06578947368421052 0.04120603015075377
275 0.8207236842105263 0.5115577889447236 0.1299342105263158 0.054271356783919596
104 0.8186677631578947 0.5492462311557789 0.12911184210526316 0.04924623115577889
275 0.819078947368421 0.5824120603015075 0.12828947368421054 0.04924623115577889
275 0.819078947368421 0.6155778894472361 0.1299342105263158 0.04924623115577889
275 0.8162006578947368 0.6381909547738693 0.1225328947368421 0.02814070351758794
275 0.7138157894736842 0.6542713567839196 0.08552631578947369 0.044221105527638194
275 0.7138157894736842 0.6226130653266332 0.09046052631578948 0.04522613065326633
275 0.7150493421052632 0.5884422110552764 0.09292763157894737 0.04723618090452261
275 0.7171052631578947 0.5537688442211055 0.09375 0.044221105527638194
275 0.7179276315789473 0.5150753768844221 0.09703947368421052 0.04924623115577889
275 0.9395559210526315 0.5040201005025126 0.11759868421052631 0.04723618090452261
275 0.9403782894736842 0.5407035175879397 0.11595394736842106 0.04824120603015075
275 0.9412006578947368 0.5723618090452262 0.11595394736842106 0.04723618090452261
275 0.9412006578947368 0.6050251256281407 0.11430921052631579 0.04824120603015075
275 0.9412006578947368 0.6361809045226131 0.11430921052631579 0.04824120603015075
80 0.5592105263157895 0.5336683417085427 0.14309210526315788 0.04824120603015075
80 0.5555098684210527 0.5658291457286432 0.140625 0.054271356783919596
80 0.5571546052631579 0.6020100502512563 0.140625 0.05628140703517588
80 0.5579769736842105 0.6376884422110553 0.140625 0.05527638190954774
80 0.5579769736842105 0.6708542713567839 0.140625 0.053266331658291456
80 0.42269736842105265 0.678391959798995 0.14638157894736842 0.03819095477386935
80 0.42269736842105265 0.650251256281407 0.14473684210526316 0.054271356783919596
80 0.42269736842105265 0.6155778894472361 0.14309210526315788 0.053266331658291456
80 0.42269736842105265 0.5773869346733669 0.14309210526315788 0.05527638190954774
80 0.42351973684210525 0.5381909547738694 0.14967105263157895 0.05728643216080402
275 0.7265625 0.7618090452261307 0.11266447368421052 0.06432160804020101
275 0.727796052631579 0.8010050251256281 0.11348684210526316 0.05025125628140704
275 0.7290296052631579 0.8371859296482412 0.11595394736842106 0.054271356783919596
275 0.7298519736842105 0.8733668341708543 0.11759868421052631 0.05226130653266332
275 0.8462171052631579 0.8562814070351759 0.12171052631578948 0.05025125628140704
275 0.84375 0.8231155778894472 0.12171052631578948 0.05025125628140704
275 0.8429276315789473 0.7899497487437186 0.12171052631578948 0.04824120603015075
275 0.8388157894736842 0.7492462311557789 0.11677631578947369 0.05527638190954774
275 0.9510690789473685 0.7376884422110552 0.09786184210526316 0.05628140703517588
275 0.9523026315789473 0.7773869346733668 0.09539473684210527 0.05728643216080402
275 0.9535361842105263 0.8085427135678392 0.09292763157894737 0.04924623115577889
275 0.9539473684210527 0.8412060301507538 0.09210526315789473 0.04623115577889447
80 0.44037828947368424 0.7547738693467336 0.13240131578947367 0.062311557788944726
80 0.44037828947368424 0.7909547738693468 0.13240131578947367 0.05025125628140704
80 0.4465460526315789 0.8361809045226131 0.14473684210526316 0.06633165829145729
80 0.4465460526315789 0.8839195979899498 0.14473684210526316 0.06532663316582915
80 0.44695723684210525 0.9165829145728643 0.1455592105263158 0.05628140703517588
80 0.5703125 0.7381909547738693 0.12417763157894737 0.05125628140703518
80 0.5855263157894737 0.7809045226130653 0.12664473684210525 0.06633165829145729
80 0.5851151315789473 0.8236180904522613 0.12582236842105263 0.05728643216080402
80 0.5879934210526315 0.8608040201005025 0.13157894736842105 0.0592964824120603
80 0.5892269736842105 0.8919597989949749 0.13075657894736842 0.05125628140703518
80 0.5842927631578947 0.9120603015075377 0.1225328947368421 0.023115577889447236
80 0.1147203947368421 0.8402010050251256 0.171875 0.08040201005025126
80 0.11759868421052631 0.8849246231155778 0.16611842105263158 0.06532663316582915
80 0.11883223684210527 0.9241206030150754 0.16529605263157895 0.06532663316582915
80 0.12129934210526316 0.9623115577889447 0.16529605263157895 0.0592964824120603
80 0.28207236842105265 0.8221105527638191 0.15789473684210525 0.0743718592964824
80 0.28207236842105265 0.8698492462311558 0.1513157894736842 0.06331658291457286
80 0.28207236842105265 0.9050251256281407 0.1513157894736842 0.05125628140703518
80 0.28289473684210525 0.9422110552763819 0.14638157894736842 0.05527638190954774
139 0.9185855263157895 0.15628140703517587 0.05921052631578947 0.031155778894472363
139 0.9749177631578947 0.1592964824120603 0.04851973684210526 0.0371859296482412
