34 0.07221259387637204 0.8552923760177646 0.07972270363951472 0.153219837157661
34 0.14067013287117272 0.8649148778682457 0.08376660889659157 0.16062176165803108
23 0.21432697862507222 0.8649148778682457 0.07625649913344887 0.14137675795706883
23 0.2824956672443674 0.8582531458179127 0.08203350664355864 0.1384159881569208
197 0.3610629693818602 0.848260547742413 0.07741190063547082 0.14211695040710584
191 0.43269786250722125 0.8515914137675795 0.07394569612940496 0.13249444855662473
205 0.6487579433853264 0.814581791265729 0.07163489312536106 0.154700222057735
205 0.7169266320046216 0.8127313101406366 0.07394569612940496 0.15099925980754997
145 0.8206239168110918 0.6639526276831976 0.08261120739456962 0.12583271650629163
164 0.8879260543038706 0.6635825314581791 0.07047949162333911 0.11917098445595854
164 0.9456961294049683 0.6628423390081422 0.06470248411322935 0.11621021465581051
117 0.9595609474292317 0.5096225018504811 0.0635470826112074 0.09696521095484827
117 0.9127671865973426 0.5096225018504811 0.06008087810514154 0.10140636565507032
305 0.7694974003466204 0.5140636565507032 0.058925476603119586 0.0999259807549963
240 0.7114384748700173 0.5140636565507032 0.05719237435008666 0.09696521095484827
240 0.6580011554015021 0.5151739452257587 0.058925476603119586 0.09770540340488527
93 0.6045638359329867 0.5148038490007402 0.05719237435008666 0.10140636565507032
93 0.5543038705950317 0.5151739452257587 0.06181398035817447 0.10066617320503331
330 0.4930675909878683 0.5099925980754997 0.06181398035817447 0.11102886750555144
330 0.43500866551126516 0.506661732050333 0.0681686886192952 0.11621021465581051
223 0.37723859041016755 0.5122131754256106 0.05661467359907568 0.11102886750555144
223 0.32264586943963025 0.5140636565507032 0.07452339688041594 0.11769059955588453
50 0.24725592143269787 0.5151739452257587 0.07394569612940496 0.11991117690599556
50 0.1949740034662045 0.5173945225758697 0.05950317735413056 0.11102886750555144
50 0.12593876372039284 0.5148038490007402 0.07394569612940496 0.11621021465581051
50 0.05979202772963605 0.5170244263508512 0.06759098786828423 0.11621021465581051
342 0.08145580589254767 0.6746854182087343 0.08203350664355864 0.13101406365655072
342 0.15309069901790873 0.6635825314581791 0.06470248411322935 0.12657290895632864
187 0.21779318313113807 0.6880088823094005 0.07510109763142692 0.12065136935603257
187 0.28942807625649913 0.6802368615840119 0.07972270363951472 0.13471502590673576
181 0.3633737723859041 0.6509992598075499 0.06008087810514154 0.13249444855662473
181 0.43269786250722125 0.6672834937083642 0.07279029462738301 0.1384159881569208
181 0.5008665511265165 0.6669133974833457 0.07394569612940496 0.13471502590673576
97 0.5713460427498556 0.6658031088082902 0.07394569612940496 0.1384159881569208
97 0.6707105719237435 0.6410066617320503 0.0831889081455806 0.12583271650629163
145 0.7648757943385326 0.6672834937083642 0.07047949162333911 0.11621021465581051
277 0.9667822068168689 0.33345669874167283 0.06643558636626228 0.1073279052553664
277 0.901213171577123 0.33345669874167283 0.07394569612940496 0.10880829015544041
78 0.8422876949740035 0.3378978534418949 0.0635470826112074 0.10140636565507032
78 0.7842287694974004 0.3378978534418949 0.05950317735413056 0.09844559585492228
261 0.733102253032929 0.3371576609918579 0.05661467359907568 0.0999259807549963
22 0.6796649335644136 0.3371576609918579 0.05719237435008666 0.10288675055514433
261 0.6340265742345466 0.3371576609918579 0.05719237435008666 0.10288675055514433
108 0.5725014442518775 0.3371576609918579 0.07394569612940496 0.10880829015544041
29 0.43269786250722125 0.1236121391561806 0.07856730213749277 0.13619541080680977
29 0.35528596187175043 0.15247964470762398 0.07741190063547082 0.0843819393042191
53 0.14067013287117272 0.13730569948186527 0.08261120739456962 0.11324944485566248
130 0.04852686308492201 0.3304959289415248 0.0831889081455806 0.13545521835677277
218 0.5043327556325823 0.8297557364914878 0.07625649913344887 0.15988156920799407
218 0.5748122472559214 0.8297557364914878 0.07972270363951472 0.17616580310880828
194 0.6192952050837666 0.13582531458179126 0.0635470826112074 0.1073279052553664
194 0.559214326978625 0.13804589193190228 0.0635470826112074 0.1073279052553664
194 0.498844598497978 0.1384159881569208 0.07105719237435008 0.11102886750555144
29 0.27931831311380706 0.12398223538119911 0.09416522241478914 0.1384159881569208
130 0.13027151935297515 0.3271650629163583 0.09300982091276719 0.14063656550703182
30 0.3633737723859041 0.3271650629163583 0.07510109763142692 0.1391561806069578
30 0.43269786250722125 0.32605477424130275 0.0831889081455806 0.13545521835677277
108 0.498844598497978 0.34011843079200593 0.06412478336221837 0.1073279052553664
117 0.8627960716348931 0.5096225018504811 0.06181398035817447 0.10436713545521836
305 0.8136915077989602 0.5118430792005921 0.05950317735413056 0.09844559585492228
75 0.6776429809358753 0.1384159881569208 0.06239168110918544 0.10214655810510732
75 0.7383015597920277 0.1384159881569208 0.06701328711727325 0.10066617320503331
75 0.8035817446562681 0.13582531458179126 0.07047949162333911 0.10584752035529238
221 0.7995378393991912 0.7931162102146558 0.06701328711727325 0.07623982235381199
221 0.8965915655690352 0.8060695780903034 0.09127671865973426 0.05773501110288675
85 0.9644714038128249 0.8230940044411547 0.06759098786828423 0.05477424130273871
