271 0.1878720238095238 0.49933862433862436 0.057291666666666664 0.05291005291005291
271 0.23685515873015872 0.49503968253968256 0.05257936507936508 0.052248677248677246
271 0.23387896825396826 0.5373677248677249 0.032242063492063495 0.037698412698412696
271 0.20126488095238096 0.5383597883597884 0.033482142857142856 0.03373015873015873
132 0.29377480158730157 0.48826058201058203 0.05580357142857143 0.04927248677248677
132 0.34523809523809523 0.4837962962962963 0.05406746031746032 0.04563492063492063
132 0.39384920634920634 0.476521164021164 0.04811507936507937 0.04497354497354497
132 0.3958333333333333 0.5130621693121693 0.050595238095238096 0.03802910052910053
132 0.3470982142857143 0.519510582010582 0.048859126984126984 0.036375661375661374
132 0.29699900793650796 0.5226521164021164 0.05828373015873016 0.030753968253968252
132 0.4392361111111111 0.47437169312169314 0.044642857142857144 0.045304232804232805
132 0.43898809523809523 0.5036375661375662 0.0441468253968254 0.023148148148148147
349 0.47681051587301587 0.501984126984127 0.03050595238095238 0.027116402116402115
349 0.4773065476190476 0.470734126984127 0.033482142857142856 0.044642857142857144
349 0.505828373015873 0.4988425925925926 0.028521825396825396 0.03141534391534392
349 0.5069444444444444 0.4623015873015873 0.026785714285714284 0.03373015873015873
349 0.5308779761904762 0.4619708994708995 0.024057539682539684 0.037698412698412696
349 0.5476190476190477 0.45783730158730157 0.01488095238095238 0.03009259259259259
349 0.5479910714285714 0.486276455026455 0.013640873015873016 0.026124338624338623
349 0.5321180555555556 0.4965277777777778 0.024553571428571428 0.03670634920634921
246 0.36706349206349204 0.5884589947089947 0.04811507936507937 0.04927248677248677
246 0.3194444444444444 0.5963955026455027 0.056051587301587304 0.05257936507936508
246 0.2663690476190476 0.6086309523809523 0.054563492063492064 0.059854497354497355
246 0.3687996031746032 0.6253306878306878 0.0441468253968254 0.042328042328042326
246 0.32862103174603174 0.6332671957671958 0.03819444444444445 0.03835978835978836
246 0.2630208333333333 0.6483134920634921 0.03943452380952381 0.03670634920634921
338 0.3508184523809524 0.7048611111111112 0.09102182539682539 0.06580687830687831
338 0.35181051587301587 0.7400793650793651 0.0716765873015873 0.046296296296296294
84 0.43898809523809523 0.6793981481481481 0.07886904761904762 0.06316137566137567
84 0.4412202380952381 0.7103174603174603 0.05654761904761905 0.037698412698412696
84 0.5159970238095238 0.68369708994709 0.05084325396825397 0.05125661375661376
84 0.505828373015873 0.6583994708994709 0.05580357142857143 0.031084656084656083
296 0.5302579365079365 0.5610119047619048 0.03720238095238095 0.03869047619047619
296 0.4962797619047619 0.5666335978835979 0.03373015873015873 0.04133597883597884
209 0.49615575396825395 0.5947420634920635 0.033482142857142856 0.03207671957671958
86 0.458953373015873 0.5735780423280423 0.04241071428571429 0.04861111111111111
86 0.45882936507936506 0.6058201058201058 0.040674603174603176 0.03373015873015873
86 0.4177827380952381 0.5826719576719577 0.04439484126984127 0.05092592592592592
86 0.41728670634920634 0.5539021164021164 0.04241071428571429 0.02447089947089947
86 0.4177827380952381 0.6111111111111112 0.043402777777777776 0.023809523809523808
86 0.45709325396825395 0.548941798941799 0.039186507936507936 0.01455026455026455
209 0.5293898809523809 0.5902777777777778 0.03298611111111111 0.02976190476190476
38 0.5572916666666666 0.5656415343915344 0.01488095238095238 0.03670634920634921
38 0.5715525793650794 0.564484126984127 0.017609126984126984 0.03902116402116402
38 0.5858134920634921 0.5625 0.017361111111111112 0.04365079365079365
3 0.6112351190476191 0.5565476190476191 0.030009920634920636 0.03968253968253968
3 0.6398809523809523 0.5519179894179894 0.03968253968253968 0.037698412698412696
3 0.6688988095238095 0.5529100529100529 0.031746031746031744 0.03968253968253968
316 0.7064732142857143 0.5143849206349206 0.03844246031746032 0.027447089947089946
316 0.7053571428571429 0.535218253968254 0.032242063492063495 0.027447089947089946
316 0.7025049603174603 0.5530753968253969 0.031001984126984128 0.02017195767195767
143 0.7317708333333334 0.548776455026455 0.031001984126984128 0.0248015873015873
143 0.7342509920634921 0.5297619047619048 0.03050595238095238 0.027116402116402115
143 0.7358630952380952 0.5107473544973545 0.027281746031746032 0.02017195767195767
8 0.6915922619047619 0.6083002645502645 0.028521825396825396 0.03935185185185185
8 0.7177579365079365 0.6245039682539683 0.028769841269841268 0.03869047619047619
96 0.7493799603174603 0.609457671957672 0.026537698412698412 0.03439153439153439
96 0.7351190476190477 0.6134259259259259 0.024305555555555556 0.03439153439153439
33 0.5711805555555556 0.6597222222222222 0.03125 0.06878306878306878
33 0.5994543650793651 0.6499669312169312 0.03968253968253968 0.06712962962962964
33 0.6231398809523809 0.6354166666666666 0.030009920634920636 0.049933862433862435
33 0.6560019841269841 0.6372354497354498 0.039186507936507936 0.05291005291005291
8 0.6912202380952381 0.6352513227513228 0.030753968253968252 0.03439153439153439
8 0.7127976190476191 0.6274801587301587 0.017857142857142856 0.03207671957671958
296 0.589781746031746 0.48561507936507936 0.026785714285714284 0.030753968253968252
296 0.6125992063492064 0.48296957671957674 0.030257936507936508 0.03009259259259259
296 0.6612103174603174 0.4503968253968254 0.03125 0.032407407407407406
296 0.6427331349206349 0.4799933862433862 0.020089285714285716 0.023478835978835978
296 0.6629464285714286 0.47800925925925924 0.023313492063492064 0.026124338624338623
243 0.7655009920634921 0.4427910052910053 0.04935515873015873 0.02976190476190476
243 0.7710813492063492 0.4664351851851852 0.037698412698412696 0.027447089947089946
109 0.7409474206349206 0.4675925925925926 0.017609126984126984 0.02976190476190476
109 0.7249503968253969 0.47023809523809523 0.021825396825396824 0.026455026455026454
109 0.7244543650793651 0.4436177248677249 0.023313492063492064 0.03009259259259259
152 0.7015128968253969 0.44460978835978837 0.031001984126984128 0.03141534391534392
152 0.6868799603174603 0.4713955026455027 0.02058531746031746 0.0248015873015873
152 0.7053571428571429 0.4713955026455027 0.018849206349206348 0.0248015873015873
12 0.6298363095238095 0.3718584656084656 0.021081349206349208 0.03207671957671958
12 0.6586061507936508 0.37037037037037035 0.035962301587301584 0.03571428571428571
236 0.6834077380952381 0.3707010582010582 0.021081349206349208 0.031084656084656083
12 0.6617063492063492 0.40128968253968256 0.02132936507936508 0.028108465608465607
12 0.6350446428571429 0.4011243386243386 0.02703373015873016 0.028439153439153438
236 0.6796875 0.40046296296296297 0.019097222222222224 0.03042328042328042
236 0.7005208333333334 0.40029761904761907 0.019097222222222224 0.03009259259259259
183 0.7135416666666666 0.4009589947089947 0.010912698412698412 0.02943121693121693
207 0.7238343253968254 0.4009589947089947 0.020089285714285716 0.02943121693121693
207 0.7385912698412699 0.3998015873015873 0.023313492063492064 0.02976190476190476
226 0.7596726190476191 0.39897486772486773 0.01984126984126984 0.027447089947089946
207 0.7518601190476191 0.3716931216931217 0.017609126984126984 0.028439153439153438
207 0.7375992063492064 0.3716931216931217 0.01984126984126984 0.0291005291005291
109 0.7192460317460317 0.3715277777777778 0.020337301587301588 0.03207671957671958
66 0.7777777777777778 0.3781415343915344 0.03273809523809524 0.02546296296296296
66 0.8003472222222222 0.3781415343915344 0.018849206349206348 0.023478835978835978
66 0.7905505952380952 0.3999669312169312 0.04538690476190476 0.022817460317460316
244 0.5137648809523809 0.3723544973544973 0.03546626984126984 0.04431216931216931
244 0.5451388888888888 0.3718584656084656 0.028273809523809524 0.04265873015873016
52 0.5659722222222222 0.3708664021164021 0.015873015873015872 0.03736772486772487
52 0.5753968253968254 0.40773809523809523 0.03273809523809524 0.03835978835978836
52 0.6044146825396826 0.40674603174603174 0.027777777777777776 0.036375661375661374
244 0.544890873015873 0.4107142857142857 0.029265873015873016 0.03835978835978836
244 0.5130208333333334 0.4117063492063492 0.035962301587301584 0.037037037037037035
158 0.46068948412698413 0.37962962962962965 0.02703373015873016 0.03835978835978836
158 0.4833829365079365 0.41435185185185186 0.018353174603174604 0.037698412698412696
158 0.46143353174603174 0.4166666666666667 0.02703373015873016 0.037037037037037035
158 0.43774801587301587 0.41550925925925924 0.021825396825396824 0.03935185185185185
233 0.4150545634920635 0.3708664021164021 0.023065476190476192 0.0333994708994709
233 0.3872767857142857 0.37218915343915343 0.03149801587301587 0.03273809523809524
233 0.41517857142857145 0.41435185185185186 0.021825396825396824 0.031084656084656083
233 0.39050099206349204 0.41550925925925924 0.030009920634920636 0.03273809523809524
233 0.36408730158730157 0.4166666666666667 0.026785714285714284 0.031746031746031744
233 0.36408730158730157 0.37103174603174605 0.021825396825396824 0.036375661375661374
158 0.3396577380952381 0.41352513227513227 0.015625 0.02546296296296296
158 0.33122519841269843 0.4176587301587302 0.019593253968253968 0.03373015873015873
250 0.3071676587301587 0.4191468253968254 0.0339781746031746 0.03273809523809524
250 0.2761656746031746 0.41980820105820105 0.0339781746031746 0.03406084656084656
82 0.23983134920634921 0.4203042328042328 0.03720238095238095 0.03439153439153439
82 0.20386904761904762 0.421792328042328 0.040674603174603176 0.03141534391534392
82 0.17857142857142858 0.4211309523809524 0.03670634920634921 0.0333994708994709
21 0.1531498015873016 0.28604497354497355 0.043402777777777776 0.082010582010582
39 0.18861607142857142 0.2857142857142857 0.040426587301587304 0.08333333333333333
39 0.2214781746031746 0.2867063492063492 0.03819444444444445 0.082010582010582
21 0.25558035714285715 0.28687169312169314 0.03844246031746032 0.08432539682539683
21 0.2854662698412698 0.2916666666666667 0.03373015873015873 0.07605820105820106
39 0.3141121031746032 0.29150132275132273 0.03546626984126984 0.07705026455026455
239 0.34486607142857145 0.2961309523809524 0.03050595238095238 0.06779100529100529
239 0.3699156746031746 0.29794973544973546 0.029017857142857144 0.06746031746031746
239 0.3943452380952381 0.2994378306878307 0.026785714285714284 0.06580687830687831
188 0.23846726190476192 0.1626984126984127 0.03794642857142857 0.06613756613756613
188 0.27046130952380953 0.167989417989418 0.03546626984126984 0.062169312169312166
188 0.3013392857142857 0.17162698412698413 0.03422619047619048 0.061507936507936505
307 0.33296130952380953 0.17592592592592593 0.03149801587301587 0.06018518518518518
307 0.3601190476190476 0.18072089947089948 0.028769841269841268 0.05853174603174603
307 0.3844246031746032 0.18584656084656084 0.023809523809523808 0.05357142857142857
68 0.41195436507936506 0.18584656084656084 0.02976190476190476 0.06018518518518518
68 0.43464781746031744 0.19229497354497355 0.024057539682539684 0.0539021164021164
311 0.46577380952380953 0.20750661375661375 0.03521825396825397 0.03207671957671958
333 0.4966517857142857 0.1982473544973545 0.03546626984126984 0.05720899470899471
5 0.5461309523809523 0.18468915343915343 0.06597222222222222 0.04398148148148148
5 0.5466269841269841 0.2166005291005291 0.062003968253968256 0.036375661375661374
294 0.6016865079365079 0.2240410052910053 0.0496031746031746 0.03207671957671958
5 0.6532738095238095 0.23065476190476192 0.05555555555555555 0.03207671957671958
5 0.7017609126984127 0.23792989417989419 0.04389880952380952 0.02943121693121693
5 0.6986607142857143 0.2134589947089947 0.04265873015873016 0.0333994708994709
212 0.5104166666666666 0.31398809523809523 0.020833333333333332 0.027447089947089946
212 0.5308779761904762 0.31398809523809523 0.021081349206349208 0.028769841269841268
345 0.5559275793650794 0.3169642857142857 0.024057539682539684 0.040013227513227514
345 0.5778769841269841 0.3146494708994709 0.021825396825396824 0.044642857142857144
345 0.5983382936507936 0.31646825396825395 0.020089285714285716 0.025793650793650792
345 0.6149553571428571 0.3166335978835979 0.019097222222222224 0.02546296296296296
92 0.6428571428571429 0.3143187830687831 0.032242063492063495 0.03207671957671958
92 0.6685267857142857 0.3186177248677249 0.023561507936507936 0.02414021164021164
92 0.6826636904761905 0.3191137566137566 0.019593253968253968 0.023148148148148147
