275 0.6820512820512821 0.5615763546798029 0.22905982905982905 0.08866995073891626
275 0.6858974358974359 0.4698275862068966 0.23504273504273504 0.11699507389162561
6 0.6478632478632479 0.28879310344827586 0.15726495726495726 0.08497536945812807
6 0.6478632478632479 0.21305418719211822 0.15897435897435896 0.09359605911330049
6 0.6508547008547009 0.12992610837438423 0.1683760683760684 0.09975369458128079
232 0.46794871794871795 0.13423645320197045 0.1170940170940171 0.09852216748768473
232 0.4688034188034188 0.21982758620689655 0.1170940170940171 0.09236453201970443
232 0.4700854700854701 0.2961822660098522 0.11623931623931624 0.08497536945812807
232 0.35384615384615387 0.29802955665024633 0.12307692307692308 0.08620689655172414
232 0.3525641025641026 0.2204433497536946 0.12393162393162394 0.09113300492610837
232 0.35683760683760685 0.13238916256157635 0.11196581196581197 0.09729064039408868
288 0.18846153846153846 0.13977832512315272 0.2111111111111111 0.09975369458128079
288 0.18888888888888888 0.2229064039408867 0.20512820512820512 0.08620689655172414
288 0.18974358974358974 0.2986453201970443 0.20170940170940171 0.08497536945812807
80 0.15555555555555556 0.4125615763546798 0.27008547008547007 0.11083743842364532
80 0.15726495726495726 0.49938423645320196 0.26324786324786326 0.09729064039408868
80 0.1700854700854701 0.5683497536945813 0.24615384615384617 0.07266009852216748
80 0.41965811965811967 0.4710591133004926 0.22564102564102564 0.11945812807881774
80 0.4170940170940171 0.5615763546798029 0.22905982905982905 0.08866995073891626
80 0.4230769230769231 0.6360837438423645 0.2170940170940171 0.08251231527093596
80 0.4230769230769231 0.7112068965517241 0.2188034188034188 0.07758620689655173
275 0.8944444444444445 0.3977832512315271 0.20598290598290597 0.10344827586206896
275 0.9034188034188034 0.4815270935960591 0.19145299145299147 0.09113300492610837
275 0.9004273504273504 0.5597290640394089 0.19572649572649573 0.09236453201970443
275 0.8987179487179487 0.6373152709359606 0.19914529914529913 0.08004926108374384
275 0.8987179487179487 0.7044334975369458 0.19914529914529913 0.07389162561576355
283 0.8448717948717949 0.125 0.2264957264957265 0.09236453201970443
283 0.8448717948717949 0.2044334975369458 0.2264957264957265 0.09359605911330049
283 0.841025641025641 0.2832512315270936 0.2205128205128205 0.09113300492610837
