78 0.357421875 0.33958333333333335 0.05234375 0.09583333333333334
78 0.40234375 0.3385416666666667 0.053125 0.09583333333333334
117 0.44921875 0.3385416666666667 0.05625 0.09583333333333334
117 0.49765625 0.3385416666666667 0.0546875 0.09583333333333334
305 0.546484375 0.3375 0.05234375 0.09583333333333334
47 0.596484375 0.33645833333333336 0.05546875 0.1
47 0.64609375 0.33645833333333336 0.05625 0.1
47 0.69609375 0.3359375 0.05625 0.096875
47 0.74296875 0.3338541666666667 0.0546875 0.096875
47 0.791796875 0.3328125 0.05703125 0.096875
93 0.842578125 0.33177083333333335 0.06328125 0.10104166666666667
93 0.897265625 0.3328125 0.06484375 0.10104166666666667
164 0.890625 0.11354166666666667 0.0828125 0.13333333333333333
164 0.827734375 0.11666666666666667 0.07421875 0.13541666666666666
145 0.764453125 0.11979166666666667 0.07265625 0.13541666666666666
145 0.698046875 0.12291666666666666 0.07421875 0.13125
355 0.63671875 0.134375 0.059375 0.11041666666666666
355 0.5859375 0.134375 0.0578125 0.10833333333333334
308 0.346484375 0.15729166666666666 0.04921875 0.09166666666666666
308 0.3015625 0.15208333333333332 0.0625 0.09791666666666667
262 0.23828125 0.1578125 0.06875 0.09270833333333334
262 0.1875 0.15885416666666666 0.0546875 0.090625
181 0.194921875 0.4921875 0.06796875 0.12395833333333334
181 0.25 0.49166666666666664 0.065625 0.12708333333333333
315 0.310546875 0.5140625 0.05234375 0.084375
315 0.35234375 0.5161458333333333 0.0515625 0.08645833333333333
355 0.392578125 0.5125 0.05234375 0.09166666666666666
355 0.4375 0.5125 0.0453125 0.08958333333333333
261 0.471484375 0.5151041666666667 0.04921875 0.08645833333333333
261 0.519140625 0.5161458333333333 0.04921875 0.08645833333333333
260 0.5640625 0.5171875 0.05 0.08645833333333333
260 0.608203125 0.5171875 0.04921875 0.084375
61 0.65234375 0.5171875 0.05 0.08645833333333333
61 0.68828125 0.5161458333333333 0.0453125 0.084375
61 0.725390625 0.5151041666666667 0.04765625 0.084375
201 0.76640625 0.5151041666666667 0.0484375 0.084375
201 0.8046875 0.5151041666666667 0.0453125 0.084375
201 0.862109375 0.5161458333333333 0.06328125 0.08645833333333333
35 0.7359375 0.6385416666666667 0.0625 0.12083333333333333
35 0.798828125 0.646875 0.07421875 0.11666666666666667
35 0.86015625 0.65 0.071875 0.1125
15 0.679296875 0.6364583333333333 0.06015625 0.13125
15 0.63359375 0.6348958333333333 0.0515625 0.128125
50 0.5875 0.6447916666666667 0.059375 0.10833333333333334
50 0.5328125 0.6473958333333333 0.0625 0.10104166666666667
50 0.48125 0.6442708333333333 0.0546875 0.103125
50 0.4296875 0.6432291666666666 0.0625 0.103125
223 0.373828125 0.6453125 0.05859375 0.096875
223 0.326953125 0.6453125 0.05703125 0.096875
330 0.283984375 0.6421875 0.04921875 0.10104166666666667
330 0.24296875 0.640625 0.0546875 0.1
108 0.1921875 0.6421875 0.059375 0.09479166666666666
108 0.14921875 0.640625 0.0484375 0.1
75 0.108203125 0.6385416666666667 0.06328125 0.10416666666666667
75 0.052734375 0.6385416666666667 0.06953125 0.10625
342 0.1265625 0.8135416666666667 0.065625 0.13125
342 0.186328125 0.8151041666666666 0.06953125 0.13229166666666667
342 0.24375 0.815625 0.06875 0.1375
85 0.3125 0.7739583333333333 0.084375 0.11666666666666667
85 0.366796875 0.7848958333333333 0.06015625 0.096875
85 0.408984375 0.7916666666666666 0.06953125 0.10833333333333334
85 0.460546875 0.790625 0.05234375 0.125
85 0.50390625 0.7760416666666666 0.059375 0.09583333333333334
85 0.55234375 0.7739583333333333 0.0578125 0.1
85 0.608203125 0.7848958333333333 0.06640625 0.10729166666666666
7 0.72265625 0.7833333333333333 0.084375 0.09166666666666666
7 0.778125 0.7973958333333333 0.0703125 0.096875
7 0.8359375 0.79375 0.084375 0.1
7 0.66875 0.7989583333333333 0.075 0.11666666666666667
186 0.19609375 0.33697916666666666 0.0375 0.046875
186 0.22421875 0.3375 0.0390625 0.04583333333333333
186 0.25390625 0.3359375 0.040625 0.046875
268 0.2953125 0.3328125 0.0390625 0.046875
268 0.3203125 0.334375 0.028125 0.04583333333333333
268 0.322265625 0.36875 0.02421875 0.035416666666666666
268 0.296875 0.36875 0.0359375 0.0375
186 0.258203125 0.3703125 0.03828125 0.036458333333333336
186 0.229296875 0.37083333333333335 0.03828125 0.035416666666666666
186 0.198828125 0.37135416666666665 0.04140625 0.036458333333333336
328 0.148046875 0.3385416666666667 0.05859375 0.09791666666666667
14 0.103515625 0.34010416666666665 0.05546875 0.096875
328 0.0578125 0.340625 0.0578125 0.09791666666666667
14 0.023046875 0.34479166666666666 0.04140625 0.08958333333333333
97 0.02578125 0.4953125 0.0515625 0.11354166666666667
97 0.071484375 0.4953125 0.07265625 0.115625
97 0.1296875 0.4942708333333333 0.075 0.115625
34 0.026171875 0.8114583333333333 0.05234375 0.125
34 0.072265625 0.8125 0.07578125 0.12708333333333333
201 0.1015625 0.8223958333333333 0.0171875 0.109375
