145 0.121125 0.16316666666666665 0.11375 0.13766666666666666
29 0.19575 0.17683333333333334 0.043 0.103
162 0.243 0.171 0.08 0.11666666666666667
197 0.3585 0.168 0.0745 0.12133333333333333
197 0.42775 0.169 0.0745 0.11666666666666667
214 0.6105 0.18466666666666667 0.052 0.09666666666666666
214 0.653375 0.18366666666666667 0.05225 0.096
214 0.69825 0.18466666666666667 0.052 0.096
330 0.839875 0.338 0.03675 0.08733333333333333
330 0.810625 0.339 0.05825 0.088
108 0.766625 0.339 0.04525 0.086
262 0.730625 0.339 0.05975 0.086
47 0.674875 0.32816666666666666 0.05225 0.10833333333333334
78 0.633875 0.34 0.05225 0.09133333333333334
305 0.592875 0.339 0.04925 0.09133333333333334
305 0.55875 0.33416666666666667 0.052 0.10366666666666667
145 0.503 0.33016666666666666 0.063 0.10966666666666666
187 0.449375 0.33116666666666666 0.06675 0.10833333333333334
53 0.389625 0.33516666666666667 0.06675 0.10366666666666667
53 0.322375 0.33516666666666667 0.07275 0.103
145 0.26075 0.32233333333333336 0.0745 0.13133333333333333
34 0.20225 0.32233333333333336 0.0745 0.13733333333333334
34 0.129875 0.3195 0.09525 0.14366666666666666
30 0.13675 0.48633333333333334 0.061 0.11666666666666667
30 0.1905 0.4835 0.0815 0.123
342 0.277375 0.48333333333333334 0.07475 0.11666666666666667
342 0.339875 0.4826666666666667 0.07475 0.11666666666666667
181 0.398625 0.4786666666666667 0.06475 0.11666666666666667
181 0.458125 0.4756666666666667 0.06275 0.11066666666666666
130 0.518625 0.4726666666666667 0.06425 0.11666666666666667
130 0.573375 0.4718333333333333 0.06425 0.11366666666666667
130 0.631 0.4696666666666667 0.0375 0.11666666666666667
261 0.65625 0.44733333333333336 0.043 0.07
261 0.6895 0.44533333333333336 0.0445 0.07
261 0.7305 0.44433333333333336 0.0455 0.07266666666666667
61 0.766625 0.4435 0.04275 0.06766666666666667
61 0.798875 0.4435 0.04275 0.06566666666666666
201 0.837875 0.4405 0.05975 0.06833333333333333
260 0.850625 0.5253333333333333 0.05225 0.07266666666666667
315 0.8165 0.5285 0.052 0.075
15 0.7315 0.5373333333333333 0.064 0.06266666666666666
15 0.67975 0.5225 0.052 0.075
75 0.641625 0.6056666666666667 0.04275 0.08
355 0.6055 0.6115 0.0455 0.08433333333333333
355 0.572375 0.6153333333333333 0.04275 0.08466666666666667
145 0.53325 0.6125 0.049 0.095
145 0.490375 0.6163333333333333 0.05125 0.09133333333333334
145 0.444375 0.6171666666666666 0.05225 0.09433333333333334
145 0.3985 0.6123333333333333 0.05 0.09133333333333334
181 0.34675 0.6125 0.067 0.10966666666666666
181 0.291125 0.6163333333333333 0.06675 0.108
97 0.1865 0.6191666666666666 0.084 0.10966666666666666
205 0.344875 0.754 0.06675 0.158
205 0.394625 0.7703333333333333 0.06275 0.12133333333333333
205 0.446375 0.754 0.06075 0.14866666666666667
35 0.49525 0.7688333333333334 0.058 0.111
7 0.548875 0.7413333333333333 0.05225 0.11666666666666667
7 0.586 0.7316666666666667 0.052 0.12666666666666668
85 0.655375 0.7343333333333333 0.07475 0.11666666666666667
85 0.736375 0.7461666666666666 0.05975 0.10033333333333333
221 0.769625 0.7461666666666666 0.04975 0.09166666666666666
186 0.739875 0.164 0.02875 0.056
268 0.7315 0.2155 0.023 0.035
186 0.757875 0.2145 0.03625 0.03833333333333333
186 0.758625 0.183 0.03975 0.048666666666666664
186 0.766875 0.14133333333333334 0.04125 0.05466666666666667
336 0.790625 0.18333333333333332 0.04975 0.10066666666666667
336 0.854125 0.18183333333333335 0.06375 0.10366666666666667
223 0.909875 0.18383333333333332 0.07575 0.101
223 0.9595 0.18683333333333332 0.0715 0.095
194 0.764375 0.6093333333333333 0.06025 0.07533333333333334
194 0.715 0.608 0.0575 0.07133333333333333
75 0.67475 0.6018333333333333 0.0285 0.055
50 0.80625 0.6065 0.0475 0.073
218 0.193 0.7576666666666667 0.0625 0.12133333333333333
218 0.23325 0.7751666666666667 0.069 0.12766666666666668
