151 0.028104575163398694 0.10870098039215687 0.05620915032679739 0.11348039215686274
151 0.09738562091503268 0.11078431372549019 0.07320261437908497 0.10294117647058823
219 0.16584967320261437 0.10490196078431373 0.08790849673202615 0.11666666666666667
219 0.3202614379084967 0.11274509803921569 0.09673202614379085 0.09509803921568627
54 0.4246732026143791 0.10575980392156863 0.10751633986928105 0.1090686274509804
54 0.5320261437908497 0.10477941176470588 0.10392156862745099 0.1090686274509804
225 0.6258169934640523 0.11752450980392157 0.08627450980392157 0.0732843137254902
225 0.7098039215686275 0.11262254901960785 0.09869281045751634 0.08455882352941177
1 0.7898692810457516 0.12340686274509804 0.07712418300653595 0.0571078431372549
1 0.8495098039215686 0.12242647058823529 0.07026143790849673 0.05955882352941176
174 0.9143790849673202 0.24362745098039215 0.10457516339869281 0.054411764705882354
200 0.7888888888888889 0.2582107843137255 0.11241830065359477 0.05955882352941176
200 0.6736928104575164 0.25526960784313724 0.11209150326797386 0.06691176470588235
225 0.5887254901960784 0.24791666666666667 0.07483660130718954 0.0875
225 0.5227124183006536 0.24754901960784315 0.0630718954248366 0.09117647058823529
347 0.47434640522875815 0.2551470588235294 0.06437908496732025 0.08284313725490196
247 0.40816993464052287 0.25330882352941175 0.08169934640522876 0.08897058823529412
247 0.33578431372549017 0.25526960784313724 0.08071895424836602 0.08455882352941177
353 0.24509803921568626 0.25526960784313724 0.08169934640522876 0.08455882352941177
304 0.15130718954248365 0.25330882352941175 0.08496732026143791 0.12034313725490196
304 0.08970588235294118 0.26004901960784316 0.07222222222222222 0.11127450980392156
304 0.03202614379084967 0.26004901960784316 0.06339869281045751 0.11274509803921569
144 0.021241830065359478 0.41629901960784316 0.042483660130718956 0.11200980392156863
144 0.09264705882352942 0.4183823529411765 0.08790849673202615 0.10686274509803921
144 0.16683006535947711 0.4183823529411765 0.06437908496732025 0.10294117647058823
192 0.23905228758169936 0.3656862745098039 0.08725490196078431 0.08284313725490196
192 0.31928104575163396 0.3675245098039216 0.08758169934640522 0.07916666666666666
71 0.40408496732026145 0.37144607843137256 0.09117647058823529 0.06495098039215687
314 0.48905228758169933 0.3704656862745098 0.08333333333333333 0.0625
314 0.5759803921568627 0.37144607843137256 0.09183006535947713 0.06495098039215687
64 0.6736928104575164 0.3627450980392157 0.10882352941176471 0.08333333333333333
64 0.7751633986928105 0.3588235294117647 0.10457516339869281 0.08333333333333333
46 0.9581699346405229 0.439828431372549 0.08366013071895424 0.04534313725490196
46 0.9581699346405229 0.47990196078431374 0.08366013071895424 0.03872549019607843
46 0.8758169934640523 0.47794117647058826 0.11503267973856209 0.04019607843137255
46 0.876797385620915 0.4447303921568627 0.10718954248366012 0.04387254901960784
137 0.7888888888888889 0.46715686274509804 0.06862745098039216 0.06323529411764706
137 0.7351307189542484 0.46715686274509804 0.06568627450980392 0.06323529411764706
137 0.670751633986928 0.46715686274509804 0.06895424836601308 0.06323529411764706
142 0.6014705882352941 0.4653186274509804 0.07352941176470588 0.0713235294117647
142 0.5320261437908497 0.4632352941176471 0.0738562091503268 0.07352941176470588
324 0.45784313725490194 0.46225490196078434 0.0738562091503268 0.07352941176470588
324 0.38562091503267976 0.46433823529411766 0.0738562091503268 0.0713235294117647
222 0.3122549019607843 0.4642156862745098 0.08006535947712418 0.0696078431372549
222 0.2380718954248366 0.46519607843137256 0.0761437908496732 0.0696078431372549
40 0.16584967320261437 0.5716911764705882 0.08333333333333333 0.1090686274509804
127 0.10522875816993464 0.5746323529411764 0.08758169934640522 0.10269607843137254
127 0.030065359477124184 0.5775735294117647 0.05947712418300653 0.10563725490196078
40 0.24297385620915032 0.5756127450980392 0.07222222222222222 0.10073529411764706
106 0.2996732026143791 0.5843137254901961 0.05751633986928104 0.08431372549019608
106 0.34852941176470587 0.5843137254901961 0.05588235294117647 0.08333333333333333
325 0.3954248366013072 0.5843137254901961 0.056862745098039215 0.08235294117647059
325 0.4411764705882353 0.5843137254901961 0.05555555555555555 0.08431372549019608
325 0.4861111111111111 0.5843137254901961 0.05326797385620915 0.08431372549019608
178 0.5418300653594771 0.5795343137254902 0.060784313725490195 0.09191176470588236
178 0.5985294117647059 0.5795343137254902 0.06372549019607843 0.09191176470588236
320 0.6784313725490196 0.5992647058823529 0.09542483660130718 0.056862745098039215
320 0.7616013071895424 0.5911764705882353 0.09640522875816994 0.07352941176470588
27 0.8699346405228758 0.5481617647058824 0.11372549019607843 0.04044117647058824
27 0.8699346405228758 0.5980392156862745 0.1084967320261438 0.059313725490196076
355 0.9549019607843138 0.6037990196078431 0.0869281045751634 0.04975490196078431
355 0.9549019607843138 0.5697303921568627 0.0869281045751634 0.04534313725490196
32 0.975 0.7064950980392157 0.05 0.07279411764705883
56 0.9109477124183006 0.7034313725490197 0.084640522875817 0.08676470588235294
259 0.8387254901960784 0.7034313725490197 0.07222222222222222 0.08284313725490196
259 0.7702614379084968 0.7034313725490197 0.07712418300653595 0.08333333333333333
355 0.6843137254901961 0.7035539215686275 0.06862745098039216 0.07916666666666666
355 0.6171568627450981 0.7034313725490197 0.07222222222222222 0.08333333333333333
65 0.4988562091503268 0.6985294117647058 0.06241830065359477 0.08333333333333333
65 0.4423202614379085 0.6986519607843137 0.06568627450980392 0.08504901960784314
111 0.3787581699346405 0.7034313725490197 0.06143790849673202 0.07598039215686274
111 0.32009803921568625 0.7064950980392157 0.061764705882352944 0.07916666666666666
111 0.2673202614379085 0.705514705882353 0.05751633986928104 0.07916666666666666
100 0.12973856209150328 0.8001225490196079 0.07450980392156863 0.0982843137254902
304 0.18055555555555555 0.8022058823529412 0.0565359477124183 0.09509803921568627
25 0.2830065359477124 0.8060049019607843 0.08169934640522876 0.06299019607843137
25 0.3787581699346405 0.8030637254901961 0.09542483660130718 0.07377450980392157
339 0.5320261437908497 0.8030637254901961 0.0738562091503268 0.07181372549019607
339 0.6326797385620915 0.8061274509803922 0.08169934640522876 0.06470588235294118
339 0.7156862745098039 0.8030637254901961 0.0738562091503268 0.06691176470588235
298 0.8016339869281046 0.8020833333333334 0.06143790849673202 0.0732843137254902
298 0.8573529411764705 0.8020833333333334 0.06568627450980392 0.07867647058823529
298 0.9276143790849674 0.8011029411764706 0.07026143790849673 0.07916666666666666
298 0.9803921568627451 0.8030637254901961 0.0392156862745098 0.07377450980392157
63 0.8503267973856209 0.9193627450980392 0.08169934640522876 0.10294117647058823
63 0.7802287581699346 0.9232843137254902 0.07222222222222222 0.09509803921568627
63 0.7245098039215686 0.9231617647058824 0.06143790849673202 0.08602941176470588
171 0.6629084967320261 0.9310049019607843 0.07222222222222222 0.10269607843137254
171 0.5993464052287582 0.9182598039215686 0.0673202614379085 0.09191176470588236
171 0.5351307189542484 0.9231617647058824 0.07222222222222222 0.1090686274509804
171 0.46944444444444444 0.9134803921568627 0.07222222222222222 0.1034313725490196
171 0.4080065359477124 0.9133578431372549 0.07222222222222222 0.08897058823529412
171 0.34852941176470587 0.9105392156862745 0.07222222222222222 0.08333333333333333
171 0.2928104575163399 0.9182598039215686 0.08169934640522876 0.08063725490196079
40 0.9890522875816994 0.9270833333333334 0.021895424836601306 0.09191176470588236
100 0.1665032679738562 0.9302696078431373 0.07287581699346406 0.07867647058823529
100 0.08954248366013072 0.9268382352941177 0.09673202614379085 0.07475490196078431
100 0.02303921568627451 0.9263480392156863 0.04411764705882353 0.07867647058823529
40 0.9218954248366014 0.9221813725490197 0.0784313725490196 0.08259803921568627
309 0.9089869281045752 0.3167892156862745 0.11339869281045752 0.04485294117647059
309 0.907843137254902 0.35808823529411765 0.1130718954248366 0.03725490196078431
100 0.052941176470588235 0.8183823529411764 0.07647058823529412 0.08676470588235294
