185 0.08066239316239317 0.0839929639401935 0.08440170940170941 0.1169744942832014
185 0.15117521367521367 0.0870712401055409 0.08440170940170941 0.11257695690413369
185 0.22168803418803418 0.08839050131926121 0.08440170940170941 0.11345646437994723
185 0.2900641025641026 0.08927000879507475 0.08012820512820513 0.11345646437994723
185 0.35844017094017094 0.0901495162708883 0.08012820512820513 0.11345646437994723
185 0.42895299145299143 0.09102902374670185 0.08012820512820513 0.11345646437994723
185 0.4951923076923077 0.09234828496042216 0.07799145299145299 0.11081794195250659
185 0.5614316239316239 0.09542656112576957 0.07799145299145299 0.10817941952506596
267 0.6298076923076923 0.09542656112576957 0.07799145299145299 0.10817941952506596
267 0.6981837606837606 0.09630606860158311 0.07371794871794872 0.10817941952506596
267 0.7601495726495726 0.09938434476693052 0.08012820512820513 0.11081794195250659
267 0.8306623931623932 0.1011433597185576 0.07799145299145299 0.1090589270008795
267 0.8990384615384616 0.10334212840809147 0.07799145299145299 0.10817941952506596
267 0.9636752136752137 0.10334212840809147 0.07264957264957266 0.10817941952506596
213 0.2548076923076923 0.3548812664907652 0.12286324786324786 0.058927000879507474
213 0.1346153846153846 0.3997361477572559 0.1346153846153846 0.05716798592788039
213 0.13034188034188035 0.4388742304309587 0.11752136752136752 0.03518029903254178
213 0.2419871794871795 0.4397537379067722 0.11431623931623931 0.03518029903254178
213 0.2403846153846154 0.40281442392260336 0.12179487179487179 0.052770448548812667
213 0.16506410256410256 0.351363236587511 0.12286324786324786 0.05364995602462621
232 0.6127136752136753 0.4094107299912049 0.10790598290598291 0.05364995602462621
232 0.6121794871794872 0.36323658751099386 0.10683760683760683 0.052770448548812667
232 0.7072649572649573 0.3597185576077397 0.10042735042735043 0.04221635883905013
232 0.7216880341880342 0.41160949868073876 0.11858974358974358 0.052770448548812667
269 0.8691239316239316 0.4542656112576957 0.18482905982905984 0.051890941072999124
269 0.8632478632478633 0.4098504837291117 0.17094017094017094 0.04925241864555849
10 0.6901709401709402 0.6376429199648197 0.18162393162393162 0.05804749340369393
10 0.686965811965812 0.6125769569041337 0.1794871794871795 0.03605980650835532
10 0.6842948717948718 0.6776605101143359 0.18055555555555555 0.051890941072999124
10 0.8595085470085471 0.6829375549692173 0.1762820512820513 0.044854881266490766
10 0.8573717948717948 0.6323658751099385 0.18269230769230768 0.07036059806508356
193 0.4188034188034188 0.6160949868073878 0.1111111111111111 0.048372911169744945
193 0.5256410256410257 0.6442392260334213 0.1047008547008547 0.032541776605101144
193 0.5283119658119658 0.673702726473175 0.11217948717948718 0.052770448548812667
193 0.4182692307692308 0.6684256816182937 0.11431623931623931 0.0633245382585752
72 0.13514957264957264 0.6297273526824978 0.20833333333333334 0.051011433597185574
72 0.13408119658119658 0.6715039577836411 0.20192307692307693 0.051890941072999124
275 0.5689102564102564 0.8333333333333334 0.1955128205128205 0.05716798592788039
275 0.5689102564102564 0.905452946350044 0.20405982905982906 0.09234828496042216
275 0.5689102564102564 0.9678979771328057 0.20405982905982906 0.03430079155672823
275 0.7793803418803419 0.8720316622691293 0.16773504273504272 0.05364995602462621
275 0.7825854700854701 0.9318381706244503 0.18055555555555555 0.06244503078276165
216 0.20085470085470086 0.8232189973614775 0.16452991452991453 0.02990325417766051
216 0.18162393162393162 0.8676341248900615 0.16666666666666666 0.044854881266490766
216 0.38301282051282054 0.8016710642040458 0.15491452991452992 0.027264731750219876
216 0.37927350427350426 0.8298153034300791 0.17094017094017094 0.023746701846965697
216 0.3680555555555556 0.866754617414248 0.16987179487179488 0.04661389621811785
216 0.3482905982905983 0.9564643799472295 0.18803418803418803 0.06420404573438875
