224 0.08581788879935535 0.15942028985507245 0.14101531023368252 0.07729468599033816
224 0.07735697018533441 0.09219001610305957 0.145044319097502 0.08132045088566828
41 0.1982272360999194 0.08735909822866345 0.11764705882352941 0.06843800322061191
41 0.19057211925866238 0.22423510466988728 0.1200644641418211 0.06360708534621579
41 0.22602739726027396 0.04830917874396135 0.0991136180499597 0.05636070853462158
128 0.4137792103142627 0.08252818035426732 0.12167606768734891 0.04911433172302738
128 0.4101531023368251 0.12439613526570048 0.13215149073327961 0.06360708534621579
128 0.410958904109589 0.17431561996779388 0.13376309427880742 0.06360708534621579
128 0.4117647058823529 0.22423510466988728 0.13376309427880742 0.06682769726247988
326 0.6236905721192587 0.0998389694041868 0.1063658340048348 0.07246376811594203
326 0.6220789685737309 0.15619967793880837 0.10153102336825141 0.06763285024154589
326 0.6236905721192587 0.21175523349436393 0.0999194198227236 0.07085346215780998
168 0.6917808219178082 0.05998389694041868 0.10072522159548751 0.06521739130434782
168 0.7409347300564061 0.10668276972624799 0.11200644641418211 0.0748792270531401
168 0.7514101531023368 0.16143317230273752 0.12167606768734891 0.07648953301127215
168 0.7534246575342466 0.21980676328502416 0.11925866236905722 0.07246376811594203
168 0.7896857373086221 0.055152979066022546 0.10475423045930701 0.05877616747181964
168 0.83883964544722 0.1034621578099839 0.11442385173247381 0.071658615136876
168 0.8609991941982272 0.16143317230273752 0.1168412570507655 0.0748792270531401
168 0.8577759871071716 0.21940418679549115 0.1168412570507655 0.071658615136876
175 0.15108783239323126 0.34057971014492755 0.11039484286865431 0.06602254428341385
175 0.13416599516518937 0.39814814814814814 0.10878323932312652 0.07809983896940419
175 0.12046736502820306 0.45933977455716585 0.09750201450443191 0.071658615136876
43 0.22280419016921837 0.3804347826086957 0.1168412570507655 0.0748792270531401
43 0.21514907332796132 0.43760064412238325 0.11925866236905722 0.06682769726247988
43 0.21434327155519742 0.4826892109500805 0.11442385173247381 0.05233494363929147
175 0.34367445608380337 0.3522544283413849 0.15551974214343273 0.08132045088566828
175 0.33883964544722 0.41586151368760066 0.1587429492344883 0.07648953301127215
175 0.33843674456083805 0.4746376811594203 0.1563255439161966 0.07004830917874397
326 0.46253021756647866 0.3168276972624799 0.1063658340048348 0.06038647342995169
326 0.4621273166800967 0.37318840579710144 0.10878323932312652 0.07971014492753623
326 0.4500402900886382 0.4303542673107891 0.10394842868654311 0.061996779388083734
326 0.4484286865431104 0.47946859903381644 0.07977437550362611 0.06038647342995169
355 0.5688960515713135 0.31280193236714976 0.0547945205479452 0.05233494363929147
355 0.5684931506849316 0.357487922705314 0.058823529411764705 0.07085346215780998
18 0.6514907332796133 0.464573268921095 0.10556003223207092 0.0853462157809984
18 0.6434327155519742 0.39895330112721417 0.11039484286865431 0.07809983896940419
351 0.7409347300564061 0.3148148148148148 0.10717163577759871 0.05958132045088567
351 0.7385173247381144 0.3615136876006441 0.11039484286865431 0.0644122383252818
351 0.7369057211925866 0.4074074074074074 0.11039484286865431 0.07407407407407407
351 0.7381144238517324 0.4577294685990338 0.0999194198227236 0.06521739130434782
351 0.8420628525382756 0.4665861513687601 0.12087026591458501 0.07971014492753623
351 0.8420628525382756 0.3635265700483092 0.13376309427880742 0.07971014492753623
351 0.8372280419016922 0.31199677938808373 0.1031426269137792 0.05877616747181964
351 0.8400483481063659 0.41626409017713367 0.1313456889605157 0.07246376811594203
88 0.9423851732473811 0.47061191626409016 0.10394842868654311 0.05555555555555555
88 0.9423851732473811 0.428341384863124 0.10394842868654311 0.05475040257648953
88 0.9423851732473811 0.3896940418679549 0.10394842868654311 0.0644122383252818
88 0.9423851732473811 0.3438003220611916 0.10394842868654311 0.057971014492753624
88 0.9468170829975826 0.3059581320450886 0.09508460918614021 0.04669887278582931
283 0.8207091055600322 0.5559581320450886 0.21676067687348913 0.033011272141706925
283 0.8207091055600322 0.5861513687600645 0.21676067687348913 0.05636070853462158
283 0.8319903303787268 0.6139291465378421 0.1861402095084609 0.039452495974235106
283 0.854955680902498 0.6566022544283414 0.22884770346494762 0.08776167471819646
355 0.12731668009669622 0.6030595813204509 0.11120064464141821 0.061191626409017714
355 0.12812248186946013 0.6465378421900161 0.10797743755036261 0.05475040257648953
355 0.12771958098307817 0.6867954911433173 0.10556003223207092 0.05314009661835749
355 0.13537469782433523 0.5567632850241546 0.1031426269137792 0.04106280193236715
139 0.24415793714746173 0.5668276972624798 0.12248186946011282 0.05958132045088567
139 0.24053182917002416 0.6260064412238325 0.1313456889605157 0.07809983896940419
139 0.24053182917002416 0.6763285024154589 0.1232876712328767 0.0644122383252818
213 0.37026591458501207 0.5595813204508857 0.11361804995970991 0.04508856682769726
213 0.36865431103948426 0.5962157809983897 0.1168412570507655 0.05233494363929147
213 0.36744560838033846 0.6372785829307569 0.11281224818694602 0.05394524959742351
213 0.4661563255439162 0.6227858293075684 0.09427880741337631 0.071658615136876
213 0.4665592264302981 0.6690821256038647 0.09186140209508462 0.061191626409017714
232 0.67767929089444 0.5933977455716586 0.11120064464141821 0.06602254428341385
232 0.6841257050765511 0.6618357487922706 0.11603545527800162 0.07246376811594203
102 0.19782433521353748 0.8764090177133655 0.24415793714746173 0.07648953301127215
102 0.19943593875906526 0.9166666666666666 0.24415793714746173 0.07648953301127215
102 0.20024174053182917 0.9456521739130435 0.23609991941982272 0.06360708534621579
102 0.20064464141821112 0.8305152979066023 0.25463336019339244 0.09259259259259259
102 0.23771152296535053 0.7866344605475041 0.18855761482675262 0.04508856682769726
80 0.41740531829170024 0.7556360708534622 0.18694601128122482 0.03784219001610306
80 0.41659951651893634 0.8075684380032206 0.18694601128122482 0.0821256038647343
80 0.41740531829170024 0.8635265700483091 0.18694601128122482 0.04911433172302738
80 0.4186140209508461 0.9033816425120773 0.18291700241740533 0.0499194847020934
72 0.6426269137792103 0.894927536231884 0.2054794520547945 0.07648953301127215
72 0.6426269137792103 0.9444444444444444 0.18936341659951653 0.04508856682769726
72 0.6341659951651893 0.8144122383252818 0.18855761482675262 0.07971014492753623
275 0.8489121676067687 0.929549114331723 0.21031426269137793 0.06843800322061191
275 0.8356164383561644 0.855475040257649 0.20467365028203063 0.07648953301127215
275 0.8138597904915391 0.8111916264090178 0.18694601128122482 0.05877616747181964
275 0.8033843674456084 0.7572463768115942 0.19016921837228043 0.04750402576489533
273 0.5209508460918614 0.07568438003220612 0.0926672038678485 0.0499194847020934
273 0.5217566478646253 0.12640901771336555 0.0926672038678485 0.04669887278582931
273 0.5229653505237711 0.17391304347826086 0.09830781627719581 0.04669887278582931
273 0.5245769540692989 0.22302737520128824 0.09830781627719581 0.04669887278582931
41 0.19701853344077358 0.13123993558776167 0.11361804995970991 0.05958132045088567
41 0.19057211925866238 0.1706924315619968 0.12489927477840451 0.05958132045088567
224 0.06688154713940371 0.21537842190016104 0.11442385173247381 0.0571658615136876
