92 0.12487599206349206 0.5496031746031746 0.045882936507936505 0.05423280423280423
345 0.15612599206349206 0.5497685185185185 0.03695436507936508 0.05654761904761905
345 0.18340773809523808 0.5515873015873016 0.04290674603174603 0.057539682539682536
296 0.2371031746031746 0.5515873015873016 0.05357142857142857 0.05423280423280423
296 0.29377480158730157 0.5515873015873016 0.05084325396825397 0.056216931216931214
209 0.3386656746031746 0.5525793650793651 0.057787698412698416 0.057539682539682536
3 0.39050099206349204 0.5477843915343915 0.05679563492063492 0.07308201058201058
296 0.3552827380952381 0.4988425925925926 0.045882936507936505 0.03935185185185185
236 0.2927827380952381 0.44130291005291006 0.043402777777777776 0.04927248677248677
236 0.33382936507936506 0.44031084656084657 0.04265873015873016 0.05191798941798942
207 0.38070436507936506 0.44229497354497355 0.040674603174603176 0.04927248677248677
207 0.380828373015873 0.39632936507936506 0.045882936507936505 0.05257936507936508
207 0.42671130952380953 0.39533730158730157 0.045882936507936505 0.05324074074074074
207 0.42857142857142855 0.4460978835978836 0.040674603174603176 0.046957671957671955
250 0.46862599206349204 0.4441137566137566 0.03447420634920635 0.04563492063492063
250 0.5037202380952381 0.4451058201058201 0.03422619047619048 0.04828042328042328
233 0.5369543650793651 0.4442791005291005 0.03373015873015873 0.05324074074074074
233 0.5642361111111112 0.4451058201058201 0.030257936507936508 0.05423280423280423
316 0.6082589285714286 0.45105820105820105 0.061755952380952384 0.041666666666666664
38 0.6190476190476191 0.5476190476190477 0.03670634920634921 0.07275132275132275
38 0.5760168650793651 0.5476190476190477 0.03695436507936508 0.07473544973544974
21 0.5399305555555556 0.5456349206349206 0.03819444444444445 0.07407407407407407
21 0.4949156746031746 0.5408399470899471 0.034970238095238096 0.07903439153439154
21 0.443328373015873 0.5428240740740741 0.03695436507936508 0.0763888888888889
21 0.4782986111111111 0.5436507936507936 0.03943452380952381 0.07407407407407407
21 0.511656746031746 0.5428240740740741 0.031746031746031744 0.0744047619047619
239 0.2095734126984127 0.15608465608465608 0.037698412698412696 0.07605820105820106
239 0.23251488095238096 0.16732804232804233 0.01314484126984127 0.05357142857142857
239 0.25496031746031744 0.16633597883597884 0.03521825396825397 0.0582010582010582
307 0.31299603174603174 0.17741402116402116 0.029265873015873016 0.0419973544973545
307 0.33903769841269843 0.1775793650793651 0.02628968253968254 0.04431216931216931
307 0.3655753968253968 0.17741402116402116 0.03373015873015873 0.05787037037037037
217 0.15699404761904762 0.1572420634920635 0.043154761904761904 0.04794973544973545
265 0.12735615079365079 0.16352513227513227 0.023065476190476192 0.03009259259259259
265 0.06671626984126984 0.15046296296296297 0.060515873015873016 0.052248677248677246
73 0.09623015873015874 0.30076058201058203 0.04365079365079365 0.06183862433862434
73 0.13430059523809523 0.29811507936507936 0.037450396825396824 0.04398148148148148
204 0.17212301587301587 0.2986111111111111 0.04712301587301587 0.047619047619047616
204 0.1865079365079365 0.25049603174603174 0.047619047619047616 0.054563492063492064
284 0.22296626984126985 0.30076058201058203 0.05952380952380952 0.04728835978835979
284 0.2683531746031746 0.31382275132275134 0.05704365079365079 0.05092592592592592
52 0.4765625 0.18915343915343916 0.047867063492063495 0.046957671957671955
52 0.4774305555555556 0.14484126984126985 0.04811507936507937 0.0582010582010582
244 0.5271577380952381 0.1917989417989418 0.04935515873015873 0.047619047619047616
333 0.5778769841269841 0.1840277777777778 0.04563492063492063 0.06779100529100529
333 0.6215277777777778 0.18551587301587302 0.04563492063492063 0.0701058201058201
329 0.15910218253968253 0.6655092592592593 0.06274801587301587 0.08498677248677249
329 0.21763392857142858 0.6676587301587301 0.06820436507936507 0.07936507936507936
109 0.25806051587301587 0.6957671957671958 0.04985119047619048 0.0496031746031746
109 0.3010912698412698 0.6957671957671958 0.044642857142857144 0.05092592592592592
86 0.40947420634920634 0.6435185185185185 0.054563492063492064 0.05092592592592592
86 0.4601934523809524 0.6375661375661376 0.047371031746031744 0.047619047619047616
86 0.5079365079365079 0.6531084656084656 0.05109126984126984 0.05555555555555555
86 0.5094246031746031 0.6997354497354498 0.047619047619047616 0.03968253968253968
86 0.46081349206349204 0.6942791005291006 0.0496031746031746 0.05125661375661376
86 0.46118551587301587 0.6653439153439153 0.04389880952380952 0.00992063492063492
84 0.38318452380952384 0.6924603174603174 0.1056547619047619 0.05026455026455026
86 0.3566468253968254 0.6433531746031746 0.05357142857142857 0.05257936507936508
21 0.541046626984127 0.640542328042328 0.004712301587301587 0.046296296296296294
349 0.5600198412698413 0.6403769841269841 0.03670634920634921 0.045965608465608467
349 0.5595238095238095 0.6878306878306878 0.037698412698412696 0.05092592592592592
349 0.597594246031746 0.6875 0.043402777777777776 0.05026455026455026
349 0.5984623015873016 0.640542328042328 0.03819444444444445 0.046296296296296294
271 0.6377728174603174 0.6410383597883598 0.04290674603174603 0.04728835978835979
271 0.6396329365079365 0.6901455026455027 0.04513888888888889 0.05291005291005291
271 0.6786954365079365 0.6870039682539683 0.043402777777777776 0.04927248677248677
96 0.7320188492063492 0.6944444444444444 0.050347222222222224 0.05291005291005291
62 0.2689732142857143 0.8181216931216931 0.058779761904761904 0.1111111111111111
62 0.32328869047619047 0.8088624338624338 0.06225198412698413 0.10052910052910052
338 0.3998015873015873 0.8406084656084656 0.1056547619047619 0.06084656084656084
338 0.40153769841269843 0.7820767195767195 0.10218253968253968 0.05489417989417989
246 0.47805059523809523 0.8288690476190477 0.05084325396825397 0.035383597883597885
246 0.5305059523809523 0.8497023809523809 0.050595238095238096 0.036044973544973546
132 0.576140873015873 0.8034060846560847 0.04662698412698413 0.050595238095238096
132 0.6318204365079365 0.8389550264550265 0.057787698412698416 0.056216931216931214
208 0.6794394841269841 0.8411044973544973 0.04538690476190476 0.05125661375661376
8 0.7199900793650794 0.7915013227513228 0.06101190476190476 0.06514550264550265
8 0.7198660714285714 0.833994708994709 0.057787698412698416 0.05291005291005291
33 0.7619047619047619 0.8000992063492064 0.060515873015873016 0.08234126984126984
33 0.8097718253968254 0.8017526455026455 0.05357142857142857 0.08432539682539683
117 0.668030753968254 0.34523809523809523 0.041914682539682536 0.08134920634920635
117 0.7180059523809523 0.34656084656084657 0.04365079365079365 0.08597883597883597
305 0.7641369047619048 0.34507275132275134 0.03869047619047619 0.09424603174603174
305 0.7961309523809523 0.34672619047619047 0.03373015873015873 0.08763227513227513
223 0.8444940476190477 0.3498677248677249 0.05952380952380952 0.08928571428571429
75 0.9470486111111112 0.5057870370370371 0.04836309523809524 0.0882936507936508
75 0.8923611111111112 0.5057870370370371 0.052083333333333336 0.0916005291005291
170 0.8194444444444444 0.4525462962962963 0.03125 0.06712962962962964
170 0.7859623015873016 0.4515542328042328 0.033234126984126984 0.06382275132275132
170 0.7487599206349206 0.4538690476190476 0.036210317460317464 0.05324074074074074
261 0.712921626984127 0.44460978835978837 0.03447420634920635 0.06448412698412699
261 0.6773313492063492 0.44543650793650796 0.039186507936507936 0.06613756613756613
315 0.6609623015873016 0.5530753968253969 0.036210317460317464 0.06712962962962964
315 0.7017609126984127 0.5555555555555556 0.040426587301587304 0.06878306878306878
59 0.7371031746031746 0.5560515873015873 0.036210317460317464 0.06316137566137567
36 0.7817460317460317 0.5461309523809523 0.028273809523809524 0.059854497354497355
36 0.8182043650793651 0.5568783068783069 0.04117063492063492 0.06613756613756613
36 0.8578869047619048 0.5568783068783069 0.03125 0.06613756613756613
328 0.9419642857142857 0.6345899470899471 0.03571428571428571 0.08597883597883597
14 0.9743303571428571 0.6380621693121693 0.03447420634920635 0.08432539682539683
85 0.8985615079365079 0.7959656084656085 0.08531746031746032 0.07605820105820106
85 0.8684275793650794 0.8047288359788359 0.06324404761904762 0.08763227513227513
7 0.9510168650793651 0.8125 0.08953373015873016 0.09325396825396826
7 0.9702380952380952 0.7956349206349206 0.05704365079365079 0.0787037037037037
235 0.8454861111111112 0.6901455026455027 0.059027777777777776 0.08267195767195767
268 0.7264384920634921 0.18039021164021163 0.028273809523809524 0.04662698412698413
268 0.7244543650793651 0.21378968253968253 0.030753968253968252 0.0333994708994709
268 0.7552083333333334 0.2154431216931217 0.025793650793650792 0.03670634920634921
268 0.7589285714285714 0.17923280423280424 0.03571428571428571 0.041005291005291
