49 0.029350104821802937 0.0999259807549963 0.05870020964360587 0.11843079200592153
49 0.09084556254367575 0.11028867505551443 0.08385744234800839 0.11398963730569948
49 0.14500349406009783 0.10473723168023687 0.05241090146750524 0.11324944485566248
151 0.23934311670160727 0.1002960769800148 0.06918238993710692 0.12065136935603257
151 0.343466107617051 0.09918578830495929 0.0593990216631726 0.11843079200592153
272 0.4713487071977638 0.10066617320503331 0.06079664570230608 0.11843079200592153
340 0.539832285115304 0.08105107327905256 0.08176100628930817 0.154700222057735
340 0.610062893081761 0.09659511472982976 0.07826694619147449 0.12657290895632864
64 0.706848357791754 0.11843079200592153 0.08874912648497554 0.08882309400444116
31 0.8581411600279525 0.11991117690599556 0.07826694619147449 0.08882309400444116
173 0.923130677847659 0.14063656550703182 0.06009783368273934 0.04293116210214656
319 0.982879105520615 0.13249444855662473 0.03424178895877009 0.05921539600296077
178 0.9566736547868623 0.2598075499629904 0.0363382250174703 0.09770540340488527
146 0.9203354297693921 0.25721687638786084 0.04612159329140461 0.10880829015544041
146 0.8710691823899371 0.26572908956328645 0.04262753319357093 0.0917838638045892
146 0.8326345213137666 0.268319763138416 0.03843466107617051 0.08808290155440414
111 0.6932215234102026 0.28090303478904516 0.03494060097833683 0.0688378978534419
137 0.6572327044025157 0.2834937083641747 0.039832285115303984 0.06809770540340489
137 0.6146051712089448 0.28645447816432273 0.03563941299790356 0.06217616580310881
249 0.5716282320055905 0.2768319763138416 0.04332634521313766 0.0843819393042191
196 0.5213137665967854 0.2753515914137676 0.04612159329140461 0.0843819393042191
341 0.46261355695317957 0.2627683197631384 0.06988120195667366 0.11102886750555144
341 0.3913347309573725 0.2627683197631384 0.0726764500349406 0.11398963730569948
341 0.3238993710691824 0.26572908956328645 0.07337526205450734 0.11843079200592153
219 0.18798043326345212 0.268319763138416 0.0573025856044724 0.11324944485566248
219 0.12508735150244585 0.26572908956328645 0.06988120195667366 0.12139156180606958
219 0.06254367575122292 0.26572908956328645 0.07337526205450734 0.1228719467061436
304 0.14395527603074773 0.4307920059215396 0.05450733752620545 0.1080680977054034
304 0.0936408106219427 0.4322723908216136 0.06708595387840671 0.11398963730569948
100 0.20789657582110413 0.5655070318282753 0.06219426974143955 0.09474463360473723
100 0.27882599580712786 0.5625462620281273 0.053109713487071976 0.09474463360473723
100 0.3256464011180992 0.5584752035529238 0.0517120894479385 0.09400444115470022
100 0.370020964360587 0.5529237601776462 0.0496156533892383 0.09474463360473723
347 0.41788958770090845 0.5555144337527758 0.04612159329140461 0.09104367135455219
49 0.46226415094339623 0.5514433752775721 0.0440251572327044 0.09474463360473723
122 0.6512928022361985 0.5710584752035529 0.06708595387840671 0.046632124352331605
334 0.7610062893081762 0.5473723168023686 0.053109713487071976 0.08068097705403404
100 0.14395527603074773 0.5599555884529978 0.06988120195667366 0.11028867505551443
49 0.5059399021663172 0.5473723168023686 0.04612159329140461 0.08808290155440414
309 0.5744234800838575 0.5473723168023686 0.06988120195667366 0.0851221317542561
298 0.8623340321453529 0.848260547742413 0.0517120894479385 0.0843819393042191
298 0.8151642208245982 0.8360473723168024 0.045422781271837874 0.05551443375277572
298 0.7442348008385744 0.8638045891931903 0.04612159329140461 0.08586232420429311
282 0.6893780573025856 0.8837897853441895 0.06219426974143955 0.05773501110288675
282 0.6236897274633124 0.8967431532198371 0.06638714185883997 0.07179866765358993
222 0.559748427672956 0.7794226498889711 0.04053109713487072 0.05921539600296077
142 0.6069182389937107 0.774981495188749 0.039832285115303984 0.05921539600296077
259 0.6509433962264151 0.768319763138416 0.0440251572327044 0.06217616580310881
259 0.6921733053808525 0.7679496669133975 0.0440251572327044 0.05551443375277572
56 0.7407407407407407 0.7583271650629163 0.04612159329140461 0.06439674315321983
56 0.779874213836478 0.7583271650629163 0.04332634521313766 0.05995558845299778
266 0.8162124388539483 0.7572168763878608 0.04053109713487072 0.05921539600296077
266 0.8546470999301188 0.7572168763878608 0.04612159329140461 0.053293856402664694
56 0.8553459119496856 0.6695040710584752 0.0517120894479385 0.07623982235381199
136 0.8916841369671559 0.6639526276831976 0.04612159329140461 0.076980014803849
324 0.47868623340321453 0.6968911917098446 0.04612159329140461 0.06291635825314582
192 0.42907058001397624 0.6917098445595855 0.0573025856044724 0.07031828275351591
304 0.3553459119496855 0.6846780162842339 0.06079664570230608 0.10510732790525537
304 0.2962962962962963 0.6846780162842339 0.053109713487071976 0.10510732790525537
171 0.24423480083857443 0.6876387860843819 0.0496156533892383 0.09770540340488527
171 0.19112508735150244 0.6917098445595855 0.05380852550663871 0.09844559585492228
171 0.14395527603074773 0.6917098445595855 0.050314465408805034 0.09844559585492228
100 0.4692522711390636 0.8304959289415248 0.045422781271837874 0.0917838638045892
100 0.42138364779874216 0.8304959289415248 0.04612159329140461 0.08734270910436713
100 0.3749126484975542 0.8319763138415989 0.0496156533892383 0.0843819393042191
100 0.3385744234800839 0.8334566987416728 0.0440251572327044 0.0843819393042191
100 0.29350104821802936 0.8234641006661733 0.04332634521313766 0.08068097705403404
100 0.25122292103424176 0.8279052553663953 0.05241090146750524 0.0851221317542561
100 0.17540181691125087 0.8249444855662472 0.0573025856044724 0.0851221317542561
100 0.2138364779874214 0.8223538119911177 0.04332634521313766 0.0843819393042191
100 0.343466107617051 0.9193190229459659 0.045422781271837874 0.06661732050333087
100 0.3864430468204053 0.9163582531458179 0.04612159329140461 0.06661732050333087
100 0.42697414395527605 0.9137675795706883 0.039133473095737246 0.05995558845299778
100 0.4692522711390636 0.9178386380458919 0.039832285115303984 0.053293856402664694
339 0.7872117400419287 0.12435233160621761 0.07617051013277429 0.07105847520355292
339 0.7872117400419287 0.06217616580310881 0.07617051013277429 0.06809770540340489
111 0.7306079664570231 0.28053293856402667 0.03424178895877009 0.0695780903034789
111 0.7589098532494759 0.2823834196891192 0.027952480782669462 0.06587712805329386
344 0.7047519217330538 0.3911917098445596 0.06638714185883997 0.06291635825314582
344 0.7019566736547869 0.44411547002220575 0.06079664570230608 0.04885270170244264
200 0.7672955974842768 0.44411547002220575 0.07686932215234102 0.04885270170244264
200 0.7645003494060097 0.39045151739452255 0.09224318658280922 0.06291635825314582
200 0.8413696715583509 0.38860103626943004 0.07407407407407407 0.05921539600296077
200 0.83298392732355 0.44189489267209475 0.0726764500349406 0.04885270170244264
225 0.8930817610062893 0.423760177646188 0.04612159329140461 0.06735751295336788
225 0.929769392033543 0.4226498889711325 0.04262753319357093 0.06661732050333087
103 0.5653389238294899 0.43375277572168763 0.039133473095737246 0.07846039970392302
103 0.6016771488469602 0.43301258327165065 0.03773584905660377 0.07846039970392302
103 0.6425576519916143 0.43301258327165065 0.04682040531097135 0.076980014803849
304 0.21767994409503844 0.42450037009622504 0.03284416491963662 0.07772020725388601
40 0.2543675751222921 0.41968911917098445 0.05870020964360587 0.09622501850481126
40 0.30712788259958074 0.42116950407105846 0.05520614954577219 0.09326424870466321
40 0.34626135569531796 0.41894892672094747 0.03284416491963662 0.08142116950407106
63 0.42103424178895876 0.4296817172464841 0.05241090146750524 0.10288675055514433
63 0.47064989517819705 0.42672094744633604 0.05241090146750524 0.10584752035529238
63 0.5213137665967854 0.4256106587712805 0.04891684136967156 0.10362694300518134
46 0.89937106918239 0.5344189489267209 0.06708595387840671 0.0384900074019245
46 0.8962264150943396 0.5684678016284234 0.06079664570230608 0.03256846780162842
46 0.823549965059399 0.5703182827535159 0.07197763801537387 0.03182827535159141
46 0.827393431167016 0.5351591413767579 0.0726764500349406 0.0384900074019245
89 0.806429070580014 0.6472982975573649 0.04472396925227114 0.043671354552183565
89 0.7575122292103424 0.6905995558845299 0.047519217330538085 0.034048852701702444
89 0.8001397624039134 0.6894892672094745 0.04332634521313766 0.033308660251665435
173 0.7016072676450035 0.6983715766099186 0.06708595387840671 0.033308660251665435
89 0.7613556953179594 0.649518874907476 0.0440251572327044 0.04071058475203553
173 0.7033542976939203 0.6665433012583272 0.06638714185883997 0.03774981495188749
83 0.5296995108315863 0.6658031088082902 0.047519217330538085 0.046632124352331605
83 0.5758211041229909 0.6650629163582531 0.047519217330538085 0.04515173945225759
215 0.5300489168413697 0.7079940784603997 0.0440251572327044 0.03182827535159141
215 0.5747728860936409 0.7050333086602517 0.045422781271837874 0.033308660251665435
189 0.6303284416491963 0.7035529237601776 0.06289308176100629 0.030347890451517395
189 0.63277428371768 0.6724648408586232 0.0649895178197065 0.03774981495188749
100 0.2861635220125786 0.9074759437453738 0.037037037037037035 0.06365655070318282
100 0.25052410901467503 0.9159881569207994 0.04262753319357093 0.0688378978534419
100 0.20894479385045422 0.9152479644707624 0.041928721174004195 0.0688378978534419
100 0.17120894479385046 0.9148778682457439 0.029350104821802937 0.06217616580310881
