130 0.0959517321915142 0.30129390018484287 0.09536784741144415 0.12717190388170055
130 0.18042039704165044 0.3055452865064695 0.1047100038925652 0.133456561922366
30 0.2691708836123005 0.3055452865064695 0.09536784741144415 0.133456561922366
194 0.3583106267029973 0.32014787430683916 0.08213312572985597 0.11016635859519408
194 0.4336317633320358 0.3231053604436229 0.08018684312962242 0.10277264325323475
61 0.5031140521603736 0.26524953789279115 0.0650058388478007 0.08465804066543438
61 0.5601401323472168 0.26524953789279115 0.06695212144803425 0.08835489833641405
201 0.6251459711950175 0.26247689463955637 0.06695212144803425 0.09094269870609982
201 0.6901518100428182 0.2609981515711645 0.06695212144803425 0.08798521256931609
201 0.7561307901907357 0.26247689463955637 0.0720124562086415 0.08798521256931609
260 0.8234721681588166 0.26247689463955637 0.07512650836901517 0.08798521256931609
260 0.896457765667575 0.26081330868761554 0.07551576488906189 0.08465804066543438
315 0.8793304787855196 0.3909426987060998 0.08252238224990269 0.08465804066543438
315 0.8063448812767614 0.38946395563770797 0.07512650836901517 0.08465804066543438
261 0.7129233164655508 0.38502772643253236 0.07045543012845465 0.08465804066543438
261 0.6490852471778902 0.38502772643253236 0.06734137796808097 0.08022181146025878
218 0.36181393538341766 0.4600739371534196 0.09536784741144415 0.14158964879852126
75 0.46788633709614635 0.4920517560073937 0.08018684312962242 0.10277264325323475
75 0.546516154145582 0.4948243992606285 0.08018684312962242 0.10314232902033271
164 0.6272868820552744 0.4948243992606285 0.08602569093032308 0.10609981515711644
50 0.7140910860256909 0.49907578558225507 0.08602569093032308 0.10277264325323475
108 0.7802646944336318 0.5077634011090573 0.05799922148695991 0.09648798521256932
108 0.8474114441416893 0.5079482439926063 0.09342156481121058 0.10277264325323475
342 0.6385753211366291 0.6593345656192237 0.07668353444920202 0.11719038817005545
342 0.5474892954456987 0.6521256931608133 0.09536784741144415 0.12347504621072089
181 0.4564032697547684 0.6406654343807764 0.09536784741144415 0.12347504621072089
181 0.36979369404437523 0.6290203327171904 0.08018684312962242 0.11719038817005545
218 0.2862981704943558 0.6160813308687616 0.09536784741144415 0.14085027726432534
218 0.19871545348384587 0.6118299445471349 0.09536784741144415 0.13974121996303143
218 0.12319968859478396 0.6088724584103512 0.09536784741144415 0.14048059149722736
205 0.19871545348384587 0.777818853974122 0.08446866485013624 0.15304990757855821
205 0.12339431685480731 0.7735674676524954 0.08252238224990269 0.15194085027726434
7 0.2841572596340989 0.777818853974122 0.07551576488906189 0.09611829944547134
7 0.34235110938108215 0.778003696857671 0.07668353444920202 0.10609981515711644
85 0.4493966523939276 0.7850277264325324 0.07979758660957571 0.11053604436229206
85 0.5155702608018684 0.8009242144177449 0.0720124562086415 0.09870609981515711
35 0.6080186843129622 0.8168207024029575 0.07707279096924874 0.11719038817005545
15 0.6786687427014403 0.8486136783733826 0.06734137796808097 0.12310536044362293
15 0.7425068119891008 0.8486136783733826 0.07279096924873492 0.1378927911275416
117 0.8145192681977423 0.8543438077634011 0.08602569093032308 0.13974121996303143
214 0.5099260412611911 0.13807763401109058 0.07551576488906189 0.09870609981515711
214 0.4449202024133904 0.13530499075785582 0.06695212144803425 0.09168207024029575
53 0.36959906578435187 0.1323475046210721 0.09536784741144415 0.11016635859519408
53 0.27500973141300117 0.13382624768946397 0.10003892565200467 0.11682070240295749
29 0.19054106656286493 0.12957486136783733 0.08446866485013624 0.11719038817005545
29 0.10276372129233165 0.12957486136783733 0.08875048657065006 0.11719038817005545
305 0.5029194239003504 0.37929759704251387 0.07162319968859479 0.10277264325323475
78 0.5782405605293889 0.3807763401109057 0.07668353444920202 0.09611829944547134
34 0.12397820163487738 0.4611829944547135 0.08991825613079019 0.12902033271719038
34 0.20708446866485014 0.46487985212569316 0.08797197353055664 0.12975970425138633
187 0.7319968859478396 0.6695009242144178 0.1047100038925652 0.11682070240295749
191 0.8238614246788634 0.6785582255083179 0.12105877773452706 0.11719038817005545
