323 0.04196357878068092 0.1073546856465006 0.08392715756136183 0.1269276393831554
323 0.13222486144101345 0.11427441676551997 0.1250989707046714 0.12969553183076316
5 0.6201504354711006 0.14116251482799524 0.060570071258907364 0.13602214313958086
13 0.6763657957244655 0.14472123368920523 0.05977830562153603 0.1320680110715698
5 0.7276326207442597 0.15045472518782127 0.05463182897862233 0.12534598655595097
5 0.7777117973079969 0.17022538552787664 0.05740300870942201 0.09608540925266904
5 0.8228424386381631 0.17022538552787664 0.060570071258907364 0.09608540925266904
270 0.885193982581156 0.17259786476868327 0.0855106888361045 0.09608540925266904
270 0.9475455265241488 0.1785290628706999 0.08511480601741885 0.08422301304863583
264 0.0888756927949327 0.49920917358639777 0.10174188440221694 0.06207987346777382
264 0.17418844022169439 0.49644128113879005 0.09422011084718923 0.06761565836298933
264 0.2557403008709422 0.49466192170818507 0.0831353919239905 0.0656385923289838
204 0.33966745843230406 0.4837880585211546 0.0791765637371338 0.06366152629497825
204 0.41349960411718134 0.4829972321075524 0.07244655581947744 0.06445235270858046
204 0.48139350752177357 0.4808224594701463 0.06809184481393507 0.05931198102016608
284 0.666270783847981 0.46994859628311586 0.05463182897862233 0.05417160933175168
284 0.6084718923198733 0.4727164887307236 0.060174188440221696 0.060498220640569395
284 0.5484956452889944 0.4739027283511269 0.062153602533650036 0.06207987346777382
265 0.7216943784639747 0.4598655595096876 0.05304829770387965 0.048240411229735075
265 0.7693982581155978 0.4543297746144721 0.05265241488519398 0.0498220640569395
284 0.7216943784639747 0.4873467773823646 0.055423594615993665 0.01383946223803875
73 0.7737529691211401 0.4831949387109529 0.042359461599366585 0.015025701858442072
21 0.7173396674584323 0.4343614076710162 0.04908946951702296 0.006722024515618822
73 0.8196753760886778 0.4578884934756821 0.04948535233570863 0.057730328192961644
73 0.8705463182897862 0.4578884934756821 0.052256532066508314 0.05298536971134836
73 0.9170625494853524 0.45492289442467376 0.04790182106096595 0.05258995650454725
217 0.9703087885985748 0.4525504151838671 0.050673000791765635 0.05258995650454725
109 0.8834125098970704 0.5237247924080665 0.045526524148851936 0.05338078291814947
109 0.8832145684877276 0.5672202451561882 0.04513064133016627 0.04468169236852511
109 0.9214172604908947 0.514630288651641 0.048693586698337295 0.046263345195729534
109 0.9299287410926366 0.5583234480031634 0.05304829770387965 0.05061289047054172
109 0.9661520190023754 0.511071569790431 0.04631828978622328 0.039936733886911824
109 0.966547901821061 0.5488335310399367 0.045526524148851936 0.044286279161724
66 0.7412905779889153 0.5436931593515223 0.07957244655581948 0.05852115460656386
66 0.8097783056215361 0.5363780150257018 0.06294536817102138 0.054962435745353894
66 0.8099762470308789 0.5786872281534203 0.06334125098970704 0.039936733886911824
66 0.7422802850356295 0.5848161328588375 0.07521773555027712 0.03637801502570186
207 0.6070863024544735 0.5476472914195334 0.07007125890736342 0.06168446026097272
207 0.6090657165479019 0.5970739422696718 0.06769596199524941 0.049031237643337285
207 0.6731987331749802 0.5862000790826414 0.06294536817102138 0.057334914986160536
207 0.6706254948535234 0.538552787663108 0.060174188440221696 0.04349545274812179
236 0.5364212193190816 0.5543693159351523 0.07046714172604909 0.06405693950177936
236 0.4655581947743468 0.5597073942269671 0.06967537608867776 0.06919731119019375
236 0.5387965162311956 0.6063661526294978 0.06492478226444973 0.04942665085013839
236 0.47050673000791765 0.6091340450771056 0.07403008709422011 0.05891656781336497
208 0.31254948535233573 0.572162910241202 0.06927949326999208 0.06247528667457493
208 0.39489311163895485 0.5693950177935944 0.06611243072050672 0.057730328192961644
208 0.31967537608867774 0.6233689205219455 0.07086302454473475 0.04942665085013839
208 0.3905384006334125 0.6204033214709371 0.08036421219319081 0.055357848952155
96 0.12589073634204276 0.643930407275603 0.10688836104513064 0.07868722815342033
96 0.14924782264449724 0.5822459470146303 0.0997624703087886 0.05891656781336497
96 0.22743467933491687 0.5776986951364176 0.06769596199524941 0.0498220640569395
96 0.21516231195566113 0.6354290233293792 0.09382422802850356 0.07433768287860815
235 0.15993665874901028 0.7653222617635429 0.12984956452889945 0.11901937524713326
235 0.2670229612034838 0.7487149070778965 0.11203483768804434 0.1158560695927244
8 0.4752573238321457 0.7386318703044682 0.09619952494061758 0.06722024515618821
8 0.37885985748218526 0.754646105179913 0.09738717339667459 0.05970739422696718
8 0.37707838479809974 0.7052194543297746 0.09303246239113222 0.07947805456702253
8 0.47565320665083133 0.6965203637801503 0.10015835312747427 0.06128904705417161
329 0.5809580364212193 0.7046263345195729 0.07561361836896278 0.08540925266903915
329 0.6472684085510689 0.6674574930802689 0.06967537608867776 0.0711743772241993
329 0.7175376088677752 0.6729932779754844 0.07323832145684878 0.08224594701463028
3 0.9230007917656373 0.6536180308422301 0.04631828978622328 0.07038355081059708
3 0.8580760095011877 0.66073546856465 0.07086302454473475 0.07987346777382365
3 0.7937450514647665 0.6637010676156584 0.055423594615993665 0.0660340055357849
33 0.16607284243863815 0.9313958086200079 0.13895486935866982 0.13483590351917754
33 0.2759303246239113 0.9191379992091736 0.11322248614410134 0.1221826809015421
33 0.3974663499604117 0.8845393436140767 0.08709422011084719 0.12969553183076316
33 0.4831749802058591 0.8681296955318307 0.10095011876484561 0.12455516014234876
62 0.6134204275534442 0.8521154606563859 0.07403008709422011 0.10201660735468565
62 0.6852731591448931 0.8289837880585211 0.07521773555027712 0.11269276393831554
62 0.7529691211401425 0.8088177145116647 0.0688836104513064 0.1111111111111111
243 0.8463974663499604 0.7759984183471728 0.10768012668250197 0.07789640173981811
243 0.8463974663499604 0.8163305654408858 0.10768012668250197 0.056544088572558326
243 0.9475455265241488 0.7963621984974298 0.09619952494061758 0.054567022538552785
243 0.9447743467933492 0.7530644523527086 0.10095011876484561 0.06128904705417161
333 0.7333729216152018 0.26294978252273626 0.06848772763262075 0.07591933570581258
250 0.7971100554235946 0.36041913799920916 0.0447347585114806 0.046263345195729534
250 0.8446159936658749 0.3637801502570186 0.03998416468725257 0.04665875840253064
233 0.9560570071258907 0.36022143139580864 0.04513064133016627 0.051403716884143934
233 0.9904988123515439 0.3623962040332147 0.019002375296912115 0.057334914986160536
