165 0.015 0.218 0.03 0.08533333333333333
341 0.05875 0.21133333333333335 0.0565 0.10133333333333333
341 0.10875 0.212 0.0525 0.09866666666666667
341 0.1565 0.21033333333333334 0.047 0.10066666666666667
341 0.2005 0.20833333333333334 0.051 0.106
347 0.2475 0.212 0.049 0.09866666666666667
167 0.29425 0.21 0.0495 0.104
112 0.344 0.20933333333333334 0.05 0.10933333333333334
118 0.39375 0.21433333333333332 0.0525 0.09666666666666666
31 0.4505 0.224 0.053 0.08133333333333333
64 0.50225 0.22666666666666666 0.0525 0.07733333333333334
299 0.805 0.23266666666666666 0.041 0.06
89 0.85 0.223 0.047 0.08066666666666666
320 0.889 0.226 0.041 0.07733333333333334
334 0.9115 0.3313333333333333 0.026 0.058666666666666666
177 0.887 0.3313333333333333 0.034 0.06266666666666666
352 0.85775 0.3303333333333333 0.0315 0.06333333333333334
337 0.8235 0.3333333333333333 0.031 0.056
355 0.797 0.3363333333333333 0.032 0.054
355 0.76775 0.3363333333333333 0.0315 0.054
238 0.72675 0.3353333333333333 0.0435 0.05466666666666667
238 0.681 0.3333333333333333 0.047 0.05733333333333333
55 0.469 0.344 0.03 0.06266666666666666
225 0.4095 0.345 0.031 0.06333333333333334
225 0.38125 0.344 0.0315 0.06266666666666666
355 0.30125 0.352 0.0445 0.072
141 0.259 0.345 0.037 0.09133333333333334
141 0.22 0.3453333333333333 0.037 0.088
304 0.1085 0.344 0.044 0.09333333333333334
304 0.07175 0.344 0.0395 0.09333333333333334
272 0.1155 0.473 0.045 0.09266666666666666
272 0.0735 0.474 0.04 0.088
63 0.21525 0.466 0.0385 0.09333333333333334
63 0.2485 0.467 0.04 0.08866666666666667
25 0.34975 0.44566666666666666 0.0445 0.05533333333333333
339 0.39775 0.44366666666666665 0.0465 0.06066666666666667
225 0.44375 0.44366666666666665 0.0415 0.05533333333333333
71 0.4915 0.44366666666666665 0.04 0.058
19 0.53075 0.44 0.0405 0.05466666666666667
314 0.57825 0.438 0.0405 0.04933333333333333
16 0.61725 0.43466666666666665 0.0405 0.04666666666666667
314 0.57825 0.4806666666666667 0.0395 0.050666666666666665
16 0.6205 0.4826666666666667 0.04 0.050666666666666665
37 0.85775 0.425 0.0315 0.05533333333333333
37 0.88225 0.426 0.0285 0.05466666666666667
355 0.90375 0.426 0.0305 0.050666666666666665
24 0.69075 0.512 0.0375 0.06533333333333333
24 0.6575 0.5186666666666667 0.035 0.05466666666666667
111 0.6185 0.5873333333333334 0.043 0.07333333333333333
222 0.57825 0.591 0.0375 0.06333333333333334
192 0.51675 0.5913333333333334 0.0405 0.06533333333333333
206 0.47675 0.5873333333333334 0.0375 0.072
324 0.44075 0.587 0.0355 0.07
324 0.4045 0.5893333333333334 0.034 0.06533333333333333
142 0.37125 0.587 0.0375 0.07
142 0.33725 0.587 0.0325 0.07
219 0.303 0.5843333333333334 0.039 0.08466666666666667
219 0.26975 0.5853333333333334 0.0355 0.08666666666666667
151 0.23675 0.5873333333333334 0.0385 0.088
171 0.20225 0.5873333333333334 0.0365 0.09333333333333334
40 0.16525 0.5873333333333334 0.0465 0.09333333333333334
304 0.10575 0.6936666666666667 0.0425 0.07933333333333334
304 0.14675 0.6936666666666667 0.0385 0.078
160 0.18375 0.6936666666666667 0.0355 0.074
160 0.21525 0.6936666666666667 0.0325 0.07
355 0.2355 0.6886666666666666 0.033 0.07733333333333334
355 0.26875 0.6866666666666666 0.0325 0.07733333333333334
355 0.302 0.684 0.033 0.07733333333333334
355 0.33025 0.682 0.0325 0.076
325 0.3625 0.682 0.029 0.07066666666666667
325 0.39175 0.681 0.0275 0.07266666666666667
99 0.429 0.678 0.041 0.07733333333333334
99 0.47675 0.6773333333333333 0.0435 0.08133333333333333
306 0.51675 0.6753333333333333 0.0375 0.08
306 0.54325 0.6773333333333333 0.0315 0.07733333333333334
325 0.57825 0.679 0.0295 0.06733333333333333
146 0.60575 0.679 0.0275 0.06333333333333334
355 0.644 0.681 0.03 0.066
355 0.675 0.681 0.031 0.06333333333333334
136 0.70225 0.684 0.0315 0.06266666666666666
136 0.73275 0.684 0.0315 0.06
136 0.75425 0.681 0.0295 0.059333333333333335
136 0.7825 0.684 0.028 0.06
87 0.81425 0.685 0.0245 0.058
87 0.83725 0.6836666666666666 0.0285 0.058
259 0.87325 0.763 0.0305 0.054
259 0.84975 0.762 0.0315 0.05466666666666667
266 0.81775 0.764 0.0325 0.05466666666666667
266 0.78725 0.762 0.0315 0.06
266 0.75225 0.7573333333333333 0.0275 0.06133333333333333
56 0.72775 0.763 0.0305 0.059333333333333335
56 0.675 0.763 0.031 0.059333333333333335
169 0.637 0.764 0.035 0.05733333333333333
169 0.60275 0.767 0.0315 0.054
32 0.5695 0.768 0.03 0.06133333333333333
32 0.54025 0.768 0.0305 0.06266666666666666
106 0.50025 0.767 0.0275 0.066
137 0.41725 0.7706666666666667 0.0275 0.06133333333333333
171 0.3245 0.7876666666666666 0.03 0.07
171 0.29125 0.7893333333333333 0.0375 0.07066666666666667
171 0.23775 0.7933333333333333 0.0345 0.072
171 0.27075 0.7876666666666666 0.0325 0.07
171 0.29725 0.8676666666666667 0.0325 0.07666666666666666
171 0.3265 0.8676666666666667 0.03 0.07
171 0.2405 0.8853333333333333 0.039 0.09333333333333334
100 0.19925 0.882 0.0405 0.08666666666666667
100 0.173 0.8773333333333333 0.035 0.08666666666666667
339 0.351 0.49166666666666664 0.052 0.03933333333333333
339 0.40025 0.49233333333333335 0.0515 0.038
225 0.447 0.49 0.047 0.03866666666666667
71 0.4895 0.48933333333333334 0.045 0.04533333333333334
19 0.533 0.486 0.037 0.04533333333333334
309 0.8265 0.6143333333333333 0.06 0.034
173 0.878 0.6126666666666667 0.047 0.036
297 0.77725 0.617 0.0385 0.028666666666666667
83 0.738 0.6146666666666667 0.034 0.03333333333333333
215 0.69675 0.6123333333333333 0.0325 0.038
83 0.66325 0.614 0.0295 0.04133333333333333
325 0.62 0.686 0.024 0.068
65 0.657 0.868 0.025 0.07066666666666667
65 0.63325 0.8743333333333333 0.0225 0.078
282 0.53525 0.8896666666666667 0.0515 0.06333333333333334
282 0.488 0.8936666666666667 0.04 0.05533333333333333
282 0.444 0.889 0.048 0.07666666666666666
282 0.39525 0.8826666666666667 0.0455 0.084
171 0.26875 0.8723333333333333 0.0255 0.07
355 0.72325 0.8656666666666667 0.0335 0.08866666666666667
355 0.6885 0.867 0.03 0.08733333333333333
124 0.7985 0.8696666666666667 0.03 0.07666666666666666
298 0.83475 0.8653333333333333 0.0345 0.06933333333333333
355 0.87 0.8743333333333333 0.034 0.078
229 0.76575 0.868 0.0505 0.09466666666666666
210 0.436 0.3456666666666667 0.029 0.06333333333333334
49 0.1835 0.47433333333333333 0.025 0.09133333333333334
49 0.155 0.4746666666666667 0.033 0.08266666666666667
353 0.132 0.597 0.035 0.09
247 0.09775 0.5996666666666667 0.0345 0.078
292 0.3935 0.78 0.024 0.04933333333333333
111 0.44425 0.7633333333333333 0.0225 0.05466666666666667
111 0.469 0.7716666666666666 0.026 0.06066666666666667
174 0.871 0.6703333333333333 0.045 0.03133333333333333
174 0.87 0.698 0.043 0.02666666666666667
173 0.73275 0.49833333333333335 0.0465 0.035333333333333335
46 0.78125 0.49833333333333335 0.0495 0.034
287 0.82975 0.49766666666666665 0.0525 0.038
173 0.885 0.49266666666666664 0.059 0.034666666666666665
173 0.8875 0.525 0.051 0.034
287 0.83075 0.5276666666666666 0.0495 0.028666666666666667
46 0.78075 0.529 0.0475 0.027333333333333334
45 0.7325 0.529 0.046 0.027333333333333334
122 0.67225 0.41533333333333333 0.0435 0.032
122 0.67225 0.44333333333333336 0.0415 0.024
355 0.715 0.41133333333333333 0.044 0.034666666666666665
355 0.71825 0.44133333333333336 0.0475 0.028
355 0.768 0.442 0.046 0.025333333333333333
355 0.765 0.4126666666666667 0.053 0.036
189 0.81675 0.4116666666666667 0.0515 0.034
89 0.81825 0.44066666666666665 0.0495 0.02666666666666667
100 0.13875 0.898 0.0315 0.068
100 0.107 0.898 0.027 0.076
