347 0.05717118307997356 0.10326086956521739 0.11434236615994713 0.20652173913043478
347 0.15961665565102445 0.11036789297658862 0.13549239920687375 0.22073578595317725
304 0.2732980832782551 0.11956521739130435 0.11830799735624586 0.23745819397993312
304 0.37045604758757433 0.14046822742474915 0.11566424322538003 0.23578595317725753
64 0.06212822207534699 0.4076086956521739 0.12425644415069398 0.18979933110367894
151 0.04527428949107733 0.6989966555183946 0.09054857898215465 0.20903010033444816
151 0.13417052214144085 0.6885451505016722 0.10442828816920026 0.21989966555183946
272 0.21844018506278917 0.6939799331103679 0.10508922670191673 0.20903010033444816
272 0.29808327825512226 0.6956521739130435 0.0898876404494382 0.20234113712374582
219 0.3664904163912756 0.6956521739130435 0.08261731658955718 0.1939799331103679
219 0.43192333113020487 0.6956521739130435 0.08790482485128882 0.1939799331103679
45 0.5194976867151355 0.7470735785953178 0.10442828816920026 0.0794314381270903
225 0.5918704560475876 0.4661371237458194 0.06278916060806344 0.14130434782608695
103 0.5270984798413747 0.46070234113712377 0.07072042300066093 0.1454849498327759
196 0.4507600793126239 0.451505016722408 0.06741573033707865 0.1505016722408027
210 0.39094514210178455 0.4431438127090301 0.07072042300066093 0.1505016722408027
355 0.3155981493721084 0.4289297658862876 0.10112359550561797 0.17391304347826086
25 0.6781229345670853 0.16346153846153846 0.09649702577660278 0.10785953177257525
25 0.6820885657633841 0.2633779264214047 0.07931262392597488 0.1020066889632107
339 0.7554527428949108 0.286371237458194 0.08724388631857237 0.09448160535117058
200 0.838070059484468 0.29891304347826086 0.08724388631857237 0.09949832775919733
1 0.8935888962326504 0.31312709030100333 0.05551883674818242 0.08277591973244147
1 0.9395241242564442 0.3202341137123746 0.061467283542630535 0.08361204013377926
111 0.8575677461996034 0.4962374581939799 0.05221414408460013 0.12123745819397994
111 0.8192333113020489 0.4962374581939799 0.05485789821546596 0.11956521739130435
111 0.7759418374091209 0.49122073578595316 0.05551883674818242 0.11956521739130435
137 0.73694646397885 0.4962374581939799 0.05551883674818242 0.10785953177257525
137 0.6916721744877726 0.4962374581939799 0.06278916060806344 0.11120401337792642
192 0.9035029742233972 0.7186454849498328 0.06212822207534699 0.11454849498327759
324 0.8377395902181097 0.7186454849498328 0.0667547918043622 0.11120401337792642
304 0.5918704560475876 0.9055183946488294 0.0667547918043622 0.15551839464882944
304 0.5310641110376735 0.907190635451505 0.06939854593522803 0.1688963210702341
49 0.4507600793126239 0.9105351170568562 0.07005948446794448 0.17892976588628762
49 0.38697951090548577 0.9226588628762542 0.07997356245869135 0.15468227424749165
49 0.3172504957038995 0.9168060200668896 0.08724388631857237 0.16638795986622074
141 0.23231989424983476 0.9180602006688964 0.09319233311302048 0.16387959866220736
141 0.15168539325842698 0.9360367892976589 0.10112359550561797 0.12792642140468227
141 0.06939854593522803 0.9226588628762542 0.10046265697290152 0.15468227424749165
83 0.9699272967614012 0.8963210702341137 0.06014540647719762 0.09197324414715718
89 0.8172504957038995 0.9159698996655519 0.06278916060806344 0.10117056856187291
24 0.7670191672174488 0.9159698996655519 0.06278916060806344 0.10117056856187291
146 0.8959021810971579 0.4979096989966555 0.04296100462656973 0.12123745819397994
146 0.9230006609385327 0.5012541806020067 0.04296100462656973 0.11956521739130435
306 0.9458030403172505 0.5050167224080268 0.034368803701255786 0.11371237458193979
178 0.9762062128222075 0.4954013377926421 0.04758757435558493 0.13963210702341136
173 0.6034368803701256 0.6220735785953178 0.09649702577660278 0.07692307692307693
173 0.6024454725710509 0.689799331103679 0.0945142101784534 0.07525083612040134
173 0.6040978189028421 0.7516722408026756 0.0898876404494382 0.06521739130434782
46 0.6896893588896232 0.6258361204013378 0.08922670191672175 0.07274247491638795
46 0.6840713813615333 0.689799331103679 0.08592200925313946 0.07190635451505016
46 0.6883674818241904 0.7474916387959866 0.08129543952412426 0.061872909698996656
87 0.760079312623926 0.689799331103679 0.08195637805684071 0.07023411371237458
87 0.7614011896893589 0.7462374581939799 0.07666886979510905 0.061036789297658864
298 0.6427627230667547 0.9025919732441472 0.05485789821546596 0.14632107023411373
298 0.6900198281559815 0.8996655518394648 0.06609385327164574 0.14214046822742474
189 0.9114342366159948 0.9218227424749164 0.05023132848645076 0.052675585284280936
83 0.9038334434897555 0.8733277591973244 0.06543291473892927 0.05434782608695652
215 0.8645076007931263 0.9109531772575251 0.056840713813615336 0.08444816053511706
142 0.9517514871116987 0.7148829431438127 0.04230006609385327 0.09531772575250837
222 0.9871116986120291 0.7140468227424749 0.025776602775941838 0.09197324414715718
