64 0.1287037037037037 0.040625 0.17222222222222222 0.08125
64 0.29421296296296295 0.048177083333333336 0.1625 0.09635416666666667
64 0.4476851851851852 0.0546875 0.15462962962962962 0.10885416666666667
19 0.5988425925925925 0.08346354166666667 0.12916666666666668 0.07421875
19 0.7164351851851852 0.09401041666666667 0.12916666666666668 0.07135416666666666
200 0.5662037037037037 0.18111979166666667 0.13240740740740742 0.07161458333333333
200 0.694675925925926 0.18984375 0.1439814814814815 0.06979166666666667
200 0.819675925925926 0.198828125 0.13287037037037036 0.06588541666666667
339 0.11481481481481481 0.151171875 0.15925925925925927 0.07161458333333333
339 0.2710648148148148 0.16354166666666667 0.15324074074074073 0.06822916666666666
339 0.41550925925925924 0.17486979166666666 0.14305555555555555 0.06536458333333334
178 0.07083333333333333 0.26705729166666664 0.09351851851851851 0.11015625
178 0.16782407407407407 0.27252604166666666 0.0912037037037037 0.10859375
146 0.2708333333333333 0.28802083333333334 0.07222222222222222 0.08645833333333333
146 0.3474537037037037 0.29140625 0.07268518518518519 0.08541666666666667
146 0.4113425925925926 0.294921875 0.07268518518518519 0.08359375
196 0.49189814814814814 0.30078125 0.10324074074074074 0.08125
103 0.5895833333333333 0.3053385416666667 0.09305555555555556 0.07942708333333333
347 0.6682870370370371 0.3087239583333333 0.08564814814814815 0.07890625
225 0.7509259259259259 0.31223958333333335 0.08981481481481482 0.07708333333333334
225 0.8217592592592593 0.3151041666666667 0.08425925925925926 0.07604166666666666
111 0.07800925925925926 0.39348958333333334 0.08657407407407407 0.07864583333333333
111 0.1638888888888889 0.39622395833333335 0.0824074074074074 0.07682291666666667
111 0.25416666666666665 0.3990885416666667 0.07962962962962963 0.07578125
137 0.35810185185185184 0.4083333333333333 0.07546296296296297 0.06145833333333333
137 0.43125 0.4108072916666667 0.07361111111111111 0.06015625
292 0.49953703703703706 0.412890625 0.0712962962962963 0.05963541666666667
177 0.08148148148148149 0.499609375 0.0824074074074074 0.07109375
334 0.1673611111111111 0.4998697916666667 0.07546296296296297 0.07161458333333333
87 0.26180555555555557 0.5059895833333333 0.07824074074074074 0.0625
87 0.36018518518518516 0.50625 0.07685185185185185 0.0625
184 0.449537037037037 0.5049479166666667 0.08333333333333333 0.065625
184 0.5157407407407407 0.5049479166666667 0.06388888888888888 0.06614583333333333
89 0.600925925925926 0.5139322916666667 0.09259259259259259 0.05026041666666667
89 0.687037037037037 0.5145833333333333 0.09166666666666666 0.0484375
89 0.7611111111111111 0.5147135416666667 0.10092592592592593 0.04765625
106 0.7476851851851852 0.4903645833333333 0.07777777777777778 0.003125
122 0.7368055555555556 0.578515625 0.1162037037037037 0.04192708333333333
287 0.6085648148148148 0.575390625 0.14675925925925926 0.04296875
122 0.732175925925926 0.6115885416666667 0.1125 0.027864583333333335
287 0.5960648148148148 0.6115885416666667 0.13842592592592592 0.031510416666666666
297 0.11782407407407407 0.578125 0.16712962962962963 0.04479166666666667
174 0.2967592592592593 0.576953125 0.1398148148148148 0.048177083333333336
297 0.11018518518518519 0.6151041666666667 0.15185185185185185 0.0359375
174 0.29953703703703705 0.613671875 0.1361111111111111 0.03567708333333333
46 0.4513888888888889 0.5768229166666666 0.13703703703703704 0.04635416666666667
46 0.4462962962962963 0.6145833333333334 0.13333333333333333 0.03125
189 0.24953703703703703 0.6696614583333333 0.13518518518518519 0.04505208333333333
189 0.11689814814814815 0.6729166666666667 0.14027777777777778 0.046875
189 0.10833333333333334 0.708203125 0.1388888888888889 0.03515625
27 0.24513888888888888 0.7033854166666667 0.13287037037037036 0.03802083333333333
320 0.7326388888888888 0.6864583333333333 0.1050925925925926 0.05625
320 0.6337962962962963 0.6864583333333333 0.10555555555555556 0.05677083333333333
56 0.26064814814814813 0.7846354166666667 0.09259259259259259 0.071875
56 0.17314814814814813 0.787109375 0.09351851851851851 0.07630208333333334
56 0.07939814814814815 0.787890625 0.09490740740740741 0.07838541666666667
259 0.3729166666666667 0.7842447916666667 0.08935185185185185 0.06328125
259 0.45416666666666666 0.7822916666666667 0.08981481481481482 0.059375
259 0.5331018518518519 0.7803385416666667 0.0875 0.05546875
32 0.631712962962963 0.7703125 0.0875 0.06302083333333333
32 0.7069444444444445 0.7688802083333334 0.07685185185185185 0.06067708333333333
298 0.5831018518518518 0.8541666666666666 0.06805555555555555 0.059375
298 0.6467592592592593 0.8518229166666667 0.0712962962962963 0.0578125
198 0.7131944444444445 0.849609375 0.06527777777777778 0.05182291666666667
282 0.2622685185185185 0.8721354166666667 0.09305555555555556 0.06302083333333333
282 0.33541666666666664 0.8669270833333333 0.12638888888888888 0.06354166666666666
282 0.42916666666666664 0.8634114583333333 0.1111111111111111 0.06692708333333333
173 0.38680555555555557 0.694140625 0.13194444444444445 0.048177083333333336
184 0.5083333333333333 0.6907552083333334 0.13240740740740742 0.04921875
173 0.49907407407407406 0.6546875 0.12777777777777777 0.025520833333333333
