232 0.9085648148148148 0.11755952380952381 0.1531084656084656 0.05654761904761905
232 0.9083994708994709 0.1605902777777778 0.14285714285714285 0.058779761904761904
232 0.9026124338624338 0.1987847222222222 0.1412037037037037 0.050347222222222224
232 0.7853835978835979 0.15860615079365079 0.1335978835978836 0.046875
232 0.7825727513227513 0.20151289682539683 0.12863756613756613 0.04439484126984127
139 0.6643518518518519 0.12251984126984126 0.1349206349206349 0.05654761904761905
139 0.6613756613756614 0.16257440476190477 0.1335978835978836 0.051835317460317464
139 0.6633597883597884 0.1987847222222222 0.1349206349206349 0.050347222222222224
139 0.5441468253968254 0.1253720238095238 0.1292989417989418 0.053323412698412696
139 0.5421626984126984 0.16356646825396826 0.1292989417989418 0.050347222222222224
139 0.5461309523809523 0.20151289682539683 0.13525132275132276 0.04439484126984127
139 0.42311507936507936 0.12053571428571429 0.13326719576719576 0.051587301587301584
139 0.42509920634920634 0.1605902777777778 0.13525132275132276 0.054811507936507936
139 0.4280753968253968 0.20151289682539683 0.12466931216931217 0.04439484126984127
139 0.3091931216931217 0.203125 0.13161375661375663 0.04017857142857143
267 0.19361772486772486 0.17745535714285715 0.08498677248677249 0.09846230158730158
185 0.12037037037037036 0.17770337301587302 0.083994708994709 0.09846230158730158
185 0.052083333333333336 0.18353174603174602 0.07705026455026455 0.09176587301587301
237 0.12466931216931217 0.2845982142857143 0.20899470899470898 0.04985119047619048
237 0.12466931216931217 0.32601686507936506 0.20899470899470898 0.047867063492063495
237 0.12764550264550265 0.3644593253968254 0.20767195767195767 0.043402777777777776
237 0.32490079365079366 0.2838541666666667 0.20866402116402116 0.04985119047619048
237 0.3237433862433862 0.3253968253968254 0.2037037037037037 0.04811507936507937
237 0.3273809523809524 0.36334325396825395 0.19973544973544974 0.04265873015873016
237 0.5205026455026455 0.28162202380952384 0.21031746031746032 0.05133928571428571
237 0.5299272486772487 0.3230406746031746 0.20601851851851852 0.048859126984126984
237 0.5239748677248677 0.36123511904761907 0.19940476190476192 0.04290674603174603
237 0.7427248677248677 0.28013392857142855 0.2123015873015873 0.05133928571428571
237 0.7326388888888888 0.32043650793650796 0.20403439153439154 0.04662698412698413
237 0.7290013227513228 0.3583829365079365 0.1974206349206349 0.0441468253968254
237 0.8688822751322751 0.3559027777777778 0.10945767195767196 0.046130952380952384
237 0.875 0.3160962301587302 0.10119047619047619 0.046378968253968256
283 0.9297288359788359 0.2880704365079365 0.14054232804232805 0.040426587301587304
283 0.9555224867724867 0.32341269841269843 0.08895502645502645 0.04513888888888889
283 0.9541997354497355 0.36148313492063494 0.0916005291005291 0.04538690476190476
80 0.1281415343915344 0.44382440476190477 0.23313492063492064 0.04836309523809524
80 0.13095238095238096 0.4816468253968254 0.2347883597883598 0.046130952380952384
80 0.13525132275132276 0.5161210317460317 0.2275132275132275 0.04513888888888889
80 0.36921296296296297 0.5137648809523809 0.22123015873015872 0.04241071428571429
80 0.3664021164021164 0.4792906746031746 0.22288359788359788 0.04241071428571429
80 0.3568121693121693 0.44208829365079366 0.22552910052910052 0.04935515873015873
80 0.580026455026455 0.44047619047619047 0.22883597883597884 0.0496031746031746
80 0.5810185185185185 0.4781746031746032 0.22883597883597884 0.042162698412698416
80 0.5828373015873016 0.5125248015873016 0.2199074074074074 0.04241071428571429
80 0.7997685185185185 0.511780753968254 0.22718253968253968 0.043402777777777776
80 0.800760582010582 0.47668650793650796 0.2318121693121693 0.043154761904761904
80 0.8050595238095238 0.43774801587301587 0.23313492063492064 0.04861111111111111
80 0.15443121693121692 0.5750248015873016 0.21428571428571427 0.05133928571428571
80 0.36177248677248675 0.5751488095238095 0.21428571428571427 0.053075396825396824
80 0.572255291005291 0.5730406746031746 0.2113095238095238 0.04935515873015873
80 0.7804232804232805 0.6081349206349206 0.22288359788359788 0.050595238095238096
80 0.5706018518518519 0.6102430555555556 0.2113095238095238 0.038938492063492064
80 0.35830026455026454 0.6125992063492064 0.21263227513227514 0.04117063492063492
80 0.1529431216931217 0.6134672619047619 0.2113095238095238 0.04241071428571429
80 0.15889550264550265 0.6478174603174603 0.2099867724867725 0.04017857142857143
80 0.36177248677248675 0.6438492063492064 0.20833333333333334 0.039186507936507936
80 0.572255291005291 0.6436011904761905 0.2099867724867725 0.04117063492063492
80 0.783068783068783 0.6479414682539683 0.21825396825396826 0.038938492063492064
80 0.19957010582010581 0.7041170634920635 0.20006613756613756 0.03571428571428571
80 0.19957010582010581 0.7358630952380952 0.19345238095238096 0.041666666666666664
80 0.19642857142857142 0.7686011904761905 0.19973544973544974 0.04365079365079365
80 0.3940145502645503 0.7669890873015873 0.2013888888888889 0.04241071428571429
80 0.3923611111111111 0.7333829365079365 0.1960978835978836 0.03819444444444445
80 0.3931878306878307 0.7022569444444444 0.1984126984126984 0.03447420634920635
80 0.5892857142857143 0.6969246031746031 0.1970899470899471 0.025793650793650792
80 0.5876322751322751 0.7309027777777778 0.20105820105820105 0.04513888888888889
80 0.5876322751322751 0.7672371031746031 0.1984126984126984 0.038938492063492064
80 0.7885251322751323 0.7689732142857143 0.21064814814814814 0.044890873015873016
80 0.7853835978835979 0.7379712301587301 0.20502645502645503 0.04241071428571429
80 0.7876984126984127 0.7053571428571429 0.21362433862433863 0.043154761904761904
275 0.18898809523809523 0.8314732142857143 0.16236772486772486 0.03050595238095238
275 0.3541666666666667 0.8299851190476191 0.18981481481481483 0.031994047619047616
275 0.3541666666666667 0.8539186507936508 0.18584656084656084 0.04265873015873016
275 0.16137566137566137 0.8843005952380952 0.20965608465608465 0.06274801587301587
275 0.1509589947089947 0.9343998015873016 0.20667989417989419 0.031001984126984128
275 0.3543320105820106 0.933655753968254 0.19345238095238096 0.031994047619047616
275 0.3637566137566138 0.9029017857142857 0.19907407407407407 0.045882936507936505
275 0.5714285714285714 0.8443700396825397 0.20304232804232805 0.06374007936507936
275 0.5826719576719577 0.9153025793650794 0.21825396825396826 0.06374007936507936
275 0.7789351851851852 0.8272569444444444 0.21263227513227514 0.0339781746031746
275 0.7791005291005291 0.8577628968253969 0.21693121693121692 0.05828373015873016
275 0.808531746031746 0.9149305555555556 0.2275132275132275 0.0625
