30 0.08627717391304347 0.10544 0.13360507246376813 0.15648
30 0.17323369565217392 0.108 0.15172101449275363 0.14816
53 0.08355978260869565 0.29744 0.10371376811594203 0.13024
53 0.19361413043478262 0.29616 0.15896739130434784 0.12064
34 0.09307065217391304 0.47024 0.11639492753623189 0.15648
34 0.20720108695652173 0.46256 0.1490036231884058 0.15648
34 0.343070652173913 0.45616 0.1490036231884058 0.1456
330 0.32133152173913043 0.30256 0.12907608695652173 0.10848
330 0.4273097826086957 0.29872 0.1381340579710145 0.10656
50 0.5346467391304348 0.2936 0.11277173913043478 0.11168
50 0.6216032608695652 0.29488 0.10190217391304347 0.10656
223 0.6773097826086957 0.44336 0.11730072463768115 0.10016
187 0.579483695652174 0.4472 0.12182971014492754 0.11296
223 0.7697010869565217 0.43952 0.09465579710144928 0.09376
164 0.8430706521739131 0.42416 0.0901268115942029 0.09888
164 0.9123641304347826 0.4216 0.08469202898550725 0.09376
181 0.8335597826086957 0.5688 0.0901268115942029 0.10656
181 0.7533967391304348 0.57904 0.11730072463768115 0.11872
97 0.6514945652173914 0.58928 0.10190217391304347 0.11552
342 0.2112771739130435 0.65072 0.1408514492753623 0.1456
342 0.09307065217391304 0.66736 0.13632246376811594 0.1616
23 0.4735054347826087 0.7928 0.1308876811594203 0.14816
23 0.5808423913043478 0.76848 0.11730072463768115 0.13024
23 0.6773097826086957 0.75696 0.11730072463768115 0.12704
205 0.7819293478260869 0.72752 0.09465579710144928 0.15648
205 0.859375 0.71216 0.0973731884057971 0.14816
35 0.9300271739130435 0.69424 0.07291666666666667 0.10656
35 0.9705615942028986 0.68912 0.058876811594202896 0.10656
181 0.9300271739130435 0.5688 0.0901268115942029 0.10848
187 0.469429347826087 0.48176 0.11911231884057971 0.056
97 0.5645380434782609 0.6072 0.11730072463768115 0.13152
97 0.44904891304347827 0.61744 0.12364130434782608 0.12704
342 0.344429347826087 0.6456 0.12182971014492754 0.13728
218 0.08582427536231885 0.86608 0.1644021739130435 0.19936
218 0.22169384057971014 0.8384 0.15715579710144928 0.18944
218 0.3489583333333333 0.82048 0.13903985507246377 0.1536
23 0.41779891304347827 0.80848 0.022192028985507248 0.12768
240 0.7105978260869565 0.30032 0.08514492753623189 0.07776
240 0.7749094202898551 0.29904 0.058876811594202896 0.07648
305 0.833786231884058 0.29728 0.07427536231884058 0.07808
305 0.9026268115942029 0.29728 0.07880434782608696 0.07552
305 0.9608242753623188 0.29584 0.04755434782608696 0.07136
29 0.5647644927536232 0.12976 0.11865942028985507 0.1264
29 0.6700634057971014 0.13536 0.11096014492753623 0.1216
29 0.7678894927536232 0.1408 0.1082427536231884 0.11456
130 0.8609601449275363 0.14512 0.10416666666666667 0.11232
130 0.9461050724637681 0.14864 0.09239130434782608 0.10848
29 0.44067028985507245 0.12192 0.13677536231884058 0.1312
