219 0.051625 0.17133333333333334 0.04375 0.10266666666666667
219 0.0945 0.17516666666666666 0.0495 0.095
219 0.135625 0.177 0.04925 0.09466666666666666
219 0.17075 0.181 0.043 0.088
151 0.20875 0.207 0.0465 0.03933333333333333
151 0.240125 0.181 0.03725 0.088
151 0.27425 0.179 0.038 0.09533333333333334
151 0.31125 0.17816666666666667 0.043 0.09766666666666667
355 0.655 0.36466666666666664 0.038 0.074
137 0.618 0.38916666666666666 0.032 0.053
142 0.56125 0.38716666666666666 0.038 0.06433333333333334
142 0.52225 0.38616666666666666 0.04 0.06433333333333334
222 0.484125 0.38316666666666666 0.04025 0.06433333333333334
222 0.450875 0.38416666666666666 0.03875 0.06366666666666666
192 0.415875 0.38416666666666666 0.04025 0.06366666666666666
192 0.37875 0.38516666666666666 0.0405 0.067
111 0.37875 0.49066666666666664 0.033 0.06733333333333333
111 0.40925 0.49066666666666664 0.0255 0.06666666666666667
111 0.43625 0.4905 0.03 0.065
178 0.591625 0.48083333333333333 0.03125 0.07566666666666666
160 0.380625 0.5726666666666667 0.03525 0.07666666666666666
160 0.41975 0.5725 0.0405 0.07566666666666666
160 0.4725 0.5735 0.0405 0.07566666666666666
160 0.506625 0.5726666666666667 0.04025 0.07733333333333334
160 0.5515 0.5716666666666667 0.035 0.074
160 0.58275 0.5716666666666667 0.034 0.074
160 0.610125 0.5668333333333333 0.03675 0.07566666666666666
160 0.613 0.6468333333333334 0.033 0.07366666666666667
160 0.578 0.6518333333333334 0.033 0.07366666666666667
160 0.5535 0.6478333333333334 0.031 0.07566666666666666
160 0.52225 0.6518333333333334 0.035 0.07366666666666667
160 0.495 0.6508333333333334 0.036 0.07366666666666667
160 0.4675 0.6518333333333334 0.033 0.07366666666666667
160 0.37875 0.6576666666666666 0.033 0.07733333333333334
215 0.79475 0.5501666666666667 0.0435 0.05433333333333333
215 0.831875 0.5521666666666667 0.04225 0.05433333333333333
215 0.868875 0.5521666666666667 0.04225 0.053
56 0.83675 0.6293333333333333 0.052 0.058
56 0.786875 0.6313333333333333 0.03675 0.06666666666666667
259 0.755625 0.6313333333333333 0.04025 0.06666666666666667
266 0.7175 0.6313333333333333 0.035 0.06933333333333333
169 0.69225 0.641 0.038 0.058
169 0.654125 0.641 0.03925 0.059333333333333335
229 0.7605 0.7328333333333333 0.0495 0.083
229 0.79475 0.7338333333333333 0.0495 0.08833333333333333
124 0.828875 0.7308333333333333 0.03875 0.083
298 0.867 0.7336666666666667 0.0435 0.08266666666666667
63 0.737 0.8431666666666666 0.0545 0.09033333333333333
63 0.692125 0.8305 0.04275 0.07166666666666667
63 0.659 0.8315 0.041 0.07166666666666667
160 0.529125 0.768 0.04325 0.088
171 0.576 0.765 0.038 0.08266666666666667
171 0.609125 0.766 0.03475 0.08533333333333333
171 0.5515 0.766 0.038 0.088
100 0.3075 0.8793333333333333 0.0385 0.088
100 0.27425 0.8763333333333333 0.035 0.06933333333333333
100 0.242 0.8831666666666667 0.0375 0.07566666666666666
100 0.212625 0.8871666666666667 0.03425 0.081
100 0.176625 0.889 0.03725 0.08266666666666667
100 0.139375 0.889 0.03825 0.074
100 0.10825 0.8928333333333334 0.035 0.07566666666666666
100 0.080875 0.8938333333333334 0.03425 0.07566666666666666
100 0.113125 0.8051666666666667 0.03725 0.07566666666666666
100 0.139375 0.8021666666666667 0.03725 0.07566666666666666
100 0.1755 0.7993333333333333 0.036 0.07066666666666667
100 0.21175 0.7963333333333333 0.034 0.074
100 0.24 0.7923333333333333 0.0365 0.06933333333333333
100 0.27425 0.7893333333333333 0.035 0.07066666666666667
100 0.309375 0.7895 0.03275 0.07366666666666667
100 0.075 0.804 0.0405 0.08266666666666667
355 0.657 0.568 0.052 0.03133333333333333
355 0.65525 0.5376666666666666 0.053 0.036
309 0.885125 0.47433333333333333 0.04775 0.03133333333333333
309 0.884875 0.4445 0.05375 0.03966666666666667
309 0.836 0.4756666666666667 0.056 0.037333333333333336
309 0.836 0.444 0.0525 0.037333333333333336
137 0.592375 0.387 0.02925 0.051333333333333335
160 0.409125 0.6541666666666667 0.03275 0.07833333333333334
160 0.438125 0.6573333333333333 0.02225 0.08
171 0.41275 0.8656666666666667 0.0345 0.09
171 0.435375 0.8538333333333333 0.03325 0.08633333333333333
171 0.46225 0.8556666666666667 0.0345 0.08533333333333333
171 0.487625 0.863 0.02175 0.08
171 0.607375 0.8576666666666667 0.02575 0.06666666666666667
171 0.576875 0.8558333333333333 0.03325 0.069
171 0.553375 0.8606666666666667 0.03275 0.066
171 0.527375 0.8606666666666667 0.03275 0.06133333333333333
100 0.215875 0.7008333333333333 0.04425 0.07433333333333333
100 0.250125 0.6961666666666667 0.03275 0.08366666666666667
100 0.2835 0.6961666666666667 0.038 0.093
100 0.303 0.7031666666666667 0.0285 0.079
341 0.071 0.2915 0.0645 0.10833333333333334
272 0.332 0.2986666666666667 0.0435 0.09
272 0.302875 0.29783333333333334 0.03825 0.09766666666666667
341 0.260375 0.2951666666666667 0.04525 0.08766666666666667
341 0.214125 0.28883333333333333 0.05925 0.103
341 0.1575 0.29283333333333333 0.0495 0.09366666666666666
341 0.12275 0.289 0.039 0.11066666666666666
141 0.07175 0.42766666666666664 0.0495 0.10066666666666667
141 0.11225 0.42983333333333335 0.046 0.10766666666666666
141 0.149125 0.42483333333333334 0.04425 0.09766666666666667
340 0.283375 0.4205 0.05275 0.103
340 0.331 0.42283333333333334 0.04 0.09833333333333333
304 0.324625 0.5523333333333333 0.02975 0.08666666666666667
304 0.29075 0.5521666666666667 0.043 0.10366666666666667
304 0.243625 0.5393333333333333 0.03375 0.07666666666666666
304 0.2145 0.5433333333333333 0.039 0.08133333333333333
304 0.18375 0.542 0.029 0.07733333333333334
304 0.147875 0.5425 0.03725 0.07033333333333333
304 0.11175 0.5473333333333333 0.047 0.09533333333333334
304 0.07775 0.5453333333333333 0.029 0.08066666666666666
200 0.35675 0.15733333333333333 0.0425 0.05466666666666667
200 0.399625 0.16066666666666668 0.04225 0.052
200 0.356625 0.20466666666666666 0.04075 0.044
200 0.400125 0.20566666666666666 0.04025 0.04
339 0.4455 0.159 0.041 0.05333333333333334
339 0.4455 0.205 0.042 0.04133333333333333
339 0.487875 0.16083333333333333 0.04225 0.051666666666666666
339 0.486625 0.20616666666666666 0.04025 0.043
71 0.52675 0.1525 0.0425 0.057666666666666665
71 0.52675 0.20383333333333334 0.0415 0.04633333333333333
189 0.752875 0.5355 0.04575 0.035
27 0.75225 0.5638333333333333 0.045 0.025666666666666667
27 0.704625 0.5555 0.04375 0.043666666666666666
87 0.657625 0.44516666666666665 0.04075 0.033
87 0.697875 0.44516666666666665 0.04075 0.033
87 0.65775 0.47433333333333333 0.04 0.025333333333333333
87 0.698 0.47433333333333333 0.0395 0.025333333333333333
173 0.74325 0.44366666666666665 0.046 0.03333333333333333
173 0.7885 0.44433333333333336 0.0465 0.03266666666666666
173 0.7885 0.4735 0.046 0.027
173 0.743375 0.4735 0.04575 0.027
174 0.693375 0.3515 0.04575 0.034333333333333334
174 0.693375 0.38133333333333336 0.04575 0.02666666666666667
297 0.743875 0.35033333333333333 0.04525 0.034
297 0.743625 0.38033333333333336 0.04675 0.02666666666666667
297 0.79325 0.35083333333333333 0.0465 0.034333333333333334
297 0.79325 0.38066666666666665 0.046 0.026
46 0.841125 0.3511666666666667 0.04725 0.033666666666666664
46 0.84125 0.38083333333333336 0.046 0.025666666666666667
46 0.885875 0.351 0.04525 0.03333333333333333
46 0.885875 0.38083333333333336 0.04425 0.026333333333333334
89 0.663 0.2945 0.0315 0.036333333333333336
89 0.694375 0.2946666666666667 0.03125 0.036
83 0.724875 0.29483333333333334 0.03225 0.036333333333333336
83 0.754625 0.29483333333333334 0.03025 0.036333333333333336
122 0.7935 0.3011666666666667 0.04 0.023666666666666666
122 0.790375 0.2745 0.04425 0.031
203 0.770625 0.2946666666666667 0.00525 0.036
64 0.380625 0.28933333333333333 0.04925 0.07666666666666666
64 0.427375 0.2895 0.04775 0.07633333333333334
103 0.46575 0.2971666666666667 0.026 0.059666666666666666
103 0.49075 0.2971666666666667 0.0265 0.059666666666666666
225 0.520875 0.297 0.02775 0.06133333333333333
225 0.547625 0.2976666666666667 0.02675 0.059333333333333335
196 0.57625 0.2975 0.0265 0.061
196 0.60475 0.2975 0.026 0.061
325 0.56575 0.48633333333333334 0.021 0.059333333333333335
325 0.545375 0.48633333333333334 0.02025 0.06
325 0.524875 0.4865 0.02075 0.059666666666666666
325 0.504 0.4865 0.02 0.059666666666666666
146 0.481125 0.4865 0.02175 0.059666666666666666
178 0.460375 0.4865 0.01675 0.060333333333333336
49 0.18625 0.42333333333333334 0.037 0.088
49 0.213375 0.423 0.02775 0.08733333333333333
49 0.238375 0.4231666666666667 0.03425 0.08766666666666667
259 0.638625 0.749 0.02675 0.056666666666666664
259 0.6655 0.7488333333333334 0.0305 0.05633333333333333
282 0.866875 0.8591666666666666 0.04775 0.06366666666666666
282 0.808625 0.8486666666666667 0.06125 0.05733333333333333
282 0.794625 0.8611666666666666 0.04425 0.04833333333333333
229 0.703375 0.7225 0.04775 0.09233333333333334
