229 0.241625 0.9285 0.06925 0.09233333333333334
229 0.306 0.9148333333333334 0.0615 0.08166666666666667
229 0.35675 0.9313333333333333 0.0715 0.12
282 0.4105 0.9226666666666666 0.0595 0.09466666666666666
282 0.461375 0.9315 0.06925 0.11766666666666667
256 0.512 0.9166666666666666 0.0595 0.096
32 0.510125 0.8191666666666667 0.05475 0.08966666666666667
136 0.43875 0.8191666666666667 0.039 0.08633333333333333
136 0.4085 0.8191666666666667 0.043 0.09233333333333334
259 0.366625 0.8211666666666667 0.04775 0.08233333333333333
259 0.322625 0.8241666666666667 0.05275 0.08233333333333333
56 0.269875 0.822 0.05725 0.08933333333333333
56 0.226875 0.822 0.05075 0.08933333333333333
306 0.56875 0.661 0.0615 0.08933333333333333
74 0.62825 0.663 0.0705 0.092
355 0.676125 0.6648333333333334 0.04775 0.08233333333333333
106 0.71225 0.663 0.0455 0.092
111 0.745375 0.6648333333333334 0.04925 0.08633333333333333
146 0.791375 0.663 0.06175 0.08933333333333333
178 0.843125 0.661 0.05575 0.092
178 0.88125 0.66 0.0555 0.092
304 0.94175 0.6141666666666666 0.0545 0.11233333333333333
304 0.97675 0.6091666666666666 0.0465 0.107
222 0.9075 0.5535 0.0665 0.08433333333333333
222 0.85575 0.5535 0.0665 0.08766666666666667
142 0.800125 0.5535 0.06625 0.08766666666666667
142 0.760125 0.5535 0.06175 0.08766666666666667
324 0.71225 0.5535 0.0615 0.09233333333333334
324 0.666375 0.5555 0.05725 0.08766666666666667
192 0.61175 0.5535 0.0665 0.08233333333333333
137 0.558 0.5575 0.0545 0.08633333333333333
355 0.10775 0.3015 0.077 0.11433333333333333
46 0.181 0.31333333333333335 0.097 0.09133333333333334
46 0.260125 0.31333333333333335 0.09825 0.08933333333333333
20 0.3305 0.3085 0.0665 0.09366666666666666
20 0.388 0.3055 0.0665 0.09633333333333334
37 0.435875 0.3065 0.05375 0.09833333333333333
37 0.475 0.3055 0.05 0.09966666666666667
37 0.516 0.3065 0.0515 0.09633333333333334
198 0.639 0.31916666666666665 0.077 0.11433333333333333
339 0.806 0.324 0.098 0.10666666666666667
200 0.881625 0.32566666666666666 0.08475 0.10466666666666667
206 0.984875 0.16283333333333333 0.03025 0.12233333333333334
64 0.930125 0.157 0.09025 0.13
64 0.852 0.157 0.087 0.13
225 0.781625 0.16083333333333333 0.06925 0.123
225 0.73475 0.16083333333333333 0.0665 0.123
225 0.68975 0.15983333333333333 0.0665 0.123
103 0.635125 0.16083333333333333 0.06225 0.123
103 0.58525 0.16083333333333333 0.0635 0.123
1 0.530625 0.164 0.05725 0.12
352 0.2815 0.16583333333333333 0.0665 0.11433333333333333
334 0.23175 0.16083333333333333 0.067 0.123
177 0.168375 0.164 0.06925 0.12
334 0.2455 0.041 0.0665 0.082
200 0.957875 0.32016666666666665 0.08425 0.107
25 0.72075 0.324 0.077 0.104
198 0.5795 0.324 0.0745 0.104
89 0.192 0.4165 0.0655 0.07033333333333333
215 0.24325 0.416 0.062 0.06933333333333333
89 0.29775 0.4155 0.0625 0.069
89 0.352125 0.4155 0.06025 0.069
89 0.403375 0.41533333333333333 0.05775 0.06866666666666667
83 0.457375 0.41533333333333333 0.05525 0.06866666666666667
83 0.50675 0.41533333333333333 0.0555 0.068
210 0.571125 0.4525 0.04275 0.095
210 0.611125 0.4513333333333333 0.05075 0.09666666666666666
332 0.655875 0.4525 0.05025 0.095
332 0.695875 0.4513333333333333 0.05425 0.09666666666666666
173 0.495125 0.6038333333333333 0.06725 0.041666666666666664
173 0.49475 0.6418333333333334 0.066 0.041666666666666664
173 0.4275 0.6436666666666667 0.067 0.04466666666666667
189 0.36125 0.6441666666666667 0.063 0.04566666666666667
189 0.192625 0.6398333333333334 0.07375 0.060333333333333336
27 0.25675 0.6391666666666667 0.072 0.059
189 0.311 0.6386666666666667 0.042 0.058
87 0.163625 0.5035 0.07075 0.047
87 0.172125 0.5448333333333333 0.06925 0.042333333333333334
309 0.241125 0.5413333333333333 0.07575 0.04733333333333333
297 0.38025 0.5405 0.071 0.045
297 0.378375 0.49783333333333335 0.07075 0.043
297 0.309625 0.5038333333333334 0.07275 0.05366666666666667
297 0.31275 0.5433333333333333 0.0725 0.038
174 0.45225 0.5351666666666667 0.07 0.051666666666666666
174 0.452 0.48783333333333334 0.07 0.04833333333333333
184 0.508625 0.5166666666666667 0.03475 0.076
298 0.157875 0.9305 0.05975 0.10366666666666667
298 0.111875 0.9395 0.03675 0.095
298 0.083625 0.9248333333333333 0.03425 0.05566666666666667
298 0.04825 0.9166666666666666 0.0355 0.05733333333333333
171 0.591375 0.756 0.02325 0.07533333333333334
171 0.618875 0.7415 0.02325 0.052333333333333336
171 0.6565 0.7563333333333333 0.0405 0.07266666666666667
171 0.691125 0.7628333333333334 0.02525 0.077
355 0.692625 0.867 0.01975 0.068
171 0.66175 0.8681666666666666 0.04 0.07033333333333333
171 0.625625 0.8711666666666666 0.04175 0.06966666666666667
171 0.594625 0.8688333333333333 0.02875 0.06633333333333333
171 0.749625 0.8546666666666667 0.02325 0.076
171 0.76875 0.8293333333333334 0.0245 0.07933333333333334
171 0.793375 0.8093333333333333 0.02575 0.07866666666666666
171 0.840875 0.8643333333333333 0.03375 0.07866666666666666
100 0.915875 0.8176666666666667 0.05225 0.09333333333333334
100 0.971125 0.8431666666666666 0.05025 0.099
100 0.884875 0.9331666666666667 0.03325 0.063
100 0.908 0.9288333333333333 0.022 0.05566666666666667
100 0.9435 0.931 0.038 0.05333333333333334
122 0.095125 0.19016666666666668 0.09025 0.05633333333333333
266 0.197875 0.7211666666666666 0.04375 0.06766666666666667
266 0.24225 0.7221666666666666 0.052 0.07033333333333333
266 0.283375 0.7213333333333334 0.04975 0.06533333333333333
266 0.325125 0.7218333333333333 0.04475 0.07433333333333333
266 0.3685 0.7185 0.0485 0.06633333333333333
169 0.411 0.7178333333333333 0.0465 0.07433333333333333
