59 0.017361111111111112 0.4099702380952381 0.034722222222222224 0.05257936507936508
315 0.05853174603174603 0.41096230158730157 0.05357142857142857 0.0496031746031746
315 0.10912698412698413 0.40811011904761907 0.057539682539682536 0.05084325396825397
212 0.42080026455026454 0.4696180555555556 0.045965608465608467 0.03943452380952381
212 0.3826058201058201 0.46862599206349204 0.03968253968253968 0.03943452380952381
212 0.3435846560846561 0.46862599206349204 0.041666666666666664 0.041914682539682536
345 0.30257936507936506 0.46862599206349204 0.04563492063492063 0.04241071428571429
345 0.26455026455026454 0.46862599206349204 0.04563492063492063 0.045882936507936505
92 0.22536375661375663 0.46862599206349204 0.045965608465608467 0.045882936507936505
92 0.18931878306878308 0.46862599206349204 0.045965608465608467 0.04290674603174603
38 0.25363756613756616 0.6199156746031746 0.05357142857142857 0.05431547619047619
38 0.29381613756613756 0.6170634920634921 0.045965608465608467 0.05406746031746032
3 0.3463955026455027 0.6170634920634921 0.06977513227513228 0.05406746031746032
3 0.41187169312169314 0.6150793650793651 0.06977513227513228 0.06001984126984127
21 0.4685846560846561 0.6112351190476191 0.04298941798941799 0.061755952380952384
21 0.50380291005291 0.6102430555555556 0.045965608465608467 0.06125992063492063
109 0.5595238095238095 0.6072668650793651 0.05291005291005291 0.060267857142857144
109 0.6121031746031746 0.6102430555555556 0.057539682539682536 0.060267857142857144
296 0.6716269841269841 0.6072668650793651 0.056878306878306875 0.060267857142857144
296 0.7253637566137566 0.6072668650793651 0.05720899470899471 0.060267857142857144
349 0.7878637566137566 0.6092509920634921 0.05720899470899471 0.05431547619047619
349 0.8445767195767195 0.6072668650793651 0.057539682539682536 0.053323412698412696
73 0.18072089947089948 0.29191468253968256 0.0625 0.04117063492063492
73 0.23561507936507936 0.2914186507936508 0.06183862433862434 0.04365079365079365
204 0.27132936507936506 0.33023313492063494 0.0625 0.04985119047619048
204 0.32589285714285715 0.32961309523809523 0.05720899470899471 0.04662698412698413
73 0.21031746031746032 0.3334573412698413 0.06746031746031746 0.046378968253968256
73 0.15591931216931218 0.33469742063492064 0.05919312169312169 0.04538690476190476
157 0.5044642857142857 0.322296626984127 0.05654761904761905 0.05084325396825397
284 0.44494047619047616 0.32626488095238093 0.059854497354497355 0.045882936507936505
284 0.38921957671957674 0.3272569444444444 0.05886243386243386 0.04538690476190476
284 0.3923611111111111 0.28125 0.04861111111111111 0.0496031746031746
284 0.44328703703703703 0.27728174603174605 0.060515873015873016 0.056051587301587304
150 0.5846560846560847 0.2699652777777778 0.06084656084656084 0.05580357142857143
150 0.6435185185185185 0.2700892857142857 0.05952380952380952 0.054563492063492064
150 0.583994708994709 0.3209325396825397 0.057539682539682536 0.04712301587301587
150 0.6435185185185185 0.32006448412698413 0.05952380952380952 0.047867063492063495
280 0.6946097883597884 0.31361607142857145 0.04332010582010582 0.05580357142857143
280 0.7339616402116402 0.3125 0.04332010582010582 0.05654761904761905
307 0.7860449735449735 0.31274801587301587 0.04828042328042328 0.05406746031746032
307 0.8315145502645502 0.3117559523809524 0.05324074074074074 0.05257936507936508
239 0.8874007936507936 0.30319940476190477 0.0539021164021164 0.06770833333333333
239 0.9255952380952381 0.3013392857142857 0.0496031746031746 0.06994047619047619
217 0.4384920634920635 0.3949652777777778 0.05952380952380952 0.04439484126984127
217 0.3826058201058201 0.39632936507936506 0.056216931216931214 0.04513888888888889
265 0.32919973544973546 0.39732142857142855 0.05720899470899471 0.04563492063492063
265 0.27728174603174605 0.39893353174603174 0.05588624338624339 0.04290674603174603
264 0.22073412698412698 0.3998015873015873 0.060515873015873016 0.04265873015873016
264 0.16815476190476192 0.40029761904761907 0.054563492063492064 0.04117063492063492
207 0.21577380952380953 0.5238095238095238 0.06316137566137567 0.034722222222222224
207 0.21643518518518517 0.5556795634920635 0.05720899470899471 0.031994047619047616
207 0.27215608465608465 0.5553075396825397 0.0582010582010582 0.03273809523809524
207 0.273478835978836 0.5224454365079365 0.06746031746031746 0.0339781746031746
236 0.3353174603174603 0.5545634920634921 0.061507936507936505 0.03422619047619048
236 0.3429232804232804 0.5212053571428571 0.06084656084656084 0.0339781746031746
236 0.39814814814814814 0.5159970238095238 0.0582010582010582 0.025049603174603176
236 0.39831349206349204 0.5494791666666666 0.05787037037037037 0.04439484126984127
329 0.3169642857142857 0.6966765873015873 0.0625 0.0441468253968254
329 0.2605820105820106 0.7023809523809523 0.0582010582010582 0.03373015873015873
86 0.37533068783068785 0.7041170634920635 0.0667989417989418 0.028273809523809524
86 0.3726851851851852 0.673859126984127 0.0667989417989418 0.033234126984126984
86 0.439484126984127 0.6754712301587301 0.06944444444444445 0.037450396825396824
86 0.4417989417989418 0.7058531746031746 0.0667989417989418 0.0248015873015873
132 0.5104166666666666 0.7061011904761905 0.06382275132275132 0.027777777777777776
132 0.5104166666666666 0.6744791666666666 0.06514550264550265 0.03794642857142857
86 0.5783730158730159 0.6741071428571429 0.06878306878306878 0.03670634920634921
132 0.5783730158730159 0.7049851190476191 0.0667989417989418 0.02703373015873016
152 0.6372354497354498 0.6767113095238095 0.05555555555555555 0.04241071428571429
152 0.6377314814814815 0.7026289682539683 0.05191798941798942 0.025793650793650792
271 0.6960978835978836 0.6974206349206349 0.05555555555555555 0.040674603174603176
271 0.6886574074074074 0.6656746031746031 0.05191798941798942 0.023809523809523808
271 0.7470238095238095 0.6669146825396826 0.06018518518518518 0.027281746031746032
271 0.7542989417989417 0.6970486111111112 0.052248677248677246 0.03447420634920635
235 0.814318783068783 0.6832837301587301 0.07572751322751323 0.061507936507936505
243 0.6175595238095238 0.7600446428571429 0.11210317460317461 0.03844246031746032
243 0.6175595238095238 0.7886904761904762 0.11210317460317461 0.023313492063492064
96 0.6959325396825397 0.7739335317460317 0.0710978835978836 0.04985119047619048
208 0.7521494708994709 0.7821180555555556 0.05787037037037037 0.036458333333333336
33 0.8258928571428571 0.7669890873015873 0.08234126984126984 0.0642361111111111
82 0.45849867724867727 0.5541914682539683 0.04332010582010582 0.028521825396825396
82 0.4988425925925926 0.5548115079365079 0.044642857142857144 0.027777777777777776
82 0.5424933862433863 0.5539434523809523 0.03935185185185185 0.029513888888888888
82 0.5773809523809523 0.5530753968253969 0.03439153439153439 0.02976190476190476
82 0.6162367724867724 0.5420386904761905 0.03406084656084656 0.041914682539682536
250 0.6550925925925926 0.5491071428571429 0.046957671957671955 0.03273809523809524
250 0.654431216931217 0.5172371031746031 0.04497354497354497 0.033482142857142856
250 0.7238756613756614 0.5450148809523809 0.05092592592592592 0.04092261904761905
233 0.8247354497354498 0.543030753968254 0.05357142857142857 0.04241071428571429
233 0.7734788359788359 0.5443948412698413 0.03835978835978836 0.043154761904761904
52 0.8916997354497355 0.3835565476190476 0.0796957671957672 0.043402777777777776
52 0.8219246031746031 0.3851686507936508 0.0744047619047619 0.043154761904761904
62 0.2837301587301587 0.7645089285714286 0.05291005291005291 0.06870039682539683
62 0.33465608465608465 0.7669890873015873 0.06349206349206349 0.06473214285714286
