284 0.28013392857142855 0.24487433862433863 0.05084325396825397 0.06382275132275132
284 0.3289930555555556 0.24586640211640212 0.045882936507936505 0.06448412698412699
157 0.37785218253968256 0.2478505291005291 0.05084325396825397 0.06646825396825397
280 0.4227430555555556 0.2478505291005291 0.03249007936507937 0.06646825396825397
280 0.45783730158730157 0.2518187830687831 0.03670634920634921 0.06646825396825397
307 0.4930555555555556 0.25578703703703703 0.03125 0.05654761904761905
307 0.5203373015873016 0.25562169312169314 0.034722222222222224 0.062169312169312166
188 0.5545634920634921 0.25562169312169314 0.03273809523809524 0.062169312169312166
239 0.5849454365079365 0.25562169312169314 0.03050595238095238 0.06415343915343916
239 0.6150793650793651 0.25380291005291006 0.030257936507936508 0.06448412698412699
239 0.5858134920634921 0.19113756613756613 0.030753968253968252 0.06613756613756613
188 0.5545634920634921 0.17956349206349206 0.03422619047619048 0.082010582010582
188 0.49689980158730157 0.2088293650793651 0.045882936507936505 0.045965608465608467
270 0.6727430555555556 0.22933201058201058 0.06225198412698413 0.11607142857142858
11 0.7362351190476191 0.22056878306878308 0.07762896825396826 0.13624338624338625
130 0.8017113095238095 0.41203703703703703 0.07663690476190477 0.12169312169312169
130 0.8768601190476191 0.41203703703703703 0.0835813492063492 0.11838624338624339
271 0.9345238095238095 0.4255952380952381 0.060515873015873016 0.10846560846560846
149 0.9792906746031746 0.42658730158730157 0.03844246031746032 0.1111111111111111
52 0.7362351190476191 0.3602843915343915 0.036458333333333336 0.045304232804232805
52 0.6903521825396826 0.35631613756613756 0.056299603174603176 0.05324074074074074
244 0.6307043650793651 0.3533399470899471 0.0496031746031746 0.05654761904761905
244 0.5623759920634921 0.3523478835978836 0.05084325396825397 0.05654761904761905
217 0.3699156746031746 0.3445767195767196 0.045882936507936505 0.062169312169312166
217 0.3240327380952381 0.3435846560846561 0.045882936507936505 0.05952380952380952
265 0.27914186507936506 0.3416005291005291 0.045882936507936505 0.061507936507936505
265 0.2312748015873016 0.3386243386243386 0.04290674603174603 0.062169312169312166
264 0.1853918650793651 0.33779761904761907 0.045882936507936505 0.06448412698412699
73 0.1840277777777778 0.2468584656084656 0.04265873015873016 0.05787037037037037
204 0.22681051587301587 0.24206349206349206 0.047371031746031744 0.0701058201058201
73 0.19642857142857142 0.18882275132275134 0.053075396825396824 0.061507936507936505
53 0.7961309523809523 0.5795304232804233 0.06845238095238096 0.10416666666666667
53 0.8602430555555556 0.5811838624338624 0.0726686507936508 0.10615079365079365
194 0.912078373015873 0.5876322751322751 0.04935515873015873 0.09523809523809523
194 0.9632936507936508 0.5907738095238095 0.07341269841269842 0.09556878306878307
97 0.7779017857142857 0.7265211640211641 0.07217261904761904 0.12169312169312169
97 0.8400297619047619 0.7270171957671958 0.07589285714285714 0.12334656084656084
181 0.9061259920634921 0.7291666666666666 0.08060515873015874 0.12764550264550265
181 0.9610615079365079 0.7294973544973545 0.07589285714285714 0.12764550264550265
218 0.7725694444444444 0.9108796296296297 0.07490079365079365 0.1531084656084656
218 0.8371775793650794 0.9143518518518519 0.0835813492063492 0.1593915343915344
34 0.9031498015873016 0.935681216931217 0.07862103174603174 0.1173941798941799
333 0.9553571428571429 0.9141865079365079 0.08630952380952381 0.1597222222222222
8 0.6982886904761905 0.9214616402116402 0.0642361111111111 0.08961640211640212
8 0.6414930555555556 0.9206349206349206 0.061755952380952384 0.08862433862433862
96 0.5364583333333334 0.8855820105820106 0.047619047619047616 0.052248677248677246
96 0.5349702380952381 0.9464285714285714 0.044642857142857144 0.06084656084656084
208 0.5824652777777778 0.9404761904761905 0.047371031746031744 0.06349206349206349
208 0.582093253968254 0.8791335978835979 0.03571428571428571 0.059854497354497355
243 0.46912202380952384 0.9191468253968254 0.08655753968253968 0.06183862433862434
243 0.4681299603174603 0.8707010582010583 0.08308531746031746 0.04894179894179894
246 0.3453621031746032 0.8531746031746031 0.05233134920634921 0.042328042328042326
246 0.3940972222222222 0.8766534391534392 0.062003968253968256 0.05291005291005291
246 0.3359375 0.8948412698412699 0.054811507936507936 0.03042328042328042
246 0.3975694444444444 0.9401455026455027 0.059027777777777776 0.06746031746031746
246 0.3392857142857143 0.937665343915344 0.06101190476190476 0.06845238095238096
329 0.23102678571428573 0.7607473544973545 0.06225198412698413 0.09424603174603174
329 0.2898065476190476 0.7666997354497355 0.058779761904761904 0.08895502645502645
132 0.4019097222222222 0.7759589947089947 0.048859126984126984 0.049933862433862435
132 0.35478670634920634 0.7703373015873016 0.05233134920634921 0.05720899470899471
86 0.4567212301587302 0.7906746031746031 0.05828373015873016 0.05952380952380952
86 0.5132688492063492 0.7931547619047619 0.05679563492063492 0.05588624338624339
86 0.5679563492063492 0.7944775132275133 0.054563492063492064 0.05324074074074074
333 0.7132936507936508 0.7971230158730159 0.049107142857142856 0.06712962962962964
271 0.6688988095238095 0.8035714285714286 0.05357142857142857 0.06415343915343916
271 0.6231398809523809 0.8052248677248677 0.047867063492063495 0.056878306878306875
109 0.6598462301587301 0.75380291005291 0.041914682539682536 0.040013227513227514
82 0.5678323412698413 0.685515873015873 0.03447420634920635 0.051587301587301584
82 0.5259176587301587 0.6886574074074074 0.030009920634920636 0.044642857142857144
82 0.5256696428571429 0.6431878306878307 0.029513888888888888 0.056878306878306875
233 0.6080109126984127 0.685681216931217 0.03298611111111111 0.05588624338624339
233 0.6390128968253969 0.6870039682539683 0.03298611111111111 0.0539021164021164
250 0.7154017857142857 0.6886574074074074 0.038938492063492064 0.06183862433862434
250 0.6778273809523809 0.6866732804232805 0.04365079365079365 0.0625
158 0.6731150793650794 0.6362433862433863 0.03422619047619048 0.04431216931216931
250 0.7090773809523809 0.6375661375661376 0.03670634920634921 0.04563492063492063
296 0.3583829365079365 0.6678240740740741 0.03819444444444445 0.0539021164021164
296 0.39831349206349204 0.6708002645502645 0.041666666666666664 0.05654761904761905
349 0.4409722222222222 0.6709656084656085 0.041666666666666664 0.056878306878306875
349 0.48474702380952384 0.683531746031746 0.046378968253968256 0.0582010582010582
109 0.2748015873015873 0.6656746031746031 0.053075396825396824 0.056878306878306875
109 0.3178323412698413 0.6590608465608465 0.034970238095238096 0.047619047619047616
62 0.2074652777777778 0.6539351851851852 0.0662202380952381 0.08432539682539683
345 0.19618055555555555 0.5509259259259259 0.030257936507936508 0.03902116402116402
92 0.22817460317460317 0.5500992063492064 0.03720238095238095 0.044642857142857144
131 0.28137400793650796 0.558531746031746 0.05282738095238095 0.05555555555555555
131 0.3189484126984127 0.5618386243386243 0.027281746031746032 0.05092592592592592
345 0.45275297619047616 0.5651455026455027 0.027529761904761904 0.051587301587301584
21 0.4849950396825397 0.5505952380952381 0.033482142857142856 0.08531746031746032
21 0.5153769841269841 0.5502645502645502 0.03273809523809524 0.08597883597883597
21 0.5372023809523809 0.5464616402116402 0.0248015873015873 0.08035714285714286
207 0.7260664682539683 0.5241402116402116 0.060267857142857144 0.061507936507936505
207 0.7230902777777778 0.5806878306878307 0.05580357142857143 0.05489417989417989
207 0.6752232142857143 0.5717592592592593 0.05133928571428571 0.05489417989417989
207 0.6713789682539683 0.5166997354497355 0.046130952380952384 0.05787037037037037
12 0.6282242063492064 0.5183531746031746 0.04265873015873016 0.05720899470899471
12 0.6282242063492064 0.5712632275132276 0.044642857142857144 0.05257936507936508
12 0.5850694444444444 0.5213293650793651 0.04117063492063492 0.05919312169312169
12 0.582093253968254 0.5725859788359788 0.044642857142857144 0.04728835978835979
29 0.9644097222222222 0.23544973544973544 0.07068452380952381 0.14682539682539683
