200 0.07291666666666667 0.18333333333333332 0.11388888888888889 0.06145833333333333
200 0.06805555555555555 0.22526041666666666 0.08611111111111111 0.0515625
225 0.13055555555555556 0.21640625 0.05694444444444444 0.06197916666666667
225 0.17847222222222223 0.21458333333333332 0.05277777777777778 0.06458333333333334
103 0.22743055555555555 0.21458333333333332 0.050694444444444445 0.06145833333333333
103 0.27881944444444445 0.21276041666666667 0.050694444444444445 0.0640625
25 0.34756944444444443 0.22317708333333333 0.07569444444444444 0.044270833333333336
339 0.4409722222222222 0.22239583333333332 0.08333333333333333 0.04583333333333333
282 0.5270833333333333 0.21276041666666667 0.08333333333333333 0.0640625
282 0.634375 0.20963541666666666 0.0798611111111111 0.06197916666666667
177 0.9451388888888889 0.34739583333333335 0.06388888888888888 0.06145833333333333
334 0.8784722222222222 0.34921875 0.058333333333333334 0.0640625
334 0.8197916666666667 0.34921875 0.05763888888888889 0.0640625
238 0.7388888888888889 0.34921875 0.07916666666666666 0.059895833333333336
238 0.6548611111111111 0.3494791666666667 0.07916666666666666 0.06145833333333333
238 0.6586805555555556 0.3015625 0.07708333333333334 0.0375
238 0.7361111111111112 0.3015625 0.08194444444444444 0.0375
215 0.5697916666666667 0.3026041666666667 0.07847222222222222 0.0375
215 0.4878472222222222 0.3026041666666667 0.07569444444444444 0.0375
203 0.4114583333333333 0.3026041666666667 0.07013888888888889 0.03333333333333333
203 0.41180555555555554 0.3307291666666667 0.07222222222222222 0.03333333333333333
203 0.4840277777777778 0.3328125 0.07222222222222222 0.034375
203 0.5642361111111112 0.33489583333333334 0.07013888888888889 0.03333333333333333
203 0.5631944444444444 0.36796875 0.075 0.0296875
203 0.48715277777777777 0.36770833333333336 0.06458333333333334 0.030208333333333334
203 0.41180555555555554 0.36796875 0.06388888888888888 0.0296875
206 0.3434027777777778 0.3502604166666667 0.06180555555555556 0.059895833333333336
206 0.28368055555555555 0.3502604166666667 0.06180555555555556 0.059895833333333336
32 0.22708333333333333 0.34921875 0.05694444444444444 0.059895833333333336
196 0.17256944444444444 0.3484375 0.050694444444444445 0.06041666666666667
196 0.1295138888888889 0.3484375 0.050694444444444445 0.06041666666666667
248 0.08298611111111111 0.3484375 0.050694444444444445 0.06041666666666667
248 0.034027777777777775 0.3484375 0.04722222222222222 0.06041666666666667
89 0.5767361111111111 0.4908854166666667 0.05625 0.033854166666666664
89 0.5767361111111111 0.45 0.05625 0.046875
89 0.634375 0.45 0.05625 0.04895833333333333
89 0.6347222222222222 0.49192708333333335 0.059722222222222225 0.033854166666666664
174 0.5420138888888889 0.565625 0.08541666666666667 0.042708333333333334
174 0.5402777777777777 0.6015625 0.0875 0.041666666666666664
174 0.5395833333333333 0.6341145833333334 0.08611111111111111 0.0296875
297 0.6326388888888889 0.5669270833333333 0.09166666666666666 0.04635416666666667
297 0.6302083333333334 0.6059895833333333 0.08958333333333333 0.0359375
297 0.6274305555555556 0.6356770833333333 0.08958333333333333 0.0296875
173 0.7184027777777777 0.6388020833333333 0.09097222222222222 0.03177083333333333
173 0.7236111111111111 0.6088541666666667 0.09305555555555556 0.034375
173 0.7246527777777778 0.5716145833333334 0.09236111111111112 0.0453125
309 0.8197916666666667 0.57265625 0.09791666666666667 0.044270833333333336
309 0.8177083333333334 0.6114583333333333 0.09652777777777778 0.0375
309 0.8173611111111111 0.6432291666666666 0.09305555555555556 0.03333333333333333
87 0.9072916666666667 0.6466145833333333 0.08541666666666667 0.030729166666666665
87 0.9072916666666667 0.615625 0.08541666666666667 0.03958333333333333
87 0.9086805555555556 0.5755208333333334 0.09236111111111112 0.04479166666666667
46 0.7180555555555556 0.43203125 0.10694444444444444 0.03802083333333333
46 0.7180555555555556 0.46875 0.09583333333333334 0.036458333333333336
46 0.7135416666666666 0.5005208333333333 0.09513888888888888 0.030208333333333334
287 0.8177083333333334 0.43125 0.09930555555555555 0.03854166666666667
287 0.815625 0.46796875 0.09930555555555555 0.03802083333333333
287 0.8114583333333333 0.5013020833333334 0.09930555555555555 0.03177083333333333
27 0.9097222222222222 0.5044270833333333 0.09722222222222222 0.030729166666666665
189 0.9111111111111111 0.47291666666666665 0.10138888888888889 0.036458333333333336
189 0.915625 0.43697916666666664 0.09930555555555555 0.03854166666666667
24 0.4565972222222222 0.45026041666666666 0.05763888888888889 0.0453125
24 0.5145833333333333 0.45026041666666666 0.059722222222222225 0.04635416666666667
24 0.45590277777777777 0.49166666666666664 0.05763888888888889 0.03958333333333333
24 0.5177083333333333 0.49270833333333336 0.05763888888888889 0.03958333333333333
222 0.228125 0.4752604166666667 0.05763888888888889 0.0609375
222 0.28402777777777777 0.4765625 0.058333333333333334 0.06041666666666667
142 0.3402777777777778 0.47734375 0.058333333333333334 0.0609375
142 0.39618055555555554 0.4786458333333333 0.05763888888888889 0.06145833333333333
255 0.034027777777777775 0.47760416666666666 0.06805555555555555 0.04895833333333333
319 0.11076388888888888 0.4817708333333333 0.07013888888888889 0.041666666666666664
310 0.16805555555555557 0.4830729166666667 0.06527777777777778 0.04114583333333333
111 0.03993055555555555 0.5981770833333333 0.04652777777777778 0.058854166666666666
111 0.08194444444444444 0.5997395833333333 0.043055555555555555 0.058854166666666666
306 0.13680555555555557 0.5901041666666667 0.06527777777777778 0.08229166666666667
306 0.19826388888888888 0.5911458333333334 0.07430555555555556 0.084375
178 0.32708333333333334 0.6028645833333334 0.04722222222222222 0.07135416666666666
178 0.37083333333333335 0.6033854166666667 0.041666666666666664 0.07239583333333334
325 0.24791666666666667 0.6114583333333333 0.03888888888888889 0.046875
325 0.284375 0.6125 0.03680555555555556 0.046875
65 0.4232638888888889 0.6044270833333333 0.049305555555555554 0.07552083333333333
65 0.4684027777777778 0.60546875 0.04097222222222222 0.0765625
136 0.4979166666666667 0.71484375 0.04722222222222222 0.06614583333333333
136 0.5447916666666667 0.7161458333333334 0.04791666666666667 0.06770833333333333
136 0.5881944444444445 0.7171875 0.04027777777777778 0.06875
259 0.44583333333333336 0.7171875 0.05555555555555555 0.058333333333333334
56 0.6447916666666667 0.721875 0.05763888888888889 0.06666666666666667
56 0.7003472222222222 0.7234375 0.06041666666666667 0.06979166666666667
56 0.7572916666666667 0.7247395833333333 0.06319444444444444 0.07239583333333334
106 0.8295138888888889 0.7239583333333334 0.06875 0.07916666666666666
306 0.9017361111111111 0.7265625 0.09791666666666667 0.08541666666666667
298 0.8309027777777778 0.91484375 0.06736111111111111 0.0671875
298 0.8909722222222223 0.9158854166666667 0.06388888888888888 0.06822916666666666
282 0.5649305555555556 0.909375 0.08402777777777778 0.07083333333333333
282 0.48993055555555554 0.90546875 0.08402777777777778 0.06302083333333333
40 0.23958333333333334 0.86953125 0.04861111111111111 0.0578125
40 0.29618055555555556 0.8747395833333333 0.07013888888888889 0.0609375
40 0.35173611111111114 0.87734375 0.04375 0.05572916666666667
40 0.23402777777777778 0.7927083333333333 0.05 0.058333333333333334
40 0.290625 0.7984375 0.06875 0.06145833333333333
40 0.34652777777777777 0.7989583333333333 0.04583333333333333 0.058333333333333334
40 0.23854166666666668 0.7145833333333333 0.06319444444444444 0.06770833333333333
40 0.2986111111111111 0.7174479166666666 0.05694444444444444 0.0671875
40 0.3458333333333333 0.7161458333333334 0.044444444444444446 0.06770833333333333
171 0.020833333333333332 0.78203125 0.041666666666666664 0.0609375
171 0.06076388888888889 0.78359375 0.05486111111111111 0.0640625
171 0.10034722222222223 0.7838541666666666 0.03958333333333333 0.06458333333333334
171 0.07326388888888889 0.8591145833333333 0.05486111111111111 0.0578125
160 0.10833333333333334 0.86171875 0.02638888888888889 0.05364583333333333
171 0.02673611111111111 0.85546875 0.05347222222222222 0.05677083333333333
