73 0.124875 0.08383333333333333 0.08325 0.09233333333333334
73 0.204 0.09266666666666666 0.0685 0.08666666666666667
204 0.27525 0.08566666666666667 0.0795 0.10466666666666667
204 0.352375 0.0955 0.07775 0.09766666666666667
284 0.4325 0.08966666666666667 0.0785 0.126
284 0.503875 0.09366666666666666 0.07725 0.12333333333333334
280 0.5575 0.10033333333333333 0.046 0.12333333333333334
280 0.60825 0.11016666666666666 0.0565 0.11366666666666667
307 0.658 0.11316666666666667 0.0565 0.10833333333333334
307 0.703 0.12083333333333333 0.056 0.10833333333333334
11 0.85725 0.11316666666666667 0.1005 0.141
52 0.903125 0.2811666666666667 0.07075 0.07633333333333334
52 0.8475 0.281 0.0535 0.06866666666666667
157 0.488125 0.248 0.05775 0.06933333333333333
217 0.423625 0.25366666666666665 0.06925 0.09466666666666666
217 0.35525 0.25383333333333336 0.0665 0.089
265 0.281125 0.24783333333333332 0.07775 0.09766666666666667
284 0.204875 0.245 0.07925 0.098
231 0.1455 0.246 0.0605 0.092
92 0.199125 0.3973333333333333 0.10475 0.06666666666666667
333 0.882625 0.4091666666666667 0.07775 0.089
236 0.397875 0.5051666666666667 0.07475 0.07233333333333333
236 0.397875 0.5813333333333334 0.07475 0.08133333333333333
236 0.33075 0.5061666666666667 0.0665 0.07233333333333333
236 0.329875 0.5821666666666667 0.07225 0.08366666666666667
207 0.257625 0.51 0.08625 0.08266666666666667
207 0.2565 0.5868333333333333 0.0795 0.08033333333333334
207 0.184375 0.5106666666666667 0.08475 0.082
207 0.179 0.5898333333333333 0.0805 0.08033333333333334
82 0.4605 0.5775 0.044 0.071
82 0.516125 0.5765 0.05425 0.069
82 0.55325 0.5755 0.0435 0.067
101 0.571 0.579 0.0065 0.058666666666666666
82 0.585 0.549 0.0345 0.07066666666666667
250 0.6495 0.5703333333333334 0.0565 0.07133333333333333
250 0.65625 0.511 0.0525 0.07466666666666667
250 0.695875 0.567 0.04125 0.07333333333333333
233 0.741625 0.5481666666666667 0.03175 0.06833333333333333
233 0.80475 0.564 0.0625 0.06933333333333333
233 0.848375 0.5616666666666666 0.05825 0.07133333333333333
349 0.715375 0.6466666666666666 0.05275 0.056
349 0.717125 0.6901666666666667 0.05575 0.051
349 0.765125 0.6921666666666667 0.05175 0.043
349 0.76975 0.6466666666666666 0.066 0.056666666666666664
296 0.615125 0.7036666666666667 0.05175 0.048
296 0.66375 0.7033333333333334 0.0565 0.04733333333333333
109 0.491375 0.7123333333333334 0.04925 0.04933333333333333
109 0.54725 0.7123333333333334 0.051 0.04933333333333333
38 0.29175 0.7066666666666667 0.051 0.10933333333333334
38 0.342 0.7045 0.0465 0.11233333333333333
3 0.40175 0.701 0.069 0.09933333333333333
3 0.448125 0.6896666666666667 0.02425 0.09266666666666666
38 0.200875 0.714 0.05925 0.12066666666666667
38 0.242875 0.709 0.06025 0.124
86 0.37725 0.8578333333333333 0.0725 0.06833333333333333
86 0.381 0.8111666666666667 0.0765 0.07233333333333333
86 0.447625 0.8085 0.07875 0.067
86 0.447625 0.8625 0.07125 0.05433333333333333
132 0.522875 0.7931666666666667 0.06525 0.05566666666666667
132 0.5225 0.8396666666666667 0.063 0.043333333333333335
132 0.585125 0.8358333333333333 0.06375 0.041
132 0.587375 0.7901666666666667 0.06725 0.057
271 0.686 0.8136666666666666 0.048 0.05733333333333333
271 0.734125 0.8116666666666666 0.05525 0.062
271 0.685 0.7668333333333334 0.046 0.04033333333333333
271 0.729 0.7636666666666667 0.049 0.042
235 0.78475 0.7843333333333333 0.074 0.08666666666666667
33 0.771 0.8958333333333334 0.0775 0.08433333333333333
208 0.71475 0.9121666666666667 0.0515 0.05633333333333333
243 0.599875 0.9391666666666667 0.09975 0.069
243 0.59625 0.8963333333333333 0.0925 0.035333333333333335
246 0.3785 0.9238333333333333 0.0635 0.051666666666666666
246 0.385875 0.9633333333333334 0.04925 0.03333333333333333
246 0.434 0.9583333333333334 0.0405 0.038
246 0.43825 0.9213333333333333 0.0605 0.05
246 0.500625 0.9146666666666666 0.05925 0.03666666666666667
246 0.50025 0.9496666666666667 0.0625 0.04533333333333334
109 0.2365 0.7978333333333333 0.0355 0.021
329 0.25525 0.8386666666666667 0.0725 0.10266666666666667
