342 0.2593698175787728 0.039587491683300065 0.16119402985074627 0.07917498336660013
342 0.3837479270315091 0.04624085163007319 0.11940298507462686 0.09248170326014638
23 0.512106135986733 0.05039920159680639 0.13134328358208955 0.10079840319361277
23 0.6117744610281923 0.06087824351297405 0.08855721393034825 0.12109115103127079
23 0.7011608623548922 0.06487025948103792 0.08888888888888889 0.12907518296739853
187 0.7892205638474296 0.0688622754491018 0.08922056384742952 0.1377245508982036
187 0.8772802653399668 0.07551563539587491 0.10746268656716418 0.1377245508982036
187 0.9538971807628525 0.09031936127744511 0.08092868988391376 0.13406520292747837
162 0.9691542288557214 0.27295409181636726 0.061691542288557215 0.11809713905522289
162 0.9044776119402985 0.27112441783100466 0.08424543946932006 0.12109115103127079
75 0.8321724709784412 0.2759481037924152 0.0736318407960199 0.11942781104457752
75 0.7698175787728027 0.2759481037924152 0.07628524046434494 0.12275449101796407
194 0.6922056384742952 0.2721224218230206 0.08092868988391376 0.12508316699933467
194 0.6131011608623549 0.2691284098469727 0.08391376451077943 0.12907518296739853
194 0.5262023217247098 0.26513639387890886 0.1044776119402985 0.1324018629407851
29 0.523714759535655 0.4743845642049235 0.13864013266998343 0.1709913506320692
29 0.6265339966832504 0.46457085828343314 0.1087893864013267 0.16001330671989356
53 0.7142620232172471 0.4625748502994012 0.08524046434494195 0.1360612109115103
53 0.7918739635157546 0.4577511643379907 0.08524046434494195 0.1377245508982036
30 0.8631840796019901 0.44095143047238855 0.07595356550580432 0.1360612109115103
30 0.9316749585406302 0.437125748502994 0.06965174129353234 0.12840984697272123
108 0.9787728026533997 0.4078509647371923 0.04245439469320066 0.10046573519627412
181 0.9135986733001659 0.6227544910179641 0.06865671641791045 0.12508316699933467
181 0.8437810945273632 0.624750499001996 0.07761194029850746 0.1377245508982036
181 0.781592039800995 0.6463739188290086 0.08524046434494195 0.1377245508982036
97 0.6946932006633499 0.6688290086493679 0.08922056384742952 0.14604125083167
218 0.21791044776119403 0.9387890884896873 0.14328358208955225 0.12242182302062542
218 0.34228855721393037 0.9226546906187625 0.13864013266998343 0.15469061876247506
35 0.8723051409618574 0.8047238855622089 0.08424543946932006 0.1656686626746507
35 0.9233830845771144 0.7870924817032602 0.07628524046434494 0.14637391882900866
35 0.9653399668325041 0.7792747837658017 0.06932006633499171 0.12275449101796407
260 0.9681592039800995 0.5311044577511643 0.06368159203980099 0.07152361942781105
191 0.13781094527363183 0.24850299401197604 0.1747927031509121 0.17964071856287425
191 0.28507462686567164 0.2513306719893546 0.15024875621890546 0.1679973386560213
191 0.4066334991708126 0.25632069194943446 0.1154228855721393 0.1513639387890885
130 0.13548922056384743 0.5119760479041916 0.1648424543946932 0.19760479041916168
130 0.28374792703150914 0.5006653359946773 0.14228855721393036 0.18829008649367932
130 0.40746268656716417 0.49367930805056554 0.12835820895522387 0.19294743845642048
218 0.5480928689883914 0.9075182967398536 0.10049751243781095 0.18496340652029275
218 0.44328358208955226 0.916333998669328 0.11044776119402985 0.167332002661344
205 0.6373134328358209 0.874251497005988 0.08590381426202322 0.18829008649367932
205 0.7250414593698176 0.8577844311377245 0.07960199004975124 0.19128409846972722
205 0.7998341625207297 0.822521623419827 0.07728026533996683 0.17198935462408516
97 0.6117744610281923 0.6922821024617432 0.08723051409618574 0.1543579507651364
97 0.5164179104477612 0.7029274783765802 0.0988391376451078 0.17897538256819695
34 0.41708126036484244 0.7233865602129075 0.11376451077943615 0.18130405854956752
34 0.3033167495854063 0.7491683300066534 0.12371475953565506 0.20625415834996674
34 0.17081260364842454 0.7737857618097139 0.14925373134328357 0.20758483033932135
