208 0.049479166666666664 0.8590277777777777 0.030208333333333334 0.04861111111111111
208 0.049479166666666664 0.8090277777777778 0.025 0.041666666666666664
236 0.19427083333333334 0.6600694444444445 0.0375 0.03958333333333333
236 0.19817708333333334 0.6243055555555556 0.033854166666666664 0.041666666666666664
236 0.24479166666666666 0.6548611111111111 0.034375 0.041666666666666664
236 0.24583333333333332 0.6180555555555556 0.030208333333333334 0.03611111111111111
52 0.24479166666666666 0.5638888888888889 0.03333333333333333 0.041666666666666664
52 0.27708333333333335 0.5645833333333333 0.0375 0.043055555555555555
52 0.3177083333333333 0.5642361111111112 0.03958333333333333 0.04236111111111111
355 0.35520833333333335 0.5579861111111111 0.03333333333333333 0.05347222222222222
207 0.35520833333333335 0.5045138888888889 0.03229166666666667 0.035416666666666666
246 0.39921875 0.5024305555555556 0.034895833333333334 0.035416666666666666
42 0.5934895833333333 0.4947916666666667 0.027604166666666666 0.03819444444444445
42 0.6158854166666666 0.4947916666666667 0.0265625 0.03819444444444445
42 0.6364583333333333 0.49201388888888886 0.026041666666666668 0.03958333333333333
109 0.8463541666666666 0.48715277777777777 0.029166666666666667 0.03958333333333333
109 0.9557291666666666 0.4822916666666667 0.03854166666666667 0.03958333333333333
0 0.9567708333333333 0.5496527777777778 0.03854166666666667 0.04236111111111111
0 0.9236979166666667 0.5506944444444445 0.033854166666666664 0.041666666666666664
92 0.8395833333333333 0.5572916666666666 0.0375 0.035416666666666666
239 0.48385416666666664 0.3211805555555556 0.023958333333333335 0.06597222222222222
239 0.4153645833333333 0.3229166666666667 0.025520833333333333 0.06527777777777778
239 0.43463541666666666 0.3315972222222222 0.015104166666666667 0.04513888888888889
239 0.4513020833333333 0.3329861111111111 0.019270833333333334 0.04097222222222222
239 0.39479166666666665 0.3347222222222222 0.016666666666666666 0.041666666666666664
188 0.5104166666666666 0.27118055555555554 0.028125 0.06458333333333334
239 0.5356770833333333 0.28125 0.024479166666666666 0.059722222222222225
188 0.53671875 0.32881944444444444 0.0234375 0.04375
188 0.5125 0.3246527777777778 0.026041666666666668 0.049305555555555554
307 0.5598958333333334 0.28055555555555556 0.026041666666666668 0.06111111111111111
307 0.5942708333333333 0.26631944444444444 0.027083333333333334 0.06319444444444444
307 0.5932291666666667 0.3215277777777778 0.027083333333333334 0.05277777777777778
307 0.6190104166666667 0.3211805555555556 0.0265625 0.052083333333333336
307 0.61953125 0.2659722222222222 0.024479166666666666 0.0625
68 0.6481770833333333 0.26631944444444444 0.025520833333333333 0.06319444444444444
68 0.6677083333333333 0.27361111111111114 0.016666666666666666 0.058333333333333334
68 0.7028645833333333 0.26284722222222223 0.03177083333333333 0.06597222222222222
68 0.7296875 0.2625 0.03333333333333333 0.06666666666666667
68 0.7263020833333333 0.3177083333333333 0.0296875 0.050694444444444445
68 0.6986979166666667 0.3177083333333333 0.0296875 0.052083333333333336
68 0.6674479166666667 0.32256944444444446 0.015104166666666667 0.04375
68 0.6479166666666667 0.32013888888888886 0.025 0.05
333 0.7744791666666667 0.31180555555555556 0.04375 0.06111111111111111
333 0.815625 0.30972222222222223 0.040625 0.059722222222222225
207 0.34453125 0.6208333333333333 0.04010416666666667 0.04722222222222222
207 0.34765625 0.6614583333333334 0.034895833333333334 0.035416666666666666
207 0.3171875 0.6486111111111111 0.029166666666666667 0.04583333333333333
207 0.28932291666666665 0.6451388888888889 0.0328125 0.044444444444444446
109 0.41432291666666665 0.6430555555555556 0.03697916666666667 0.043055555555555555
109 0.41640625 0.6086805555555556 0.0390625 0.027083333333333334
109 0.44869791666666664 0.6395833333333333 0.033854166666666664 0.05
349 0.50234375 0.6364583333333333 0.0328125 0.04236111111111111
349 0.5359375 0.6423611111111112 0.035416666666666666 0.04583333333333333
349 0.5765625 0.6430555555555556 0.036458333333333336 0.044444444444444446
349 0.6153645833333333 0.653125 0.0390625 0.050694444444444445
349 0.659375 0.6548611111111111 0.042708333333333334 0.04722222222222222
271 0.775 0.6253472222222223 0.046875 0.03125
271 0.7744791666666667 0.65625 0.04583333333333333 0.043055555555555555
271 0.6802083333333333 0.6295138888888889 0.030208333333333334 0.034027777777777775
271 0.7125 0.6305555555555555 0.034375 0.03611111111111111
212 0.6145833333333334 0.5611111111111111 0.027083333333333334 0.03888888888888889
212 0.63984375 0.5607638888888888 0.025520833333333333 0.03958333333333333
345 0.6690104166666667 0.5607638888888888 0.0265625 0.03958333333333333
355 0.5122395833333333 0.55625 0.0359375 0.05416666666666667
355 0.5489583333333333 0.5552083333333333 0.0375 0.05625
212 0.5799479166666667 0.5534722222222223 0.0296875 0.05555555555555555
355 0.475 0.5579861111111111 0.035416666666666666 0.05347222222222222
355 0.4401041666666667 0.5559027777777777 0.036458333333333336 0.050694444444444445
355 0.3966145833333333 0.5572916666666666 0.04010416666666667 0.05347222222222222
316 0.35859375 0.7243055555555555 0.058854166666666666 0.03888888888888889
316 0.35989583333333336 0.7552083333333334 0.05520833333333333 0.027083333333333334
143 0.3026041666666667 0.7503472222222223 0.0625 0.03819444444444445
143 0.2989583333333333 0.7222222222222222 0.058333333333333334 0.0375
66 0.415625 0.7204861111111112 0.046875 0.04513888888888889
66 0.415625 0.7534722222222222 0.04583333333333333 0.03194444444444444
152 0.45677083333333335 0.7125 0.0375 0.041666666666666664
152 0.45677083333333335 0.7510416666666667 0.036458333333333336 0.03680555555555556
152 0.49192708333333335 0.7506944444444444 0.0359375 0.03888888888888889
132 0.5364583333333334 0.7111111111111111 0.042708333333333334 0.04027777777777778
84 0.5361979166666667 0.7465277777777778 0.0421875 0.03888888888888889
132 0.5799479166666667 0.7451388888888889 0.0453125 0.041666666666666664
132 0.6229166666666667 0.7402777777777778 0.042708333333333334 0.034722222222222224
86 0.8247395833333333 0.7128472222222222 0.049479166666666664 0.04236111111111111
86 0.8671875 0.7076388888888889 0.04479166666666667 0.03611111111111111
86 0.92421875 0.7097222222222223 0.0703125 0.041666666666666664
84 0.8802083333333334 0.7493055555555556 0.06354166666666666 0.05277777777777778
86 0.825 0.7513888888888889 0.05 0.04027777777777778
86 0.9364583333333333 0.7527777777777778 0.053125 0.04861111111111111
296 0.86640625 0.6097222222222223 0.04114583333333333 0.04027777777777778
296 0.8619791666666666 0.6552083333333333 0.03854166666666667 0.03263888888888889
296 0.8208333333333333 0.6548611111111111 0.042708333333333334 0.03333333333333333
296 0.8145833333333333 0.609375 0.035416666666666666 0.03819444444444445
75 0.9830729166666666 0.6423611111111112 0.033854166666666664 0.0763888888888889
166 0.9838541666666667 0.7388888888888889 0.03229166666666667 0.08888888888888889
29 0.96484375 0.8527777777777777 0.0578125 0.09166666666666666
84 0.8744791666666667 0.8552083333333333 0.07916666666666666 0.04791666666666667
84 0.7841145833333333 0.8583333333333333 0.06822916666666666 0.04722222222222222
338 0.6690104166666667 0.8638888888888889 0.0921875 0.06527777777777778
338 0.6565104166666667 0.8048611111111111 0.08177083333333333 0.043055555555555555
338 0.5700520833333333 0.8121527777777777 0.08489583333333334 0.04652777777777778
338 0.5736979166666667 0.8600694444444444 0.06927083333333334 0.04652777777777778
243 0.48463541666666665 0.7996527777777778 0.0734375 0.01875
243 0.48541666666666666 0.8222222222222222 0.07291666666666667 0.02638888888888889
243 0.4869791666666667 0.8427083333333333 0.06979166666666667 0.02013888888888889
243 0.48723958333333334 0.8621527777777778 0.0703125 0.02013888888888889
243 0.48723958333333334 0.8802083333333334 0.07135416666666666 0.021527777777777778
243 0.41380208333333335 0.8128472222222223 0.07135416666666666 0.04097222222222222
243 0.41380208333333335 0.8392361111111111 0.07239583333333334 0.02013888888888889
243 0.4140625 0.8569444444444444 0.07083333333333333 0.018055555555555554
243 0.41432291666666665 0.8736111111111111 0.07135416666666666 0.025
235 0.3151041666666667 0.8493055555555555 0.04479166666666667 0.06111111111111111
235 0.35651041666666666 0.8416666666666667 0.043229166666666666 0.07777777777777778
33 0.26458333333333334 0.8520833333333333 0.04791666666666667 0.06805555555555555
33 0.2234375 0.8517361111111111 0.04895833333333333 0.06736111111111111
8 0.13619791666666667 0.8618055555555556 0.044270833333333336 0.0375
8 0.13359375 0.828125 0.044270833333333336 0.035416666666666666
8 0.08854166666666667 0.8309027777777778 0.04791666666666667 0.04097222222222222
8 0.09036458333333333 0.865625 0.050520833333333334 0.035416666666666666
109 0.028125 0.5121527777777778 0.016666666666666666 0.034027777777777775
158 0.05286458333333333 0.5107638888888889 0.033854166666666664 0.035416666666666666
109 0.07734375 0.5097222222222222 0.0265625 0.03611111111111111
233 0.10755208333333334 0.50625 0.03802083333333333 0.04027777777777778
82 0.2794270833333333 0.503125 0.028645833333333332 0.03819444444444445
82 0.30859375 0.5024305555555556 0.03177083333333333 0.03958333333333333
244 0.1640625 0.5684027777777778 0.04375 0.03958333333333333
244 0.13229166666666667 0.5670138888888889 0.034375 0.04375
52 0.2109375 0.5659722222222222 0.034375 0.043055555555555555
62 0.15442708333333333 0.6447916666666667 0.04739583333333333 0.07013888888888889
62 0.11796875 0.6434027777777778 0.0453125 0.07291666666666667
62 0.08645833333333333 0.6430555555555556 0.046875 0.07222222222222222
3 0.15625 0.6065972222222222 0.042708333333333334 0.011805555555555555
96 0.1578125 0.75 0.036458333333333336 0.03611111111111111
96 0.15859375 0.7125 0.034895833333333334 0.04027777777777778
96 0.12942708333333333 0.7090277777777778 0.0265625 0.03333333333333333
96 0.09973958333333334 0.7079861111111111 0.03697916666666667 0.03263888888888889
96 0.12161458333333333 0.7486111111111111 0.0421875 0.04861111111111111
96 0.09322916666666667 0.7475694444444444 0.03958333333333333 0.049305555555555554
3 0.24895833333333334 0.7340277777777777 0.03854166666666667 0.04861111111111111
3 0.2515625 0.7583333333333333 0.03333333333333333 0.020833333333333332
3 0.21666666666666667 0.71875 0.04791666666666667 0.030555555555555555
3 0.21432291666666667 0.7350694444444444 0.043229166666666666 0.025694444444444443
3 0.21302083333333333 0.753125 0.040625 0.027083333333333334
329 0.30885416666666665 0.42256944444444444 0.04895833333333333 0.06180555555555556
329 0.3567708333333333 0.41423611111111114 0.05 0.07569444444444444
329 0.45807291666666666 0.4128472222222222 0.0515625 0.07430555555555556
329 0.40338541666666666 0.41423611111111114 0.0421875 0.07291666666666667
280 0.6252604166666667 0.4184027777777778 0.025520833333333333 0.05347222222222222
21 0.6390625 0.41909722222222223 0.00625 0.050694444444444445
345 0.60703125 0.41944444444444445 0.013020833333333334 0.05138888888888889
280 0.5903645833333333 0.41944444444444445 0.024479166666666666 0.05277777777777778
280 0.5669270833333333 0.4204861111111111 0.0234375 0.052083333333333336
280 0.5442708333333334 0.42083333333333334 0.022916666666666665 0.05138888888888889
21 0.6713541666666667 0.409375 0.025 0.06875
21 0.6973958333333333 0.41006944444444443 0.029166666666666667 0.06597222222222222
21 0.7182291666666667 0.41006944444444443 0.019791666666666666 0.06458333333333334
21 0.74765625 0.4065972222222222 0.03177083333333333 0.07013888888888889
39 0.7807291666666667 0.40625 0.034375 0.06944444444444445
39 0.8067708333333333 0.40555555555555556 0.025 0.06805555555555555
38 0.8611979166666667 0.403125 0.034895833333333334 0.07013888888888889
38 0.8895833333333333 0.403125 0.03333333333333333 0.06875
38 0.9161458333333333 0.40347222222222223 0.027083333333333334 0.06944444444444445
38 0.9427083333333334 0.403125 0.03229166666666667 0.06736111111111111
218 0.9565104166666667 0.2677083333333333 0.0703125 0.13402777777777777
307 0.5625 0.32743055555555556 0.025 0.04236111111111111
271 0.5036458333333333 0.4986111111111111 0.027083333333333334 0.03611111111111111
329 0.4783854166666667 0.4996527777777778 0.027604166666666666 0.03819444444444445
343 0.4309895833333333 0.5048611111111111 0.030729166666666665 0.04583333333333333
343 0.4557291666666667 0.5003472222222223 0.019791666666666666 0.04652777777777778
345 0.7013020833333333 0.5625 0.025520833333333333 0.043055555555555555
345 0.7283854166666667 0.5670138888888889 0.027604166666666666 0.035416666666666666
345 0.7502604166666667 0.5618055555555556 0.0203125 0.0375
92 0.8049479166666667 0.5652777777777778 0.025520833333333333 0.041666666666666664
92 0.7768229166666667 0.5604166666666667 0.027604166666666666 0.044444444444444446
92 0.89140625 0.5604166666666667 0.025520833333333333 0.041666666666666664
92 0.8643229166666667 0.5600694444444444 0.024479166666666666 0.03958333333333333
33 0.17734375 0.8506944444444444 0.04010416666666667 0.06111111111111111
