261 0.08551810237203496 0.3228643216080402 0.08114856429463171 0.10301507537688442
260 0.15980024968789014 0.3184673366834171 0.08739076154806492 0.10427135678391959
260 0.30087390761548066 0.3184673366834171 0.08239700374531835 0.0992462311557789
261 0.3651685393258427 0.3146984924623116 0.07615480649188515 0.0992462311557789
261 0.4332084893882647 0.31344221105527637 0.0749063670411985 0.09170854271356783
261 0.4975031210986267 0.31344221105527637 0.07365792759051186 0.09673366834170855
355 0.5749063670411985 0.3636934673366834 0.08863920099875156 0.10678391959798995
355 0.6416978776529338 0.3586683417085427 0.07990012484394507 0.10678391959798995
93 0.7097378277153558 0.3542713567839196 0.08364544319600499 0.10552763819095477
93 0.7771535580524345 0.35238693467336685 0.08364544319600499 0.10678391959798995
117 0.7303370786516854 0.5282663316582915 0.08739076154806492 0.10678391959798995
61 0.24406991260923847 0.5835427135678392 0.07365792759051186 0.09170854271356783
201 0.1111111111111111 0.46733668341708545 0.07740324594257178 0.09798994974874371
201 0.1735330836454432 0.46733668341708545 0.0749063670411985 0.09547738693467336
201 0.24157303370786518 0.4641959798994975 0.07365792759051186 0.09673366834170855
214 0.5923845193508115 0.13756281407035176 0.07615480649188515 0.114321608040201
145 0.3982521847690387 0.710427135678392 0.08239700374531835 0.10678391959798995
97 0.4756554307116105 0.7016331658291457 0.0749063670411985 0.10678391959798995
355 0.5749063670411985 0.6890703517587939 0.09363295880149813 0.1092964824120603
181 0.7421972534332085 0.6746231155778895 0.08863920099875156 0.11306532663316583
181 0.897003745318352 0.6664572864321608 0.08364544319600499 0.10678391959798995
342 0.9637952559300874 0.660175879396985 0.07240948813982521 0.10678391959798995
218 0.9637952559300874 0.8077889447236181 0.07240948813982521 0.14321608040201006
15 0.2272159800249688 0.8932160804020101 0.08239700374531835 0.17587939698492464
15 0.15917602996254682 0.8869346733668342 0.07365792759051186 0.15829145728643215
35 0.30649188514357056 0.8787688442211056 0.08364544319600499 0.13442211055276382
85 0.47191011235955055 0.8410804020100503 0.09238451935081149 0.11683417085427136
85 0.5411985018726592 0.8391959798994975 0.07865168539325842 0.12311557788944724
78 0.8470661672908864 0.5219849246231156 0.09363295880149813 0.10678391959798995
117 0.7883895131086143 0.5270100502512562 0.07865168539325842 0.10678391959798995
47 0.6523096129837703 0.5282663316582915 0.08364544319600499 0.10427135678391959
305 0.5805243445692884 0.5288944723618091 0.08739076154806492 0.10301507537688442
214 0.529338327091136 0.13630653266331658 0.07740324594257178 0.11683417085427136
61 0.1760299625468165 0.5879396984924623 0.07740324594257178 0.09296482412060302
61 0.1136079900124844 0.5917085427135679 0.07240948813982521 0.09547738693467336
35 0.3807740324594257 0.8756281407035176 0.08489388264669163 0.135678391959799
145 0.30274656679151063 0.710427135678392 0.07865168539325842 0.11683417085427136
355 0.6560549313358303 0.6809045226130653 0.09363295880149813 0.11055276381909548
181 0.8277153558052435 0.6840452261306532 0.08489388264669163 0.1092964824120603
205 0.9094881398252185 0.800251256281407 0.08364544319600499 0.13316582914572864
205 0.8370786516853933 0.8241206030150754 0.10362047440699126 0.15326633165829145
268 0.29275905118601747 0.12939698492462312 0.06367041198501873 0.06281407035175879
268 0.3470661672908864 0.12939698492462312 0.0599250936329588 0.06030150753768844
268 0.3995006242197253 0.1306532663316583 0.05742821473158552 0.06030150753768844
268 0.4519350811485643 0.1300251256281407 0.0599250936329588 0.059045226130653265
268 0.45318352059925093 0.17587939698492464 0.0599250936329588 0.04773869346733668
268 0.4038701622971286 0.17587939698492464 0.05867665418227216 0.04773869346733668
268 0.3489388264669164 0.17587939698492464 0.06117353308364544 0.05025125628140704
268 0.29213483146067415 0.17587939698492464 0.0599250936329588 0.05025125628140704
117 0.848314606741573 0.3542713567839196 0.07615480649188515 0.10552763819095477
117 0.9094881398252185 0.353643216080402 0.08863920099875156 0.10427135678391959
75 0.9656679151061174 0.34484924623115576 0.0686641697877653 0.114321608040201
328 0.9138576779026217 0.5213567839195979 0.08739076154806492 0.10301507537688442
328 0.9700374531835206 0.5175879396984925 0.0599250936329588 0.10301507537688442
78 0.8826466916354557 0.5263819095477387 0.024968789013732832 0.09045226130653267
164 0.1585518102372035 0.7204773869346733 0.09488139825218476 0.12939698492462312
164 0.23845193508114856 0.7167085427135679 0.09238451935081149 0.12185929648241206
61 0.3089887640449438 0.5760050251256281 0.06367041198501873 0.08668341708542714
315 0.3714107365792759 0.574748743718593 0.06367041198501873 0.08417085427135679
315 0.43196004993757803 0.571608040201005 0.062421972534332085 0.08040201005025126
315 0.4887640449438202 0.5552763819095478 0.056179775280898875 0.07788944723618091
201 0.3046192259675406 0.46168341708542715 0.06491885143570537 0.08668341708542714
355 0.36704119850187267 0.45540201005025127 0.06741573033707865 0.09170854271356783
355 0.4313358302122347 0.4535175879396985 0.06367041198501873 0.08793969849246232
355 0.49625468164794007 0.45037688442211055 0.066167290886392 0.08668341708542714
