328 0.037450396825396824 0.24718915343915343 0.05654761904761905 0.08895502645502645
328 0.05890376984126984 0.23842592592592593 0.05431547619047619 0.09656084656084656
148 0.08432539682539683 0.2294973544973545 0.062003968253968256 0.10251322751322751
148 0.1154513888888889 0.22073412698412698 0.06522817460317461 0.10747354497354497
330 0.22805059523809523 0.1962632275132275 0.047867063492063495 0.10152116402116403
50 0.2542162698412698 0.1767526455026455 0.05803571428571429 0.12202380952380952
50 0.28348214285714285 0.16997354497354497 0.05952380952380952 0.11772486772486772
50 0.32056051587301587 0.15641534391534392 0.06820436507936507 0.1302910052910053
50 0.3635912698412698 0.14649470899470898 0.0679563492063492 0.1402116402116402
223 0.4104662698412698 0.136739417989418 0.05505952380952381 0.1345899470899471
223 0.44853670634920634 0.1261574074074074 0.08556547619047619 0.1498015873015873
355 0.5081845238095238 0.11243386243386243 0.07688492063492064 0.1474867724867725
355 0.5657242063492064 0.10069444444444445 0.08779761904761904 0.15906084656084657
108 0.6282242063492064 0.0851521164021164 0.07837301587301587 0.14649470899470898
108 0.6927083333333334 0.07622354497354497 0.09077380952380952 0.15244708994708994
355 0.7679811507936508 0.06746031746031746 0.11135912698412699 0.1349206349206349
355 0.8498263888888888 0.06084656084656084 0.09945436507936507 0.12169312169312169
355 0.9368799603174603 0.04976851851851852 0.11135912698412699 0.09953703703703703
261 0.9880952380952381 0.04497354497354497 0.023809523809523808 0.08994708994708994
117 0.9456845238095238 0.38293650793650796 0.10863095238095238 0.17592592592592593
117 0.8625992063492064 0.384755291005291 0.10069444444444445 0.16435185185185186
78 0.7844742063492064 0.382771164021164 0.09077380952380952 0.15906084656084657
78 0.7189980158730159 0.382771164021164 0.08581349206349206 0.1498015873015873
93 0.6545138888888888 0.382771164021164 0.08283730158730158 0.14252645502645503
93 0.6008184523809523 0.38492063492063494 0.07514880952380952 0.13822751322751323
305 0.5462549603174603 0.38492063492063494 0.07415674603174603 0.12962962962962962
305 0.5002480158730159 0.3869047619047619 0.07242063492063493 0.12962962962962962
47 0.4623015873015873 0.3869047619047619 0.061507936507936505 0.125
164 0.07552083333333333 0.48148148148148145 0.058779761904761904 0.10185185185185185
145 0.09598214285714286 0.4852843915343915 0.05357142857142857 0.10284391534391535
75 0.11842757936507936 0.48743386243386244 0.058779761904761904 0.10383597883597884
75 0.15649801587301587 0.4912367724867725 0.059027777777777776 0.10615079365079365
162 0.7229662698412699 0.546792328042328 0.10962301587301587 0.16898148148148148
162 0.8157242063492064 0.560681216931217 0.12301587301587301 0.18485449735449735
162 0.9202628968253969 0.5694444444444444 0.13913690476190477 0.19113756613756613
23 0.9055059523809523 0.9571759259259259 0.13293650793650794 0.08564814814814815
23 0.8039434523809523 0.9381613756613757 0.12624007936507936 0.12367724867724868
35 0.15562996031746032 0.7159391534391535 0.06522817460317461 0.10978835978835978
35 0.12822420634920634 0.7159391534391535 0.05853174603174603 0.10582010582010581
53 0.5755208333333334 0.529265873015873 0.09052579365079365 0.15906084656084657
53 0.6457093253968254 0.5342261904761905 0.09350198412698413 0.16633597883597884
187 0.5050843253968254 0.5224867724867724 0.08407738095238096 0.1474867724867725
187 0.46416170634920634 0.5147156084656085 0.05381944444444445 0.14384920634920634
197 0.3976934523809524 0.5186838624338624 0.08010912698412699 0.14715608465608465
197 0.35478670634920634 0.5147156084656085 0.06820436507936507 0.14252645502645503
191 0.30791170634920634 0.5147156084656085 0.07415674603174603 0.1378968253968254
191 0.27368551587301587 0.5029761904761905 0.06820436507936507 0.12698412698412698
194 0.23859126984126985 0.49702380952380953 0.06498015873015874 0.11706349206349206
194 0.20052083333333334 0.49718915343915343 0.058779761904761904 0.11276455026455026
342 0.7349950396825397 0.7562830687830688 0.11086309523809523 0.19378306878306878
342 0.8162202380952381 0.7825727513227513 0.11607142857142858 0.20667989417989419
342 0.9154265873015873 0.8088624338624338 0.12698412698412698 0.21825396825396826
218 0.4861111111111111 0.8473875661375662 0.08630952380952381 0.20006613756613756
218 0.5436507936507936 0.8690476190476191 0.09176587301587301 0.20965608465608465
30 0.19766865079365079 0.6102843915343915 0.06448412698412699 0.12136243386243387
30 0.16356646825396826 0.6043320105820106 0.05431547619047619 0.11607142857142858
29 0.08482142857142858 0.5879629629629629 0.047619047619047616 0.10251322751322751
29 0.10925099206349206 0.593915343915344 0.05084325396825397 0.10449735449735449
29 0.13467261904761904 0.5990410052910053 0.052083333333333336 0.10813492063492064
121 0.25310019841269843 0.6218584656084656 0.05530753968253968 0.12334656084656084
97 0.27058531746031744 0.6218584656084656 0.020833333333333332 0.09821428571428571
97 0.27157738095238093 0.638558201058201 0.01984126984126984 0.09259259259259259
97 0.3297371031746032 0.6418650793650794 0.06721230158730158 0.13095238095238096
97 0.3681795634920635 0.6504629629629629 0.06125992063492063 0.13756613756613756
181 0.39050099206349204 0.6344246031746031 0.01711309523809524 0.08763227513227513
181 0.39074900793650796 0.6638558201058201 0.018601190476190476 0.11011904761904762
181 0.4149305555555556 0.6617063492063492 0.06547619047619048 0.14087301587301587
181 0.46577380952380953 0.6716269841269841 0.0744047619047619 0.15079365079365079
218 0.503844246031746 0.7878637566137566 0.033482142857142856 0.054563492063492064
130 0.5224454365079365 0.6879960317460317 0.07068452380952381 0.15376984126984128
130 0.5827132936507936 0.7043650793650794 0.08209325396825397 0.16468253968253968
130 0.6455853174603174 0.7240410052910053 0.08482142857142858 0.1722883597883598
34 0.6207837301587301 0.908234126984127 0.07490079365079365 0.18353174603174602
34 0.6944444444444444 0.9216269841269841 0.08680555555555555 0.15674603174603174
205 0.42509920634920634 0.8186177248677249 0.062003968253968256 0.17294973544973544
205 0.4098462301587302 0.7837301587301587 0.06473214285714286 0.12566137566137567
47 0.41096230158730157 0.3794642857142857 0.052083333333333336 0.09226190476190477
61 0.3759920634920635 0.38591269841269843 0.04265873015873016 0.08002645502645503
61 0.3451140873015873 0.38673941798941797 0.04141865079365079 0.07837301587301587
61 0.32068452380952384 0.38773148148148145 0.03422619047619048 0.07572751322751323
201 0.2900545634920635 0.38839285714285715 0.03546626984126984 0.07175925925925926
201 0.24615575396825398 0.38740079365079366 0.044890873015873016 0.06911375661375661
315 0.21875 0.38839285714285715 0.031746031746031744 0.06845238095238096
315 0.19766865079365079 0.3897156084656085 0.027777777777777776 0.06448412698412699
260 0.04538690476190476 0.392526455026455 0.02628968253968254 0.05489417989417989
260 0.060267857142857144 0.39169973544973546 0.025297619047619048 0.05720899470899471
261 0.07787698412698413 0.39087301587301587 0.025793650793650792 0.05952380952380952
261 0.09325396825396826 0.39037698412698413 0.0248015873015873 0.059854497354497355
22 0.11222718253968254 0.38822751322751325 0.028025793650793652 0.06415343915343916
22 0.13033234126984128 0.3872354497354497 0.030009920634920636 0.06547619047619048
315 0.15290178571428573 0.3888888888888889 0.028025793650793652 0.06415343915343916
315 0.16989087301587302 0.3869047619047619 0.020833333333333332 0.06613756613756613
355 0.3501984126984127 0.2610780423280423 0.041666666666666664 0.10085978835978836
355 0.3814484126984127 0.25727513227513227 0.04513888888888889 0.10383597883597884
186 0.519593253968254 0.23131613756613756 0.03571428571428571 0.05191798941798942
186 0.5564236111111112 0.2261904761904762 0.04092261904761905 0.05357142857142857
186 0.5224454365079365 0.27116402116402116 0.038938492063492064 0.041666666666666664
268 0.5905257936507936 0.265707671957672 0.04117063492063492 0.045304232804232805
268 0.6252480158730159 0.263723544973545 0.03720238095238095 0.04662698412698413
268 0.6259920634920635 0.2222222222222222 0.037698412698412696 0.04563492063492063
186 0.5546875 0.2698412698412698 0.03695436507936508 0.04298941798941799
308 0.1708829365079365 0.28290343915343913 0.037698412698412696 0.08630952380952381
308 0.1488095238095238 0.28951719576719576 0.027281746031746032 0.07506613756613757
15 0.07452876984126984 0.6898148148148148 0.02703373015873016 0.08134920634920635
15 0.09957837301587301 0.691468253968254 0.019097222222222224 0.08333333333333333
7 0.3482142857142857 0.771494708994709 0.0625 0.061507936507936505
7 0.28869047619047616 0.7442129629629629 0.09325396825396826 0.05654761904761905
7 0.2400793650793651 0.7184193121693122 0.09027777777777778 0.05720899470899471
85 0.21626984126984128 0.6932870370370371 0.04662698412698413 0.03935185185185185
