53 0.07027818448023426 0.1003921568627451 0.1376281112737921 0.11764705882352941
53 0.23645680819912152 0.09254901960784313 0.22986822840409957 0.1380392156862745
164 0.47584187408491946 0.09058823529411765 0.20497803806734993 0.1450980392156863
35 0.6625183016105417 0.0976470588235294 0.18301610541727673 0.12941176470588237
260 0.9304538799414348 0.2396078431372549 0.1390922401171303 0.09647058823529411
260 0.7928257686676428 0.24352941176470588 0.13616398243045388 0.09333333333333334
261 0.6595900439238653 0.2513725490196078 0.12445095168374817 0.08392156862745098
201 0.5314787701317716 0.25019607843137254 0.14055636896046853 0.08313725490196078
201 0.4011713030746706 0.25333333333333335 0.1259150805270864 0.0784313725490196
61 0.25988286969253294 0.24745098039215685 0.15080527086383602 0.08862745098039215
61 0.12152269399707175 0.24745098039215685 0.14348462664714495 0.09019607843137255
78 0.14055636896046853 0.38941176470588235 0.15226939970717424 0.11058823529411765
47 0.28330893118594436 0.3905882352941176 0.14494875549048317 0.10980392156862745
305 0.43191800878477304 0.38941176470588235 0.15519765739385066 0.11058823529411765
117 0.5812591508052709 0.38745098039215686 0.15519765739385066 0.11294117647058824
14 0.7284040995607614 0.3827450980392157 0.17130307467057102 0.1207843137254902
108 0.6434846266471449 0.5388235294117647 0.14494875549048317 0.11764705882352941
50 0.4978038067349927 0.5337254901960784 0.15226939970717424 0.12313725490196079
50 0.3367496339677892 0.5337254901960784 0.1698389458272328 0.12627450980392158
50 0.15592972181551976 0.5356862745098039 0.1800878477306003 0.12549019607843137
181 0.09297218155197658 0.7513725490196078 0.18301610541727673 0.15372549019607842
97 0.30380673499267935 0.7423529411764705 0.21815519765739386 0.18274509803921568
342 0.5256222547584187 0.7423529411764705 0.21376281112737922 0.15764705882352942
15 0.8975109809663251 0.927843137254902 0.18448023426061494 0.1411764705882353
15 0.7628111273792094 0.9388235294117647 0.1493411420204978 0.1223529411764706
221 0.6295754026354319 0.9207843137254902 0.18448023426061494 0.1349019607843137
221 0.4428989751098097 0.9141176470588235 0.24743777452415813 0.1419607843137255
85 0.25988286969253294 0.9031372549019608 0.24743777452415813 0.1027450980392157
329 0.7093704245973645 0.6803921568627451 0.18301610541727673 0.0996078431372549
329 0.7166910688140556 0.7807843137254902 0.1800878477306003 0.09803921568627451
329 0.8997071742313324 0.7756862745098039 0.17715959004392387 0.09254901960784313
329 0.890190336749634 0.6733333333333333 0.16691068814055637 0.11372549019607843
129 0.9084919472913616 0.5411764705882353 0.12152269399707175 0.11764705882352941
129 0.7840409956076134 0.5427450980392157 0.12445095168374817 0.1192156862745098
