78 0.9298584298584298 0.05205254515599343 0.1402831402831403 0.0889983579638752
194 0.8367653367653368 0.05812807881773399 0.1565851565851566 0.10114942528735632
75 0.722007722007722 0.07044334975369458 0.12183612183612183 0.12512315270935961
75 0.6239811239811239 0.07438423645320197 0.13084513084513086 0.1330049261083744
262 0.5394680394680395 0.08308702791461413 0.11625911625911627 0.13793103448275862
336 0.47533247533247536 0.09950738916256158 0.10725010725010725 0.12348111658456486
130 0.39253539253539255 0.10541871921182266 0.10725010725010725 0.1451559934318555
130 0.31981981981981983 0.11609195402298851 0.09223509223509224 0.14548440065681445
29 0.25396825396825395 0.13054187192118227 0.09180609180609181 0.12183908045977011
29 0.20163020163020162 0.1413793103448276 0.08837408837408837 0.12183908045977011
29 0.14435864435864437 0.15188834154351397 0.08022308022308022 0.11592775041050903
29 0.10038610038610038 0.1665024630541872 0.07207207207207207 0.10311986863711002
30 0.04804804804804805 0.17536945812807883 0.06864006864006864 0.10706075533661741
30 0.019948519948519948 0.17536945812807883 0.039897039897039896 0.10443349753694581
47 0.9397254397254398 0.2451559934318555 0.12054912054912055 0.13234811165845647
47 0.8401973401973402 0.2509031198686371 0.11625911625911627 0.12348111658456486
117 0.7421707421707422 0.2566502463054187 0.1123981123981124 0.11592775041050903
78 0.6628056628056628 0.2633825944170772 0.09695409695409696 0.1090311986863711
305 0.6003861003861004 0.26732348111658455 0.08022308022308022 0.10443349753694581
305 0.525954525954526 0.2702791461412151 0.08837408837408837 0.10114942528735632
305 0.46525096525096526 0.27520525451559935 0.08708708708708708 0.09655172413793103
50 0.3605748605748606 0.2799671592775041 0.08022308022308022 0.09819376026272578
53 0.21342771342771344 0.2896551724137931 0.06563706563706563 0.08538587848932677
53 0.15100815100815101 0.2896551724137931 0.08065208065208065 0.08801313628899836
53 0.10038610038610038 0.2848932676518883 0.06864006864006864 0.10147783251231528
34 0.05298155298155298 0.2858784893267652 0.0682110682110682 0.10147783251231528
34 0.02338052338052338 0.28866995073891627 0.04676104676104676 0.09786535303776683
260 0.5900900900900901 0.41182266009852214 0.08022308022308022 0.09129720853858785
201 0.8822393822393823 0.4246305418719212 0.09223509223509224 0.10443349753694581
214 0.7168597168597168 0.6719211822660098 0.09695409695409696 0.10837438423645321
108 0.5900900900900901 0.648440065681445 0.06992706992706993 0.09753694581280788
108 0.5446160446160446 0.6292282430213465 0.07764907764907765 0.1090311986863711
181 0.46353496353496354 0.5981937602627257 0.10253110253110254 0.14351395730706076
181 0.39253539253539255 0.5893267651888342 0.09180609180609181 0.12643678160919541
191 0.3301158301158301 0.5855500821018063 0.08022308022308022 0.1090311986863711
97 0.2709137709137709 0.5729064039408867 0.09223509223509224 0.11198686371100164
97 0.21342771342771344 0.5563218390804597 0.06992706992706993 0.1090311986863711
342 0.138996138996139 0.5438423645320197 0.08837408837408837 0.10114942528735632
342 0.09695409695409696 0.5359605911330049 0.06349206349206349 0.09589490968801313
342 0.06306306306306306 0.5331691297208538 0.06349206349206349 0.09293924466338259
342 0.03260403260403261 0.5292282430213465 0.05662805662805663 0.0896551724137931
187 0.0682110682110682 0.4129720853858785 0.05062205062205062 0.08243021346469623
145 0.13728013728013727 0.4147783251231527 0.06520806520806521 0.08932676518883416
164 0.17975117975117974 0.4147783251231527 0.06864006864006864 0.08932676518883416
164 0.22007722007722008 0.4147783251231527 0.05834405834405834 0.08998357963875206
164 0.2625482625482625 0.4147783251231527 0.05834405834405834 0.09129720853858785
223 0.3333333333333333 0.4303776683087028 0.08837408837408837 0.09753694581280788
223 0.3773058773058773 0.432183908045977 0.0888030888030888 0.09589490968801313
261 0.4247104247104247 0.4323481116584565 0.06692406692406692 0.08702791461412152
261 0.4616044616044616 0.4456486042692939 0.05062205062205062 0.08013136288998358
260 0.5158730158730159 0.41083743842364534 0.08193908193908193 0.09129720853858785
260 0.5512655512655512 0.4090311986863711 0.06864006864006864 0.08702791461412152
61 0.6475761475761476 0.41576354679802957 0.0682110682110682 0.09261083743842365
61 0.7016302016302016 0.4147783251231527 0.08708708708708708 0.09786535303776683
61 0.7812097812097812 0.41576354679802957 0.11754611754611755 0.10114942528735632
201 0.9536679536679536 0.4246305418719212 0.09266409266409266 0.1090311986863711
214 0.803088803088803 0.6824302134646962 0.11068211068211069 0.12348111658456486
50 0.41334191334191334 0.290311986863711 0.055341055341055344 0.08669950738916256
330 0.2619047619047619 0.2853858784893268 0.0682110682110682 0.09195402298850575
330 0.3135993135993136 0.293431855500821 0.06435006435006435 0.08177339901477833
268 0.9558129558129558 0.5523809523809524 0.08837408837408837 0.06436781609195402
268 0.9508794508794509 0.5954022988505747 0.07507507507507508 0.061083743842364535
268 0.8901758901758902 0.5891625615763547 0.08236808236808237 0.052545155993431854
186 0.8946803946803947 0.544991789819376 0.0888030888030888 0.06272577996715928
268 0.8292578292578292 0.5366174055829228 0.08408408408408409 0.060426929392446635
268 0.8258258258258259 0.5781609195402299 0.07636207636207636 0.0548440065681445
268 0.7649077649077649 0.5316912972085386 0.07550407550407551 0.05779967159277504
268 0.7649077649077649 0.5711001642036124 0.07121407121407121 0.053201970443349754
268 0.7138567138567139 0.5648604269293924 0.06606606606606606 0.052545155993431854
268 0.7054912054912055 0.5252873563218391 0.07164307164307164 0.0548440065681445
186 0.6640926640926641 0.5119868637110017 0.03861003861003861 0.024302134646962233
85 0.8987558987558988 0.9041050903119868 0.14757614757614756 0.16814449917898194
85 0.8013728013728014 0.8878489326765189 0.14757614757614756 0.15467980295566502
35 0.43007293007293007 0.774712643678161 0.09137709137709138 0.12676518883415436
35 0.4997854997854998 0.7919540229885057 0.1021021021021021 0.12643678160919541
7 0.6254826254826255 0.8088669950738916 0.17846417846417847 0.08407224958949097
218 0.06456456456456457 0.642200328407225 0.06477906477906478 0.11264367816091954
218 0.10274560274560275 0.6527093596059114 0.05190905190905191 0.11264367816091954
223 0.12205062205062205 0.6699507389162561 0.012441012441012441 0.07947454844006568
23 0.15036465036465035 0.6788177339901478 0.06906906906906907 0.10246305418719212
23 0.2059202059202059 0.6898193760262725 0.06864006864006864 0.10607553366174056
23 0.26404976404976405 0.7070607553366174 0.10167310167310167 0.11625615763546798
205 0.3768768768768769 0.7288998357963875 0.09566709566709566 0.14614121510673234
35 0.40454740454740457 0.7658456486042693 0.04118404118404118 0.109688013136289
218 0.018232518232518233 0.6362889983579638 0.03646503646503647 0.12183908045977011
