29 0.0625 0.10211027910142954 0.125 0.18107556160653507
29 0.20614035087719298 0.11095983662355344 0.17543859649122806 0.1756296800544588
201 0.3514254385964912 0.15827093260721578 0.11513157894736842 0.09734513274336283
201 0.43640350877192985 0.16575901974132062 0.10087719298245613 0.09053778080326753
201 0.5191885964912281 0.16984343090537782 0.09539473684210527 0.0878148400272294
61 0.5964912280701754 0.17222600408441116 0.08552631578947369 0.08849557522123894
61 0.6754385964912281 0.1786929884275017 0.08991228070175439 0.08236895847515316
261 0.7532894736842105 0.1824370319945541 0.08333333333333333 0.07896528250510551
261 0.8168859649122807 0.1865214431586113 0.07456140350877193 0.07351940095302927
260 0.8771929824561403 0.18890401633764464 0.07894736842105263 0.07011572498298162
260 0.9342105263157895 0.19264805990469708 0.07456140350877193 0.06807351940095303
315 0.9780701754385965 0.19775357385976855 0.043859649122807015 0.06330837304288632
130 0.06633771929824561 0.3230088495575221 0.13267543859649122 0.15997277059223963
130 0.18914473684210525 0.320285908781484 0.13486842105263158 0.15588835942818244
30 0.36019736842105265 0.3192648059904697 0.15679824561403508 0.14295439074200136
30 0.49451754385964913 0.31892443839346496 0.12938596491228072 0.13818924438393465
53 0.6162280701754386 0.32675289312457456 0.11403508771929824 0.10619469026548672
53 0.725328947368421 0.32539142273655547 0.11951754385964912 0.10347174948944861
214 0.8201754385964912 0.3281143635125936 0.08771929824561403 0.07215793056501021
214 0.8760964912280702 0.33049693669162694 0.07456140350877193 0.0742001361470388
78 0.9698464912280702 0.43396868618107554 0.06030701754385965 0.07283866575901975
305 0.9035087719298246 0.43907420013614706 0.08114035087719298 0.07215793056501021
117 0.8464912280701754 0.44281824370319944 0.07456140350877193 0.07964601769911504
75 0.7730263157894737 0.44928522804629 0.08991228070175439 0.08849557522123894
194 0.6814692982456141 0.4557522123893805 0.11951754385964912 0.09462219196732471
164 0.5745614035087719 0.4567733151803948 0.10087719298245613 0.10619469026548672
50 0.46600877192982454 0.460857726344452 0.125 0.10619469026548672
34 0.3541666666666667 0.6330837304288631 0.14692982456140352 0.15656909462219196
218 0.20942982456140352 0.6497617426820966 0.15570175438596492 0.1749489448604493
218 0.06853070175438597 0.6650782845473111 0.13706140350877194 0.1756296800544588
34 0.4731359649122807 0.6153846153846154 0.13048245614035087 0.12933968686181074
97 0.5866228070175439 0.6024506466984343 0.11403508771929824 0.1211708645336964
181 0.6924342105263158 0.589857045609258 0.11513157894736842 0.11504424778761062
181 0.7752192982456141 0.578284547311096 0.1074561403508772 0.10687542545949626
342 0.8728070175438597 0.5639891082368959 0.09649122807017543 0.0987066031313819
342 0.9462719298245614 0.555139550714772 0.08333333333333333 0.09326072157930565
328 0.9692982456140351 0.672566371681416 0.06140350877192982 0.047651463580667124
15 0.9106359649122807 0.685500340367597 0.08662280701754387 0.09394145677331518
35 0.7922149122807017 0.7096664397549354 0.0625 0.0878148400272294
85 0.4446271929824561 0.768209666439755 0.09758771929824561 0.11776718856364875
85 0.37774122807017546 0.7988427501701838 0.11513157894736842 0.13818924438393465
205 0.23684210526315788 0.8461538461538461 0.1513157894736842 0.1974132062627638
205 0.08717105263157894 0.8730428863172226 0.17434210526315788 0.19673247106875424
108 0.1913377192982456 0.4921715452688904 0.14364035087719298 0.12253233492171545
330 0.3267543859649123 0.4904697072838666 0.15789473684210525 0.09326072157930565
108 0.0625 0.5017018379850239 0.12280701754385964 0.12253233492171545
7 0.6491228070175439 0.7552756977535738 0.08552631578947369 0.07147719537100068
7 0.7055921052631579 0.7358747447243023 0.08442982456140351 0.06807351940095303
