355 0.034 0.20575 0.04666666666666667 0.0905
355 0.0595 0.203875 0.047 0.09075
29 0.09566666666666666 0.199875 0.058 0.09525
29 0.13466666666666666 0.195 0.06266666666666666 0.0995
29 0.17566666666666667 0.183375 0.06066666666666667 0.10275
130 0.21866666666666668 0.172625 0.072 0.11575
130 0.2743333333333333 0.16575 0.07733333333333334 0.126
130 0.331 0.150125 0.094 0.13075
75 0.498 0.1315 0.07866666666666666 0.1235
75 0.5916666666666667 0.113875 0.11066666666666666 0.13075
261 0.8925 0.301375 0.13233333333333333 0.13075
261 0.8066666666666666 0.313125 0.10466666666666667 0.10275
355 0.7128333333333333 0.305375 0.09966666666666667 0.11575
355 0.6288333333333334 0.306375 0.09366666666666666 0.10725
117 0.5575 0.306375 0.083 0.10225
117 0.49416666666666664 0.30925 0.07833333333333334 0.0965
305 0.4345 0.31125 0.07366666666666667 0.0925
305 0.38483333333333336 0.313125 0.071 0.09075
240 0.3368333333333333 0.31325 0.063 0.0805
240 0.29883333333333334 0.313125 0.05566666666666667 0.07975
50 0.26066666666666666 0.309375 0.058 0.08375
50 0.21683333333333332 0.306375 0.06366666666666666 0.08375
330 0.15333333333333332 0.316125 0.05333333333333334 0.06975
53 0.078 0.31225 0.04666666666666667 0.074
53 0.04883333333333333 0.314125 0.04033333333333333 0.07175
34 0.06933333333333333 0.407875 0.04933333333333333 0.08725
34 0.11033333333333334 0.41275 0.05266666666666667 0.0875
34 0.1405 0.41575 0.058333333333333334 0.0875
145 0.1855 0.428375 0.049 0.08375
145 0.212 0.430375 0.04666666666666667 0.08375
145 0.2695 0.440125 0.058333333333333334 0.09075
164 0.31933333333333336 0.445 0.06266666666666666 0.0925
164 0.371 0.451875 0.07066666666666667 0.09975
164 0.41983333333333334 0.45475 0.07033333333333333 0.0965
22 0.4686666666666667 0.440125 0.06266666666666666 0.08775
22 0.5253333333333333 0.444 0.07066666666666667 0.088
61 0.6103333333333333 0.452875 0.06266666666666666 0.08775
61 0.6543333333333333 0.45675 0.07933333333333334 0.0905
201 0.7245 0.4655 0.08766666666666667 0.093
201 0.8065 0.47525 0.09033333333333333 0.0995
315 0.8993333333333333 0.482125 0.08933333333333333 0.10725
108 0.5018333333333334 0.556375 0.09366666666666666 0.08525
108 0.581 0.563125 0.108 0.09075
214 0.6795 0.700875 0.07833333333333334 0.10325
214 0.6151666666666666 0.68425 0.075 0.088
181 0.43933333333333335 0.609125 0.092 0.11575
181 0.36033333333333334 0.5935 0.07333333333333333 0.1075
181 0.31733333333333336 0.58175 0.07666666666666666 0.1075
97 0.2763333333333333 0.555375 0.05333333333333334 0.10725
187 0.17766666666666667 0.5495 0.06866666666666667 0.0835
187 0.1445 0.53875 0.05566666666666667 0.0835
342 0.1035 0.525125 0.063 0.08375
218 0.07133333333333333 0.603375 0.04666666666666667 0.07625
218 0.1005 0.618875 0.05366666666666667 0.09075
218 0.13283333333333333 0.6305 0.063 0.0995
23 0.17183333333333334 0.656875 0.059 0.09075
23 0.21383333333333332 0.669625 0.063 0.09975
23 0.25883333333333336 0.68425 0.06566666666666666 0.111
205 0.3105 0.697 0.07033333333333333 0.125
35 0.4256666666666667 0.76725 0.07066666666666667 0.122
35 0.48333333333333334 0.78 0.088 0.11
7 0.5458333333333333 0.815125 0.12233333333333334 0.08775
315 0.617 0.863 0.11266666666666666 0.079
7 0.665 0.805375 0.148 0.08725
85 0.7383333333333333 0.875625 0.164 0.11375
186 0.8856666666666667 0.771125 0.088 0.08525
186 0.8221666666666667 0.753625 0.08033333333333334 0.05425
186 0.8241666666666667 0.7155 0.07966666666666666 0.054
186 0.8808333333333334 0.72625 0.07633333333333334 0.0485
268 0.8846666666666667 0.650125 0.086 0.06175
268 0.8925 0.60325 0.07633333333333334 0.057
205 0.36133333333333334 0.731875 0.074 0.15475
268 0.8206666666666667 0.64275 0.074 0.0605
117 0.8505 0.640375 0.015 0.02875
15 0.7195 0.563 0.09233333333333334 0.0895
15 0.7771666666666667 0.566 0.131 0.0825
330 0.192 0.314625 0.03933333333333333 0.06925
194 0.7091666666666666 0.100125 0.06166666666666667 0.11275
194 0.7961666666666667 0.075 0.11966666666666667 0.1475
194 0.9156666666666666 0.066125 0.13 0.12975
