5 0.10862745098039216 0.20026393929396238 0.07215686274509804 0.17156054107555263
5 0.06372549019607843 0.19943912900032992 0.07254901960784314 0.17980864401187727
244 0.13941176470588235 0.3239854833388321 0.11254901960784314 0.07192345760475091
244 0.23372549019607844 0.32316067304519963 0.09411764705882353 0.06631474760805015
244 0.30470588235294116 0.3192015836357638 0.07215686274509804 0.061695809963708347
244 0.23215686274509803 0.3787528868360277 0.09254901960784313 0.05410755526228967
244 0.31392156862745096 0.3766083800725833 0.07254901960784314 0.053117782909930716
244 0.1564705882352941 0.38436159683272847 0.09098039215686274 0.05410755526228967
52 0.4066666666666667 0.3581326294952161 0.09411764705882353 0.046519300560871
52 0.5007843137254901 0.35136918508742987 0.08941176470588236 0.04223028703398218
52 0.4250980392156863 0.3094688221709007 0.07764705882352942 0.05410755526228967
52 0.5007843137254901 0.3094688221709007 0.0815686274509804 0.04816892114813593
3 0.8390196078431372 0.32217090069284066 0.029411764705882353 0.045199604091059054
271 0.5286274509803922 0.5531177829099307 0.06274509803921569 0.049158693500494885
271 0.5672549019607843 0.546189376443418 0.05529411764705883 0.04783899703068294
11 0.20901960784313725 0.19844935664797098 0.11843137254901961 0.11184427581656219
11 0.2833333333333333 0.19449026723853513 0.11333333333333333 0.12240184757505773
270 0.3811764705882353 0.21511052457934676 0.11294117647058824 0.08644011877268229
239 0.5062745098039215 0.14038271197624547 0.02823529411764706 0.049158693500494885
239 0.5280392156862745 0.14351699109204882 0.01607843137254902 0.04552952820851204
239 0.5541176470588235 0.14533157373804026 0.03137254901960784 0.04717914879577697
239 0.5147058823529411 0.22005938634114153 0.021568627450980392 0.04948861761794787
239 0.5401960784313725 0.2210491586935005 0.03568627450980392 0.04816892114813593
3 0.8672549019607844 0.32200593863411414 0.024705882352941175 0.04091059056417024
3 0.8894117647058823 0.32002639392939625 0.02823529411764706 0.04025074232926427
3 0.9068627450980392 0.3192015836357638 0.02392156862745098 0.03794127350709337
250 0.9333333333333333 0.3810623556581986 0.027450980392156862 0.025074232926426923
250 0.9347058823529412 0.3582975915539426 0.030980392156862744 0.022434839986803037
233 0.9064705882352941 0.3871659518310788 0.010588235294117647 0.027383701748597822
233 0.888235294117647 0.38997030682942924 0.02823529411764706 0.02837347410095678
207 0.676078431372549 0.39376443418013857 0.03607843137254902 0.04387990762124711
207 0.6752941176470588 0.42906631474760804 0.034509803921568626 0.035961728802375456
207 0.7037254901960784 0.42395249092708676 0.02862745098039216 0.034971956450016495
207 0.7064705882352941 0.38931045859452323 0.03568627450980392 0.04223028703398218
207 0.7319607843137255 0.3865061035961729 0.030980392156862744 0.03860112174199934
207 0.7325490196078431 0.41966347740019794 0.02823529411764706 0.03299241174529858
12 0.7621568627450981 0.38287693830419006 0.02627450980392157 0.03860112174199934
12 0.7776470588235294 0.3789178488947542 0.03215686274509804 0.03530188056746948
12 0.8011764705882353 0.37594853183767735 0.029019607843137254 0.033322335862751566
82 0.8211764705882353 0.37594853183767735 0.01411764705882353 0.03068294292312768
82 0.8384313725490196 0.3739689871329594 0.025098039215686273 0.029363246453315738
82 0.841764705882353 0.40085780270537774 0.016862745098039214 0.02771362586605081
82 0.8258823529411765 0.4028373474100957 0.01803921568627451 0.02837347410095678
236 0.8068627450980392 0.40580666446717256 0.027058823529411764 0.031012867040580667
236 0.7852941176470588 0.4097657538766084 0.02235294117647059 0.03167271527548664
236 0.7623529411764706 0.4138898053447707 0.02666666666666667 0.0326624876278456
92 0.22607843137254902 0.49620587264929067 0.05921568627450981 0.04091059056417024
92 0.2203921568627451 0.4440778620917189 0.04862745098039216 0.03695150115473441
92 0.2656862745098039 0.44061365885846254 0.041176470588235294 0.03530188056746948
92 0.27784313725490195 0.4905971626525899 0.04745098039215686 0.038931045859452326
92 0.3227450980392157 0.43434510062685583 0.043137254901960784 0.04124051468162323
92 0.3247058823529412 0.4831738700098977 0.04784313725490196 0.03530188056746948
92 0.3645098039215686 0.47773012207192345 0.03333333333333333 0.03431210821511053
92 0.36215686274509806 0.429396238865061 0.03882352941176471 0.04124051468162323
212 0.39588235294117646 0.42296271857472784 0.03019607843137255 0.03563180468492247
212 0.4264705882352941 0.41966347740019794 0.03568627450980392 0.036291652919828436
212 0.44941176470588234 0.4158693500494886 0.00784313725490196 0.032002639392939625
212 0.43862745098039213 0.4623886506103596 0.029411764705882353 0.03068294292312768
212 0.40705882352941175 0.46882217090069284 0.03607843137254902 0.036291652919828436
345 0.4703921568627451 0.41520950181458266 0.032549019607843135 0.03530188056746948
345 0.47490196078431374 0.4623886506103596 0.034509803921568626 0.03794127350709337
345 0.49666666666666665 0.41240514681623225 0.021568627450980392 0.03431210821511053
345 0.4970588235294118 0.45941933355328274 0.020784313725490194 0.03662157703728142
62 0.13784313725490197 0.639557901682613 0.08666666666666667 0.11316397228637413
62 0.20137254901960785 0.6186077202243484 0.10784313725490197 0.11481359287363907
62 0.30215686274509806 0.5900692840646651 0.10705882352941176 0.09402837347410095
62 0.35549019607843135 0.5773672055427251 0.09058823529411765 0.09567799406136589
271 0.4615686274509804 0.5291982843945893 0.0596078431372549 0.050808314087759814
271 0.47215686274509805 0.5704387990762124 0.0392156862745098 0.05146816232266579
271 0.43098039215686273 0.5788518640712637 0.05176470588235294 0.056417024084460574
338 0.6925490196078431 0.6682612999010228 0.08470588235294117 0.06697459584295612
246 0.652156862745098 0.6753546684262619 0.004705882352941176 0.01649620587264929
338 0.6945098039215686 0.7015836357637744 0.0815686274509804 0.06433520290333224
84 0.764313725490196 0.6659518310788519 0.06431372549019608 0.0557571758495546
84 0.764313725490196 0.6344440778620917 0.06431372549019608 0.059386341141537444
84 0.8262745098039216 0.639887825800066 0.054901960784313725 0.04981854173540086
84 0.8262745098039216 0.6106895414054767 0.054901960784313725 0.05278785879247773
84 0.8772549019607843 0.6156384031672715 0.04862745098039216 0.04816892114813593
84 0.8772549019607843 0.5882547014186738 0.04862745098039216 0.04684922467832398
84 0.9231372549019607 0.5697789508413065 0.047058823529411764 0.046189376443418015
84 0.9233333333333333 0.594028373474101 0.04588235294117647 0.04256021115143517
86 0.8484313725490196 0.5354668426261959 0.025490196078431372 0.027053777631144835
86 0.8664705882352941 0.5298581326294952 0.03333333333333333 0.031012867040580667
86 0.8547058823529412 0.5052787858792478 0.030980392156862744 0.033322335862751566
84 0.894313725490196 0.4975255691191026 0.02627450980392157 0.030353018805674696
86 0.9168627450980392 0.49389640382711975 0.0203921568627451 0.02771362586605081
132 0.8992156862745098 0.5204552952820851 0.01647058823529412 0.024084460574067965
86 0.913921568627451 0.5156713955790169 0.015294117647058824 0.023754536456614978
296 0.7819607843137255 0.5668096337842297 0.022745098039215685 0.03365225998020455
296 0.8047058823529412 0.5590564170240845 0.018823529411764704 0.03002309468822171
296 0.8043137254901961 0.533817222038931 0.018823529411764704 0.02903332233586275
296 0.7835294117647059 0.5374463873309139 0.02666666666666667 0.036291652919828436
296 0.7315686274509804 0.5834708017156054 0.03019607843137255 0.035961728802375456
296 0.7303921568627451 0.5531177829099307 0.02862745098039216 0.04124051468162323
296 0.753921568627451 0.5463543385021445 0.03411764705882353 0.038931045859452326
296 0.7578431372549019 0.5757175849554602 0.02627450980392157 0.034971956450016495
349 0.6743137254901961 0.5613658858462554 0.04274509803921569 0.03794127350709337
349 0.6666666666666666 0.6059056417024085 0.03529411764705882 0.04124051468162323
349 0.697843137254902 0.5948531837677334 0.02784313725490196 0.04025074232926427
338 0.5052941176470588 0.7576707357307819 0.11568627450980393 0.0676344440778621
338 0.5147058823529411 0.7867040580666447 0.08666666666666667 0.0676344440778621
338 0.6035294117647059 0.7053777631144836 0.1003921568627451 0.06136588584625536
338 0.6125490196078431 0.7342461233916199 0.06509803921568627 0.05707687231936655
329 0.3264705882352941 0.7255031342791158 0.07254901960784314 0.08182118112834048
329 0.25823529411764706 0.7537116463213461 0.07647058823529412 0.08413064995051138
329 0.17568627450980392 0.7761464863081491 0.09333333333333334 0.06961398878258
338 0.2315686274509804 0.8797426591883867 0.18 0.1210821511052458
338 0.22941176470588234 0.9208182118112834 0.1811764705882353 0.11745298581326295
338 0.3796078431372549 0.8124381392279776 0.12784313725490196 0.07489277466182778
338 0.3884313725490196 0.8424612339161993 0.09843137254901961 0.07555262289673376
246 0.5656862745098039 0.6417024084460574 0.05372549019607843 0.05410755526228967
246 0.5966666666666667 0.6261959749257671 0.06549019607843137 0.04948861761794787
246 0.5154901960784314 0.663312438139228 0.04980392156862745 0.0557571758495546
246 0.5094117647058823 0.6253711646321346 0.058823529411764705 0.04981854173540086
246 0.4845098039215686 0.6732101616628176 0.009019607843137255 0.04387990762124711
246 0.3750980392156863 0.6530847904981855 0.06784313725490196 0.05707687231936655
246 0.4388235294117647 0.6410425602111515 0.06196078431372549 0.05146816232266579
246 0.45588235294117646 0.6814582645991422 0.06784313725490196 0.06235565819861432
246 0.40019607843137256 0.7030682942923128 0.06705882352941177 0.07060376113493896
132 0.6882352941176471 0.48350379412735073 0.043137254901960784 0.043220059386341145
132 0.7239215686274509 0.47822500824810293 0.043137254901960784 0.03860112174199934
132 0.7225490196078431 0.5082481029363246 0.03411764705882353 0.03398218409765754
132 0.687843137254902 0.5118772682283075 0.03215686274509804 0.029363246453315738
152 0.7717647058823529 0.4587594853183768 0.034509803921568626 0.03530188056746948
152 0.7576470588235295 0.49356647970966677 0.02666666666666667 0.03365225998020455
152 0.7801960784313725 0.48927746618277795 0.02235294117647059 0.036291652919828436
21 0.9111764705882353 0.4457274826789838 0.024705882352941175 0.0442098317387001
21 0.9233333333333333 0.442428241504454 0.024705882352941175 0.0442098317387001
21 0.8894117647058823 0.4503464203233256 0.0203921568627451 0.04157043879907621
38 0.8762745098039215 0.4539755856153085 0.03176470588235294 0.04486967997360607
109 0.8229411764705883 0.4510062685582316 0.02627450980392157 0.036291652919828436
109 0.8192156862745098 0.48086440118772683 0.02588235294117647 0.03134279115803365
109 0.8415686274509804 0.47410095677994063 0.018823529411764704 0.029693170570768722
109 0.841764705882353 0.44803695150115475 0.01843137254901961 0.030353018805674696
109 0.8041176470588235 0.4554602441438469 0.01843137254901961 0.03398218409765754
109 0.8013725490196079 0.4843286044209832 0.012941176470588235 0.029693170570768722
132 0.613921568627451 0.5311778290993071 0.041176470588235294 0.036291652919828436
132 0.6535294117647059 0.5257340811613329 0.0396078431372549 0.040580666446717255
280 0.5958823529411764 0.18327284724513362 0.021568627450980392 0.056417024084460574
280 0.6178431372549019 0.18525239194985155 0.02392156862745098 0.0557571758495546
280 0.6413725490196078 0.18756186077202244 0.024705882352941175 0.05443747937974266
280 0.6586274509803921 0.18937644341801385 0.013725490196078431 0.052128010557571755
68 0.6798039215686275 0.1956450016496206 0.03176470588235294 0.04816892114813593
68 0.7035294117647058 0.19712966017815903 0.017254901960784313 0.04585945232596503
68 0.7168627450980393 0.19943912900032992 0.010980392156862745 0.04585945232596503
68 0.7305882352941176 0.20108874958759484 0.0196078431372549 0.04387990762124711
68 0.7207843137254902 0.2421643022104916 0.013333333333333334 0.04025074232926427
68 0.7335294117647059 0.24282415044539757 0.014509803921568627 0.038931045859452326
68 0.7037254901960784 0.24117452985813262 0.02 0.04091059056417024
68 0.6845098039215687 0.24067964368195316 0.02235294117647059 0.04256021115143517
280 0.6647058823529411 0.23886506103596172 0.0196078431372549 0.04684922467832398
280 0.6445098039215686 0.23820521280105575 0.021568627450980392 0.04816892114813593
280 0.6225490196078431 0.23705047838997031 0.02392156862745098 0.049158693500494885
212 0.6009803921568627 0.23589574397888485 0.021568627450980392 0.0488287693830419
188 0.7523529411764706 0.16182777961068953 0.029411764705882353 0.03860112174199934
68 0.7523529411764706 0.2022434839986803 0.02862745098039216 0.0442098317387001
239 0.7533333333333333 0.24249422632794457 0.022745098039215685 0.03827119762454635
188 0.7766666666666666 0.16397228637413394 0.019215686274509803 0.034971956450016495
188 0.7770588235294118 0.20207852193995382 0.023137254901960783 0.043220059386341145
188 0.7766666666666666 0.24265918838667105 0.024705882352941175 0.03860112174199934
188 0.7905882352941176 0.24315407456285054 0.00784313725490196 0.03695150115473441
188 0.8019607843137255 0.244308808973936 0.017254901960784313 0.03464203233256351
239 0.8017647058823529 0.20636753546684264 0.01843137254901961 0.041900362916529196
188 0.7907843137254902 0.20389310458594523 0.007450980392156863 0.04223028703398218
307 0.8223529411764706 0.20620257340811612 0.029019607843137254 0.04157043879907621
307 0.8272549019607843 0.244308808973936 0.03490196078431373 0.03530188056746948
307 0.8498039215686275 0.24381392279775652 0.013333333333333334 0.03695150115473441
307 0.8637254901960785 0.2418343780930386 0.016862745098039214 0.04091059056417024
307 0.8507843137254902 0.20702738370174859 0.012941176470588235 0.03530188056746948
307 0.8376470588235294 0.20587264929066315 0.01803921568627451 0.03695150115473441
0 0.11352941176470588 0.5127020785219399 0.05764705882352941 0.0653249752556912
0 0.1684313725490196 0.5075882547014187 0.04666666666666667 0.06235565819861432
66 0.8058823529411765 0.3083140877598152 0.04392156862745098 0.026064005278785878
66 0.8062745098039216 0.3343780930386011 0.03686274509803922 0.02210491586935005
66 0.7668627450980392 0.3088089739359947 0.03019607843137255 0.027053777631144835
66 0.7680392156862745 0.33850214450676347 0.03803921568627451 0.023754536456614978
243 0.722156862745098 0.31309798746288353 0.05529411764705883 0.03695150115473441
243 0.7227450980392157 0.34543055097327613 0.05254901960784314 0.031012867040580667
243 0.6625490196078432 0.314582645991422 0.06627450980392156 0.032002639392939625
243 0.6623529411764706 0.35021445067634444 0.05647058823529412 0.029363246453315738
243 0.5933333333333334 0.3213460903992082 0.07764705882352942 0.03695150115473441
243 0.5941176470588235 0.3526888815572418 0.0815686274509804 0.03431210821511053
