187 0.5746156730408699 0.1804520615996026 0.12785901762279714 0.11748633879781421
197 0.6741657292838396 0.1931197218082464 0.1072365954255718 0.1130153999006458
197 0.7472815898012748 0.20765027322404372 0.09823772028496439 0.09985096870342772
197 0.8181477315335584 0.22242921013412817 0.0824896887889014 0.09662195727769499
194 0.775965504311961 0.3740685543964232 0.06561679790026247 0.08494783904619971
194 0.8413948256467941 0.3769249875807253 0.07574053243344582 0.07675111773472429
75 0.8978252718410199 0.3787878787878788 0.06261717285339333 0.07103825136612021
75 0.9454443194600675 0.3808991554893194 0.06636670416197975 0.06681569796323894
47 0.9598800149981253 0.4951564828614009 0.047244094488188976 0.06383507203179334
47 0.9233220847394076 0.49528067560854444 0.048368953880764905 0.06458022851465474
117 0.8867641544806899 0.4992548435171386 0.05174353205849269 0.06458022851465474
148 0.8258342707161604 0.5002483854942872 0.05511811023622047 0.07103825136612021
148 0.7782152230971129 0.5021112767014406 0.0588676415448069 0.07128663686040736
14 0.7262842144731908 0.5070789865871833 0.06524184476940383 0.08072528564331843
14 0.6741657292838396 0.5129160457029309 0.0712410948631421 0.08792846497764531
328 0.6032995875515561 0.5167660208643815 0.06749156355455568 0.08768007948335817
328 0.5491188601424822 0.5206159960258321 0.07236595425571804 0.09190263288623944
330 0.9145106861642295 0.589170392449081 0.05849268841394826 0.08097367113760556
223 0.9701912260967379 0.5851962245404868 0.05961754780652419 0.06855439642324888
205 0.9780652418447694 0.682066567312469 0.043869516310461196 0.09985096870342772
205 0.9398200224971879 0.6928713363139593 0.07086614173228346 0.1130153999006458
205 0.8867641544806899 0.6997019374068555 0.06899137607799025 0.10531544957774466
50 0.8368953880764904 0.6058122205663189 0.10123734533183353 0.08246398410332836
23 0.0703037120359955 0.08519622454048684 0.13985751781027372 0.16890213611525087
23 0.21128608923884515 0.09873323397913562 0.16235470566179228 0.1815697963238947
23 0.35039370078740156 0.12580725285643318 0.14435695538057744 0.16666666666666666
187 0.4769403824521935 0.15797317436661698 0.12223472065991751 0.13760556383507203
191 0.044244469441319836 0.33681073025335323 0.08398950131233596 0.13859910581222057
191 0.1625421822272216 0.34115747640337807 0.16385451818522684 0.13487332339791355
162 0.3147731533558305 0.3483606557377049 0.151106111736033 0.12245404868355687
162 0.4415073115860517 0.3555638350720318 0.12410948631421072 0.111525086934923
121 0.4553805774278215 0.5162692498758072 0.11361079865016872 0.12394436164927969
121 0.3425196850393701 0.5234724292101341 0.130108736407949 0.1358668653750621
30 0.208286464191976 0.5321659215101838 0.14960629921259844 0.1482861400894188
30 0.07049118860142482 0.5393691008445107 0.13648293963254593 0.161698956780924
130 0.312710911136108 0.6879036264282166 0.12523434570678665 0.15027322404371585
130 0.4296962879640045 0.6721311475409836 0.13198350206224221 0.13065076999503228
53 0.45050618672665915 0.8493541977148534 0.12335958005249344 0.1343765524093393
53 0.3365204349456318 0.8681073025335321 0.12485939257592801 0.12816691505216096
34 0.2266591676040495 0.9061102831594635 0.16385451818522684 0.18777943368107303
34 0.08136482939632546 0.9221311475409836 0.1582302212223472 0.1557377049180328
29 0.07142857142857142 0.7375807252856433 0.13910761154855644 0.1522603079980129
29 0.1844769403824522 0.7038002980625931 0.14098237720284965 0.14431197218082464
218 0.5616797900262467 0.8025335320417287 0.09298837645294339 0.15896671634376552
218 0.6387326584176978 0.7807998012916045 0.08811398575178103 0.14878291107799305
218 0.7034120734908137 0.7586934923000497 0.08773903262092239 0.13537009438648784
218 0.7427821522309711 0.7257824143070045 0.06374203224596925 0.10630899155489319
181 0.7542182227221598 0.6161202185792349 0.06636670416197975 0.10158966716343766
181 0.6876640419947506 0.6246895181321411 0.09448818897637795 0.1122702434177844
97 0.615485564304462 0.6399652260307997 0.10686164229471316 0.11599602583209141
97 0.5393700787401575 0.65424739195231 0.10011248593925759 0.1122702434177844
205 0.8168353955755531 0.723919523099851 0.07161604799400074 0.12096373571783407
