108 0.10936093609360936 0.4980092899800929 0.06930693069306931 0.10019907100199071
223 0.15526552655265527 0.506635700066357 0.07650765076507651 0.1108161911081619
262 0.20837083708370838 0.5096217650962177 0.0783078307830783 0.11678832116788321
336 0.25112511251125114 0.5126078301260784 0.08280828082808281 0.1267418712674187
330 0.3096309630963096 0.5252156602521566 0.081008100810081 0.12143331121433311
194 0.38208820882088207 0.5401459854014599 0.09450945094509451 0.1366954213669542
53 0.4815481548154815 0.5437956204379562 0.12421242124212421 0.1453218314532183
130 0.6053105310531053 0.5547445255474452 0.15031503150315031 0.18712674187126743
29 0.7488748874887489 0.5723291307232913 0.1692169216921692 0.21300597213005973
29 0.8888388838883888 0.5919044459190445 0.1395139513951395 0.2083609820836098
261 0.4018901890189019 0.36562707365627073 0.08010801080108011 0.10351692103516921
315 0.3343834383438344 0.36363636363636365 0.06930693069306931 0.0982083609820836
61 0.26327632763276326 0.3596549435965494 0.06930693069306931 0.0915726609157266
61 0.21197119711971196 0.3596549435965494 0.06930693069306931 0.08759124087591241
201 0.16426642664266428 0.3566688785666888 0.06930693069306931 0.08161911081619111
260 0.10576057605760576 0.3536828135368281 0.0675067506750675 0.07697412076974121
260 0.0369036903690369 0.3536828135368281 0.0738073807380738 0.07697412076974121
164 0.3856885688568857 0.10484406104844061 0.08370837083708371 0.0982083609820836
342 0.31458145814581456 0.10882548108825481 0.11251125112511251 0.1738553417385534
187 0.47974797479747977 0.09356337093563372 0.135013501350135 0.18712674187126743
187 0.6021602160216022 0.0856005308560053 0.1566156615661566 0.1712010617120106
191 0.7493249324932493 0.07697412076974121 0.1629162916291629 0.15394824153948242
191 0.9171917191719172 0.072992700729927 0.162016201620162 0.145985401459854
218 0.8591359135913591 0.8477106834771069 0.15751575157515751 0.2594558725945587
218 0.7421242124212422 0.8337757133377571 0.15931593159315932 0.26874585268745854
97 0.6057605760576058 0.7929661579296616 0.1692169216921692 0.2149966821499668
97 0.4815481548154815 0.7594558725945587 0.1494149414941494 0.20106171201061712
328 0.33753375337533753 0.7229595222295953 0.09000900090009001 0.13072329130723293
14 0.25472547254725475 0.7083609820836099 0.1116111611161116 0.13072329130723293
78 0.15796579657965795 0.6907763769077637 0.09090909090909091 0.1074983410749834
240 0.045454545454545456 0.6522893165228931 0.08010801080108011 0.08759124087591241
268 0.06885688568856886 0.12740544127405443 0.06930693069306931 0.047777040477770406
268 0.12151215121512152 0.13636363636363635 0.063006300630063 0.047113470471134705
268 0.06885688568856886 0.16589250165892502 0.06570657065706571 0.046449900464499004
268 0.0702070207020702 0.19741207697412078 0.0702070207020702 0.035169210351692105
268 0.12106210621062106 0.17219641672196417 0.062106210621062106 0.04445919044459191
214 0.24752475247524752 0.1546118115461181 0.048604860486048604 0.08891838088918382
50 0.18316831683168316 0.14333112143331123 0.0819081908190819 0.0915726609157266
36 0.28532853285328535 0.28765759787657597 0.0576057605760576 0.0683477106834771
36 0.34473447344734476 0.28699402786994027 0.0774077407740774 0.0696748506967485
34 0.7884788478847885 0.3248175182481752 0.18361836183618363 0.22096881220968811
34 0.9248424842484249 0.3248175182481752 0.12151215121512152 0.23158593231585933
30 0.63996399639964 0.33112143331121435 0.1404140414041404 0.19376244193762443
30 0.5387038703870387 0.3301260783012608 0.0999099909990999 0.1771731917717319
194 0.0576057605760576 0.4927007299270073 0.0558055805580558 0.1121433311214333
35 0.21647164716471648 0.8865295288652952 0.09450945094509451 0.1353682813536828
15 0.10666066606660667 0.8268082282680823 0.10171017101710171 0.1154611811546118
15 0.04095409540954095 0.8205043132050431 0.0747074707470747 0.1320504313205043
85 0.43384338433843384 0.9041141340411414 0.13141314131413143 0.0710019907100199
85 0.29612961296129614 0.9319840743198408 0.17281728172817282 0.1360318513603185
85 0.3856885688568857 0.9635036496350365 0.2151215121512151 0.072992700729927
