322 0.06345177664974619 0.08406662476429919 0.12690355329949238 0.06442489000628536
322 0.06490210297316897 0.032526712759270895 0.1116751269035533 0.05562539283469516
322 0.16044234952864395 0.0384978001257071 0.09825960841189267 0.06379635449402891
322 0.16479332849891226 0.09129478315524828 0.09390862944162437 0.04808296668761785
326 0.5609137055837563 0.0177561282212445 0.11892675852066716 0.035512256442489
326 0.5609137055837563 0.05703959773727216 0.11385061638868746 0.06505342551854179
326 0.6682378535170413 0.0532683846637335 0.1218274111675127 0.061910747957259586
326 0.6693255982596084 0.011627906976744186 0.09862218999274837 0.02199874292897549
224 0.794778825235678 0.044626021370207415 0.12835387962291517 0.06536769327467001
224 0.9106236403190718 0.03724072910119422 0.1359680928208847 0.07322438717787555
326 0.9082668600435098 0.1626335637963545 0.12835387962291517 0.0725958516656191
326 0.9051849166062365 0.2129164047768699 0.12944162436548223 0.07322438717787555
326 0.9010152284263959 0.26822752985543685 0.1211022480058013 0.06128221244500314
326 0.7989485134155185 0.2190446260213702 0.11566352429296592 0.06536769327467001
326 0.7967730239303843 0.27419861722187305 0.11348803480783176 0.06128221244500314
326 0.8011240029006527 0.16624764299182904 0.1163886874546773 0.06536769327467001
326 0.6693255982596084 0.18840351979886863 0.11385061638868746 0.06128221244500314
326 0.6682378535170413 0.23365807668133248 0.10804931109499638 0.05562539283469516
326 0.6693255982596084 0.27796983029541167 0.11385061638868746 0.05562539283469516
326 0.5641769398114576 0.2363293526084224 0.10587382160986222 0.059710873664362035
326 0.5641769398114576 0.28284098051539913 0.11022480058013052 0.05342551854179761
175 0.46537345902828137 0.284098051539912 0.07215373459028282 0.05782526712759271
175 0.46537345902828137 0.24481458202388434 0.06345177664974619 0.04085480829666876
175 0.46646120377084843 0.20914519170333123 0.0678027556200145 0.05311125078566939
175 0.36131254532269763 0.20788812067881834 0.09173313995649021 0.04116907605279698
175 0.3602248005801305 0.24968573224387178 0.09825960841189267 0.04116907605279698
175 0.35279187817258884 0.28896920175989943 0.11022480058013052 0.04494028912633564
175 0.23495286439448876 0.2129164047768699 0.09789702683103699 0.04494028912633564
175 0.235859318346628 0.2534569453174104 0.09825960841189267 0.04116907605279698
175 0.235859318346628 0.293997485857951 0.10261058738216099 0.04808296668761785
175 0.16044234952864395 0.21165933375235702 0.08883248730964467 0.04305468258956631
175 0.1562726613488035 0.2534569453174104 0.09137055837563451 0.04116907605279698
175 0.13723712835387963 0.293997485857951 0.10261058738216099 0.04996857322438718
135 0.5991660623640319 0.4347894406033941 0.1997824510514866 0.05939660590823381
6 0.6089557650471356 0.48020113136392206 0.19760696156635243 0.05405405405405406
6 0.806562726613488 0.428975487115022 0.20775924583031183 0.05845380263984915
6 0.8032994923857868 0.47548711502199875 0.21211022480058014 0.05531112507856694
283 0.5616388687454678 0.5564110622250157 0.20232052211747642 0.0769956002514142
283 0.5563814358230602 0.6109365179132621 0.21065989847715735 0.05091137649277184
283 0.5563814358230602 0.6517913262099309 0.21065989847715735 0.05531112507856694
283 0.778281363306744 0.555311125078567 0.24981870920957217 0.0754242614707731
283 0.7822697606961566 0.6087366436203645 0.2548948513415519 0.05593966059082338
283 0.778281363306744 0.64487743557511 0.24474256707759245 0.07165304839723445
312 0.7744742567077593 0.7196731615336267 0.20739666424945613 0.056568196103079824
312 0.764140681653372 0.7554996857322439 0.20485859318346628 0.05845380263984915
312 0.5850253807106599 0.7066310496543055 0.19325598259608412 0.03425518541797611
312 0.5795866569978245 0.7470144563167819 0.19180565627266136 0.05845380263984915
312 0.3941261783901378 0.7154305468258957 0.20087019579405366 0.056882463859208046
312 0.39648295866569977 0.7476429918290384 0.19398114575779551 0.0502828409805154
312 0.18836113125453227 0.7391577624135763 0.23168963016678754 0.0666247642991829
312 0.1747643219724438 0.7792269013199246 0.20594633792603337 0.05059710873664362
275 0.19289340101522842 0.8472658705216844 0.2124728063814358 0.05342551854179761
275 0.19216823785351705 0.8890634820867379 0.2124728063814358 0.05719673161533627
275 0.18799854967367657 0.9329038340666248 0.2135605511240029 0.058768070395977375
275 0.38723712835387963 0.9393463230672533 0.2139231327048586 0.05531112507856694
275 0.38723712835387963 0.8900062853551226 0.2189992748368383 0.0678818353236958
275 0.38723712835387963 0.8386235072281584 0.21537345902828137 0.029226901319924576
275 0.5855692530819434 0.8576367064739158 0.19651921682378534 0.04399748585795098
275 0.5846627991298042 0.890634820867379 0.20268310369833212 0.05091137649277184
275 0.5815808556925308 0.9244186046511628 0.20304568527918782 0.058768070395977375
275 0.771211022480058 0.857950974230044 0.20667150108774474 0.046511627906976744
275 0.7726613488034808 0.8912633563796355 0.20667150108774474 0.05091137649277184
275 0.768854242204496 0.9230043997485858 0.2041334300217549 0.04274041483343809
275 0.7880710659898477 0.9632306725329981 0.22806381435823062 0.056568196103079824
175 0.19053662073966643 0.47910119421747327 0.12073966642494562 0.05813953488372093
175 0.1997824510514866 0.42944688874921433 0.10297316896301668 0.053739786297925835
80 0.34372733865119653 0.5523255813953488 0.1559100797679478 0.051854179761156506
80 0.34372733865119653 0.5911376492771842 0.15808556925308195 0.04211187932118165
80 0.3343002175489485 0.6384349465744814 0.18201595358955766 0.06253928346951602
80 0.14485134155184917 0.643463230672533 0.2092095721537346 0.04996857322438718
80 0.14938361131254532 0.6026084223758642 0.22044960116026105 0.04996857322438718
80 0.14521392313270487 0.5617536140791954 0.2229876722262509 0.05562539283469516
175 0.08049311094996374 0.43148962916404776 0.15228426395939088 0.05782526712759271
175 0.07777374909354605 0.4783155248271527 0.12509064539521392 0.046511627906976744
18 0.04459753444525018 0.25502828409805156 0.07976794778825236 0.04494028912633564
18 0.046773023930384336 0.2985543683218102 0.08701957940536621 0.05091137649277184
267 0.27447425670775927 0.013356379635449403 0.11602610587382162 0.023570081709616594
176 0.2773749093546048 0.042583280955373976 0.12400290065264685 0.04745443117536141
176 0.2788252356780276 0.08060967944688875 0.12835387962291517 0.04494028912633564
176 0.3919506889050036 0.07495285983658077 0.12400290065264685 0.04934003771213073
176 0.3912255257432922 0.03425518541797611 0.12545322697606962 0.04902576995600252
