201 0.7811666666666667 0.282 0.11766666666666667 0.0925
201 0.6895 0.284875 0.09033333333333333 0.08925
261 0.6065 0.284875 0.09366666666666666 0.08925
61 0.5223333333333333 0.39525 0.09733333333333333 0.0995
61 0.6131666666666666 0.391375 0.09566666666666666 0.09075
260 0.6951666666666667 0.391375 0.091 0.08525
260 0.7871666666666667 0.39325 0.09833333333333333 0.089
330 0.7803333333333333 0.5095 0.11266666666666666 0.1075
117 0.6913333333333334 0.518375 0.09866666666666667 0.09475
78 0.6063333333333333 0.51825 0.09133333333333334 0.099
305 0.5263333333333333 0.51825 0.096 0.0995
194 0.5351666666666667 0.680375 0.09966666666666667 0.11575
75 0.6288333333333334 0.68525 0.10433333333333333 0.0995
50 0.7323333333333333 0.6765 0.12933333333333333 0.108
15 0.5916666666666667 0.879625 0.11066666666666666 0.11525
7 0.6455 0.813125 0.11033333333333334 0.13075
7 0.7323333333333333 0.838625 0.116 0.12125
15 0.5038333333333334 0.879625 0.09766666666666667 0.12325
15 0.415 0.8415 0.11066666666666666 0.1235
315 0.5273333333333333 0.284875 0.10133333333333333 0.08925
205 0.20516666666666666 0.844 0.129 0.1415
35 0.30933333333333335 0.869625 0.108 0.11825
34 0.13433333333333333 0.328875 0.176 0.16075
130 0.28 0.33675 0.14666666666666667 0.1445
164 0.4115 0.347625 0.12366666666666666 0.12775
342 0.41333333333333333 0.4375 0.13133333333333333 0.013
29 0.4131666666666667 0.44225 0.13033333333333333 0.013
181 0.4146666666666667 0.502 0.134 0.14
97 0.28933333333333333 0.502 0.14466666666666667 0.1425
181 0.15766666666666668 0.506125 0.15466666666666667 0.14175
218 0.184 0.6715 0.14933333333333335 0.167
342 0.307 0.6855 0.12866666666666668 0.1245
342 0.42783333333333334 0.636125 0.11833333333333333 0.02725
29 0.08433333333333333 0.113125 0.162 0.16375
53 0.22633333333333333 0.12675 0.16066666666666668 0.1425
30 0.3835 0.12125 0.14566666666666667 0.1595
214 0.5248333333333334 0.145125 0.09633333333333334 0.11025
268 0.6656666666666666 0.146 0.062 0.0375
268 0.688 0.179125 0.05 0.03875
