214 0.12744227353463589 0.17298136645962733 0.06838365896980461 0.12608695652173912
214 0.18450266429840143 0.17670807453416149 0.06349911190053285 0.12608695652173912
342 0.23357015985790408 0.17701863354037267 0.0452930728241563 0.12049689440993788
130 0.29618117229129665 0.13478260869565217 0.10746003552397869 0.19875776397515527
130 0.38787744227353466 0.1391304347826087 0.1016873889875666 0.19627329192546583
29 0.4817939609236234 0.1298136645962733 0.10035523978685613 0.21490683229813665
50 0.5688277087033747 0.13229813664596274 0.09502664298401421 0.2124223602484472
289 0.6503108348134992 0.153416149068323 0.09369449378330373 0.1701863354037267
289 0.7362344582593251 0.153416149068323 0.10035523978685613 0.16770186335403728
30 0.8201598579040853 0.1453416149068323 0.10035523978685613 0.18633540372670807
30 0.9060834813499112 0.14658385093167703 0.09280639431616342 0.1826086956521739
30 0.9675843694493783 0.15093167701863355 0.06483126110124333 0.1813664596273292
34 0.9376110124333925 0.36086956521739133 0.119449378330373 0.17515527950310558
34 0.8647868561278863 0.36086956521739133 0.119449378330373 0.17515527950310558
53 0.7755328596802842 0.38167701863354037 0.09280639431616342 0.13975155279503104
53 0.6940497335701599 0.38167701863354037 0.08436944937833037 0.1360248447204969
75 0.6247779751332149 0.38913043478260867 0.07371225577264653 0.12608695652173912
75 0.5608348134991119 0.38913043478260867 0.07371225577264653 0.12608695652173912
194 0.48934280639431615 0.38881987577639754 0.07371225577264653 0.12919254658385093
194 0.4191829484902309 0.38881987577639754 0.07726465364120781 0.13043478260869565
47 0.3543516873889876 0.39596273291925466 0.07015985790408526 0.12111801242236025
78 0.29063055062166965 0.3972049689440994 0.06882770870337478 0.12111801242236025
35 0.13210479573712255 0.9453416149068323 0.06261101243339254 0.1093167701863354
35 0.1880550621669627 0.9409937888198758 0.06172291296625222 0.11304347826086956
181 0.3130550621669627 0.7652173913043478 0.07726465364120781 0.14161490683229813
181 0.38010657193605685 0.7580745341614907 0.08880994671403197 0.14720496894409937
181 0.458259325044405 0.7521739130434782 0.07015985790408526 0.14782608695652175
181 0.5319715808170515 0.7531055900621118 0.07371225577264653 0.14347826086956522
342 0.6034635879218473 0.7475155279503105 0.08259325044404973 0.15217391304347827
342 0.6660746003552398 0.7524844720496895 0.07371225577264653 0.14347826086956522
23 0.7362344582593251 0.7509316770186335 0.08259325044404973 0.12795031055900621
23 0.8043960923623446 0.7475155279503105 0.07948490230905861 0.12732919254658384
23 0.8681172291296625 0.7428571428571429 0.08614564831261101 0.13167701863354037
218 0.7866341030195382 0.9093167701863354 0.0830373001776199 0.14161490683229813
205 0.7184724689165186 0.9055900621118013 0.07371225577264653 0.15031055900621118
205 0.6558614564831261 0.9127329192546584 0.07726465364120781 0.15962732919254657
261 0.25044404973357015 0.8270186335403726 0.056838365896980464 0.09130434782608696
315 0.14431616341030196 0.8270186335403726 0.06571936056838366 0.08881987577639752
315 0.10057726465364121 0.8295031055900621 0.05017761989342807 0.08385093167701864
201 0.13321492007104796 0.7251552795031055 0.056838365896980464 0.08633540372670807
201 0.0852575488454707 0.7251552795031055 0.05328596802841918 0.08385093167701864
117 0.24378330373001778 0.5928571428571429 0.07104795737122557 0.10248447204968944
117 0.18450266429840143 0.5962732919254659 0.07149200710479574 0.10186335403726708
61 0.1285523978685613 0.6009316770186336 0.06349911190053285 0.10248447204968944
61 0.06705150976909414 0.6031055900621118 0.06571936056838366 0.09937888198757763
15 0.35102131438721135 0.8869565217391304 0.04662522202486678 0.08322981366459627
15 0.308392539964476 0.8869565217391304 0.03952042628774423 0.08322981366459627
35 0.2515541740674956 0.9419254658385093 0.06882770870337478 0.10993788819875776
22 0.2515541740674956 0.7145962732919254 0.05728241563055062 0.09503105590062112
22 0.2033747779751332 0.7170807453416149 0.056838365896980464 0.09130434782608696
15 0.5117673179396093 0.5857142857142857 0.07859680284191829 0.1267080745341615
330 0.44582593250444047 0.5925465838509317 0.06927175843694494 0.12049689440993788
330 0.38543516873889877 0.5903726708074534 0.07371225577264653 0.12608695652173912
50 0.3150532859680284 0.5857142857142857 0.07593250444049733 0.13664596273291926
108 0.5832593250444049 0.5881987577639751 0.06882770870337478 0.12298136645962733
330 0.6369893428063943 0.5881987577639751 0.06349911190053285 0.12049689440993788
164 0.6940497335701599 0.5798136645962733 0.09325044404973357 0.13105590062111802
164 0.7531083481349912 0.5763975155279503 0.06483126110124333 0.12546583850931678
186 0.02642095914742451 0.2996894409937888 0.049289520426287745 0.04906832298136646
186 0.06838365896980461 0.2993788819875776 0.052397868561278864 0.04596273291925466
186 0.03130550621669627 0.3521739130434783 0.05284191829484902 0.04720496894409938
186 0.06838365896980461 0.35248447204968947 0.035523978685612786 0.0453416149068323
268 0.12411190053285968 0.35372670807453416 0.051953818827708706 0.046583850931677016
268 0.1978241563055062 0.31149068322981366 0.049289520426287745 0.05652173913043478
268 0.22979573712255771 0.31149068322981366 0.049289520426287745 0.05652173913043478
268 0.2366785079928952 0.3565217391304348 0.03996447602131439 0.040993788819875775
268 0.20115452930728242 0.35714285714285715 0.04706927175843695 0.04472049689440994
260 0.049955595026642985 0.47329192546583854 0.06438721136767318 0.09192546583850932
260 0.10346358792184725 0.4720496894409938 0.07282415630550622 0.09440993788819876
305 0.16341030195381884 0.46645962732919255 0.06927175843694494 0.10807453416149068
305 0.21936056838365897 0.46614906832298136 0.06927175843694494 0.10869565217391304
85 0.4080817051509769 0.9322981366459627 0.07282415630550622 0.13540372670807455
85 0.4691385435168739 0.9338509316770186 0.06438721136767318 0.13229813664596274
187 0.8303730017761989 0.5754658385093168 0.08792184724689166 0.12732919254658384
187 0.8980905861456483 0.574223602484472 0.08747779751332149 0.12360248447204969
