29 0.06612903225806452 0.08837772397094432 0.13225806451612904 0.17675544794188863
130 0.2032258064516129 0.09806295399515738 0.18064516129032257 0.18401937046004843
130 0.3362903225806452 0.1162227602905569 0.1532258064516129 0.17675544794188863
75 0.4475806451612903 0.14709443099273609 0.11774193548387096 0.1271186440677966
75 0.5475806451612903 0.16464891041162227 0.11129032258064517 0.12832929782082325
75 0.6314516129032258 0.1761501210653753 0.10806451612903226 0.1198547215496368
194 0.7153225806451613 0.18523002421307505 0.10483870967741936 0.1162227602905569
194 0.7887096774193548 0.1967312348668281 0.1032258064516129 0.11259079903147699
194 0.8629032258064516 0.20278450363196127 0.1 0.10774818401937046
47 0.12419354838709677 0.3196125907990315 0.12903225806451613 0.1162227602905569
47 0.2161290322580645 0.3220338983050847 0.11612903225806452 0.1162227602905569
305 0.3209677419354839 0.3280871670702179 0.11612903225806452 0.11380145278450363
164 0.37338709677419357 0.5 0.12096774193548387 0.12832929782082325
164 0.2661290322580645 0.5012106537530266 0.12903225806451613 0.13559322033898305
53 0.11370967741935484 0.49878934624697335 0.1693548387096774 0.14527845036319612
181 0.10483870967741936 0.677360774818402 0.15806451612903225 0.1585956416464891
181 0.2346774193548387 0.6682808716707022 0.1435483870967742 0.14527845036319612
181 0.34838709677419355 0.6537530266343826 0.14193548387096774 0.14527845036319612
305 0.4104838709677419 0.33171912832929784 0.10161290322580645 0.10411622276029056
117 0.49435483870967745 0.3353510895883777 0.10161290322580645 0.09927360774818401
117 0.5725806451612904 0.34019370460048426 0.0935483870967742 0.09685230024213075
78 0.6387096774193548 0.34443099273607747 0.08387096774193549 0.09322033898305085
78 0.7088709677419355 0.34685230024213076 0.10161290322580645 0.09322033898305085
315 0.7758064516129032 0.3565375302663438 0.07419354838709677 0.07627118644067797
315 0.8282258064516129 0.3583535108958838 0.06935483870967742 0.07506053268765134
260 0.45806451612903226 0.4437046004842615 0.09032258064516129 0.08353510895883777
260 0.5290322580645161 0.4443099273607748 0.08387096774193549 0.08232445520581114
61 0.592741935483871 0.4443099273607748 0.08548387096774193 0.07990314769975787
61 0.6524193548387097 0.44612590799031476 0.07258064516129033 0.07627118644067797
201 0.7112903225806452 0.44612590799031476 0.07741935483870968 0.07627118644067797
201 0.7669354838709678 0.44612590799031476 0.07258064516129033 0.07384987893462469
201 0.8233870967741935 0.44612590799031476 0.07258064516129033 0.07142857142857142
261 0.4435483870967742 0.551452784503632 0.06129032258064516 0.0811138014527845
261 0.5112903225806451 0.5526634382566586 0.09032258064516129 0.07869249394673124
261 0.5782258064516129 0.5508474576271186 0.08225806451612903 0.0774818401937046
268 0.7661290322580645 0.5441888619854721 0.06129032258064516 0.06900726392251816
268 0.7975806451612903 0.5575060532687651 0.05 0.03753026634382567
268 0.7991935483870968 0.5290556900726392 0.043548387096774194 0.0387409200968523
214 0.5604838709677419 0.6549636803874092 0.08870967741935484 0.09200968523002422
214 0.6282258064516129 0.6495157384987893 0.07580645161290323 0.08837772397094432
186 0.7508064516129033 0.6592009685230025 0.05 0.039951573849878935
268 0.7879032258064517 0.6573849878934624 0.056451612903225805 0.0387409200968523
268 0.7895161290322581 0.6301452784503632 0.05 0.039951573849878935
268 0.7225806451612903 0.6343825665859564 0.04838709677419355 0.03631961259079903
268 0.757258064516129 0.6458837772397095 0.037096774193548385 0.013317191283292978
205 0.07983870967741935 0.8898305084745762 0.14677419354838708 0.2009685230024213
205 0.21048387096774193 0.8668280871670703 0.1403225806451613 0.19854721549636803
35 0.32741935483870965 0.8577481840193705 0.11290322580645161 0.16343825665859565
35 0.4104838709677419 0.8450363196125908 0.12419354838709677 0.1549636803874092
