315 0.04774305555555555 0.2977843915343915 0.0835813492063492 0.10615079365079365
315 0.10925099206349206 0.2976190476190476 0.078125 0.10846560846560846
204 0.17770337301587302 0.2918320105820106 0.07316468253968254 0.08895502645502645
204 0.2400793650793651 0.29381613756613756 0.06944444444444445 0.08697089947089948
265 0.30357142857142855 0.29381613756613756 0.06646825396825397 0.08895502645502645
265 0.36222718253968256 0.29381613756613756 0.06820436507936507 0.09358465608465609
217 0.41889880952380953 0.30257936507936506 0.060515873015873016 0.08333333333333333
217 0.47842261904761907 0.30539021164021163 0.05654761904761905 0.08035714285714286
284 0.41877480158730157 0.1765873015873016 0.06076388888888889 0.08928571428571429
284 0.35143849206349204 0.17261904761904762 0.06646825396825397 0.09325396825396826
157 0.2839781746031746 0.16980820105820105 0.06646825396825397 0.09226190476190477
73 0.21862599206349206 0.1658399470899471 0.06820436507936507 0.09490740740740741
73 0.15215773809523808 0.16104497354497355 0.07118055555555555 0.09523809523809523
280 0.46664186507936506 0.17857142857142858 0.04290674603174603 0.09523809523809523
280 0.5057043650793651 0.1765873015873016 0.04265873015873016 0.09986772486772487
280 0.5477430555555556 0.1765873015873016 0.045882936507936505 0.10383597883597884
307 0.6042906746031746 0.18733465608465608 0.051835317460317464 0.09556878306878307
307 0.6405009920634921 0.19130291005291006 0.045882936507936505 0.09027777777777778
307 0.6775793650793651 0.19229497354497355 0.051587301587301584 0.09027777777777778
52 0.8572668650793651 0.32705026455026454 0.061755952380952384 0.06878306878306878
52 0.7937748015873016 0.32605820105820105 0.06572420634920635 0.06878306878306878
3 0.7030009920634921 0.5477843915343915 0.07118055555555555 0.08035714285714286
3 0.8015873015873016 0.5398478835978836 0.05357142857142857 0.08300264550264551
3 0.7604166666666666 0.5474537037037037 0.05654761904761905 0.08300264550264551
296 0.646453373015873 0.6550925925925926 0.05282738095238095 0.07605820105820106
296 0.5985863095238095 0.6552579365079365 0.057787698412698416 0.07771164021164022
109 0.5492311507936508 0.669973544973545 0.051835317460317464 0.05423280423280423
109 0.49987599206349204 0.6741071428571429 0.05282738095238095 0.05588624338624339
109 0.45101686507936506 0.6772486772486772 0.051835317460317464 0.05026455026455026
349 0.7429315476190477 0.6274801587301587 0.057291666666666664 0.04861111111111111
349 0.7022569444444444 0.6658399470899471 0.047867063492063495 0.05853174603174603
349 0.7449156746031746 0.6721230158730159 0.05233134920634921 0.044642857142857144
96 0.7084573412698413 0.7371031746031746 0.057787698412698416 0.05291005291005291
96 0.7037450396825397 0.7713293650793651 0.047867063492063495 0.05257936507936508
208 0.7481398809523809 0.769510582010582 0.04836309523809524 0.05357142857142857
132 0.5972222222222222 0.7705026455026455 0.054563492063492064 0.0496031746031746
132 0.6478174603174603 0.7703373015873016 0.053075396825396824 0.04927248677248677
86 0.37971230158730157 0.7867063492063492 0.05654761904761905 0.03835978835978836
86 0.43787202380952384 0.7867063492063492 0.05381944444444445 0.03835978835978836
271 0.49169146825396826 0.7779431216931217 0.047371031746031744 0.04861111111111111
271 0.5372023809523809 0.777281746031746 0.04712301587301587 0.04728835978835979
243 0.6212797619047619 0.8950066137566137 0.09325396825396826 0.05787037037037037
338 0.5230654761904762 0.8763227513227513 0.1111111111111111 0.041666666666666664
338 0.5205853174603174 0.9093915343915344 0.08482142857142858 0.03373015873015873
33 0.7003968253968254 0.8716931216931217 0.06349206349206349 0.08465608465608465
33 0.7509920634920635 0.8617724867724867 0.051587301587301584 0.06812169312169312
246 0.4255952380952381 0.9092261904761905 0.06101190476190476 0.05787037037037037
246 0.361359126984127 0.9112103174603174 0.0625 0.06183862433862434
62 0.24417162698412698 0.8999669312169312 0.06225198412698413 0.12136243386243387
62 0.2974950396825397 0.8875661375661376 0.051835317460317464 0.09986772486772487
329 0.2666170634920635 0.7688492063492064 0.06597222222222222 0.08531746031746032
329 0.32006448412698413 0.7713293650793651 0.05679563492063492 0.08035714285714286
38 0.30183531746031744 0.6631944444444444 0.039186507936507936 0.08895502645502645
38 0.2697172619047619 0.6631944444444444 0.047371031746031744 0.08895502645502645
38 0.23276289682539683 0.6631944444444444 0.051835317460317464 0.08895502645502645
21 0.34399801587301587 0.6663359788359788 0.0441468253968254 0.07936507936507936
21 0.3787202380952381 0.6595568783068783 0.04265873015873016 0.09093915343915344
21 0.40625 0.656084656084656 0.03125 0.08267195767195767
236 0.3443700396825397 0.5567129629629629 0.051835317460317464 0.05919312169312169
236 0.40066964285714285 0.5565476190476191 0.047371031746031744 0.05886243386243386
250 0.46304563492063494 0.5530753968253969 0.05704365079365079 0.06712962962962964
250 0.5094246031746031 0.552744708994709 0.03273809523809524 0.06712962962962964
250 0.5249255952380952 0.5482804232804233 0.029017857142857144 0.0582010582010582
233 0.5974702380952381 0.5535714285714286 0.043154761904761904 0.06812169312169312
233 0.6357886904761905 0.5543981481481481 0.04241071428571429 0.06646825396825397
207 0.21292162698412698 0.4988425925925926 0.07018849206349206 0.07175925925925926
207 0.2734375 0.5011574074074074 0.07316468253968254 0.07572751322751323
207 0.27976190476190477 0.5596891534391535 0.06101190476190476 0.055224867724867725
207 0.22321428571428573 0.5603505291005291 0.0689484126984127 0.05588624338624339
92 0.1943204365079365 0.4105489417989418 0.053323412698412696 0.06977513227513228
92 0.2387152777777778 0.4107142857142857 0.04836309523809524 0.0701058201058201
345 0.287078373015873 0.4041005291005291 0.040426587301587304 0.06018518518518518
345 0.32514880952380953 0.40591931216931215 0.044642857142857144 0.05919312169312169
75 0.06783234126984126 0.6233465608465608 0.11135912698412699 0.10317460317460317
223 0.13938492063492064 0.6216931216931217 0.08779761904761904 0.10515873015873016
164 0.046999007936507936 0.7630621693121693 0.08804563492063493 0.09490740740740741
239 0.7358630952380952 0.18287037037037038 0.061507936507936505 0.11970899470899471
239 0.7600446428571429 0.1884920634920635 0.054811507936507936 0.1111111111111111
11 0.810515873015873 0.17046957671957672 0.10119047619047619 0.16038359788359788
