355 0.07700892857142858 0.15806878306878308 0.11135912698412699 0.17063492063492064
355 0.18340773809523808 0.18733465608465608 0.09796626984126984 0.12334656084656084
355 0.2478918650793651 0.1853505291005291 0.054811507936507936 0.13260582010582012
355 0.31237599206349204 0.18733465608465608 0.0835813492063492 0.13657407407407407
355 0.36607142857142855 0.1931216931216931 0.054563492063492064 0.13293650793650794
355 0.42373511904761907 0.21461640211640212 0.07316468253968254 0.10317460317460317
355 0.49206349206349204 0.22536375661375663 0.06944444444444445 0.09226190476190477
11 0.5780009920634921 0.22056878306878308 0.06820436507936507 0.10846560846560846
270 0.6307043650793651 0.22635582010582012 0.052083333333333336 0.09226190476190477
294 0.6971726190476191 0.22933201058201058 0.050595238095238096 0.10813492063492064
294 0.7244543650793651 0.22933201058201058 0.04017857142857143 0.10615079365079365
333 0.7518601190476191 0.25562169312169314 0.04290674603174603 0.06415343915343916
143 0.7889384920634921 0.2693452380952381 0.05654761904761905 0.04794973544973545
243 0.8446180555555556 0.27232142857142855 0.057291666666666664 0.040674603174603176
329 0.1657986111111111 0.7488425925925926 0.07663690476190477 0.10085978835978836
329 0.23425099206349206 0.7380952380952381 0.06671626984126984 0.07605820105820106
86 0.29092261904761907 0.7263558201058201 0.0625 0.059854497354497355
86 0.35342261904761907 0.7204034391534392 0.060515873015873016 0.05853174603174603
86 0.40314980158730157 0.7118055555555556 0.051835317460317464 0.05654761904761905
84 0.46577380952380953 0.6970899470899471 0.08382936507936507 0.051587301587301584
152 0.5301339285714286 0.687334656084656 0.03943452380952381 0.04794973544973545
152 0.5623759920634921 0.6833664021164021 0.03794642857142857 0.04794973544973545
349 0.5954861111111112 0.6746031746031746 0.03422619047619048 0.041666666666666664
349 0.628844246031746 0.6678240740740741 0.037450396825396824 0.04133597883597884
349 0.662078373015873 0.6648478835978836 0.037450396825396824 0.04133597883597884
271 0.6903521825396826 0.6590608465608465 0.037450396825396824 0.041005291005291
271 0.7274305555555556 0.6491402116402116 0.04563492063492063 0.041005291005291
96 0.7615327380952381 0.6453373015873016 0.037450396825396824 0.03935185185185185
96 0.7879464285714286 0.6433531746031746 0.03125 0.03406084656084656
109 0.988219246031746 0.5682870370370371 0.016617063492063492 0.03141534391534392
265 0.11036706349206349 0.3776455026455027 0.06398809523809523 0.07341269841269842
284 0.16629464285714285 0.38227513227513227 0.0597718253968254 0.06283068783068783
217 0.2183779761904762 0.38210978835978837 0.05530753968253968 0.06117724867724868
73 0.27194940476190477 0.3804563492063492 0.051835317460317464 0.06117724867724868
204 0.31820436507936506 0.38095238095238093 0.04861111111111111 0.0582010582010582
264 0.35949900793650796 0.3804563492063492 0.04985119047619048 0.05654761904761905
264 0.3601190476190476 0.3186177248677249 0.0496031746031746 0.06779100529100529
204 0.31361607142857145 0.31729497354497355 0.05133928571428571 0.06779100529100529
217 0.2183779761904762 0.31547619047619047 0.0662202380952381 0.07208994708994709
284 0.15711805555555555 0.31382275132275134 0.06473214285714286 0.07539682539682539
239 0.6189236111111112 0.37334656084656087 0.023561507936507936 0.06415343915343916
239 0.6417410714285714 0.373015873015873 0.027529761904761904 0.06415343915343916
239 0.6639384920634921 0.3723544973544973 0.023313492063492064 0.06415343915343916
188 0.6837797619047619 0.3783068783068783 0.028769841269841268 0.051587301587301584
188 0.7020089285714286 0.3784722222222222 0.021081349206349208 0.05125661375661376
188 0.7170138888888888 0.3781415343915344 0.02132936507936508 0.050595238095238096
307 0.7333829365079365 0.3784722222222222 0.022817460317460316 0.050595238095238096
307 0.7562003968253969 0.3761574074074074 0.033234126984126984 0.05720899470899471
307 0.7756696428571429 0.3758267195767196 0.0220734126984127 0.055224867724867725
307 0.7982390873015873 0.37632275132275134 0.03298611111111111 0.05555555555555555
280 0.8180803571428571 0.3776455026455027 0.02554563492063492 0.05026455026455026
280 0.8323412698412699 0.37648809523809523 0.02132936507936508 0.05125661375661376
12 0.6722470238095238 0.4809854497354497 0.03050595238095238 0.040674603174603176
12 0.7010168650793651 0.4794973544973545 0.034970238095238096 0.04034391534391534
207 0.7338789682539683 0.4771825396825397 0.03521825396825397 0.03902116402116402
207 0.7591765873015873 0.4750330687830688 0.03521825396825397 0.040013227513227514
52 0.7983630952380952 0.4708994708994709 0.07142857142857142 0.04365079365079365
345 0.49193948412698413 0.4437830687830688 0.031994047619047616 0.03571428571428571
345 0.5200892857142857 0.4436177248677249 0.0248015873015873 0.035383597883597885
345 0.5031001984126984 0.48544973544973546 0.03050595238095238 0.04431216931216931
345 0.5229414682539683 0.4877645502645503 0.014136904761904762 0.026455026455026454
303 0.5478670634920635 0.4859457671957672 0.028769841269841268 0.03406084656084656
303 0.5726686507936508 0.4852843915343915 0.028769841269841268 0.03406084656084656
0 0.5964781746031746 0.484457671957672 0.023313492063492064 0.04497354497354497
0 0.6194196428571429 0.4836309523809524 0.028025793650793652 0.045965608465608467
0 0.6427331349206349 0.48148148148148145 0.022569444444444444 0.04828042328042328
92 0.40835813492063494 0.49421296296296297 0.030009920634920636 0.0419973544973545
92 0.37971230158730157 0.4973544973544973 0.031746031746031744 0.04034391534391534
38 0.42373511904761907 0.5993716931216931 0.03050595238095238 0.07903439153439154
38 0.4521329365079365 0.5970568783068783 0.028769841269841268 0.0744047619047619
38 0.4775545634920635 0.5952380952380952 0.02554563492063492 0.07142857142857142
296 0.27938988095238093 0.6297949735449735 0.050347222222222224 0.04794973544973545
296 0.3253968253968254 0.6281415343915344 0.047619047619047616 0.044642857142857144
209 0.3787202380952381 0.6218584656084656 0.05357142857142857 0.03207671957671958
109 0.16951884920634921 0.6506283068783069 0.05927579365079365 0.05257936507936508
109 0.22023809523809523 0.6466600529100529 0.05357142857142857 0.044642857142857144
62 0.19506448412698413 0.8462301587301587 0.06076388888888889 0.08597883597883597
246 0.3046875 0.8374669312169312 0.057787698412698416 0.06911375661375661
246 0.35912698412698413 0.8287037037037037 0.05704365079365079 0.052248677248677246
246 0.36334325396825395 0.8713624338624338 0.057539682539682536 0.0582010582010582
246 0.30617559523809523 0.8816137566137566 0.05828373015873016 0.056878306878306875
338 0.4398561507936508 0.8425925925925926 0.09399801587301587 0.0701058201058201
338 0.43936011904761907 0.798776455026455 0.09350198412698413 0.050595238095238096
132 0.5109126984126984 0.785218253968254 0.044642857142857144 0.05257936507936508
132 0.5111607142857143 0.8225859788359788 0.04513888888888889 0.04794973544973545
132 0.5554315476190477 0.7749669312169312 0.044890873015873016 0.055224867724867725
132 0.5562996031746031 0.8091931216931217 0.044642857142857144 0.04894179894179894
208 0.5967261904761905 0.7645502645502645 0.03125 0.04034391534391534
208 0.5967261904761905 0.8015873015873016 0.03125 0.046957671957671955
235 0.6359126984126984 0.7786044973544973 0.0441468253968254 0.0710978835978836
235 0.6778273809523809 0.7752976190476191 0.04811507936507937 0.06646825396825397
235 0.6315724206349206 0.7443783068783069 0.03546626984126984 0.005291005291005291
8 0.7211061507936508 0.7660383597883598 0.03794642857142857 0.04662698412698413
33 0.7552083333333334 0.74619708994709 0.053075396825396824 0.07771164021164022
33 0.7969990079365079 0.740244708994709 0.038938492063492064 0.06514550264550265
8 0.7067212301587301 0.7210648148148148 0.03447420634920635 0.03009259259259259
250 0.7853422619047619 0.5629960317460317 0.023561507936507936 0.03869047619047619
158 0.8036954365079365 0.5629960317460317 0.0220734126984127 0.030753968253968252
158 0.8012152777777778 0.5300925925925926 0.026537698412698412 0.03306878306878307
66 0.7027529761904762 0.5525793650793651 0.03844246031746032 0.041666666666666664
66 0.7007688492063492 0.582010582010582 0.03447420634920635 0.027116402116402115
233 0.7405753968253969 0.5709325396825397 0.026785714285714284 0.03207671957671958
233 0.7594246031746031 0.5682870370370371 0.021825396825396824 0.035383597883597885
233 0.7375992063492064 0.5368716931216931 0.03125 0.03736772486772487
233 0.7612847222222222 0.5358796296296297 0.023065476190476192 0.040674603174603176
21 0.5930059523809523 0.5749007936507936 0.023809523809523808 0.06316137566137567
21 0.6154513888888888 0.5749007936507936 0.023065476190476192 0.06316137566137567
21 0.6310763888888888 0.5734126984126984 0.012648809523809524 0.06084656084656084
21 0.6494295634920635 0.5724206349206349 0.03050595238095238 0.06415343915343916
39 0.6701388888888888 0.5706018518518519 0.023313492063492064 0.0625
3 0.5181051587301587 0.5909391534391535 0.04563492063492063 0.05489417989417989
3 0.5595238095238095 0.5887896825396826 0.04712301587301587 0.050595238095238096
