7 0.5463789682539683 0.8956679894179894 0.07142857142857142 0.14781746031746032
7 0.6107390873015873 0.8956679894179894 0.07217261904761904 0.14781746031746032
85 0.6888640873015873 0.9262566137566137 0.07911706349206349 0.1474867724867725
85 0.7513640873015873 0.9262566137566137 0.07614087301587301 0.1474867724867725
85 0.8148561507936508 0.9212962962962963 0.07663690476190477 0.1574074074074074
15 0.8675595238095238 0.9267526455026455 0.07043650793650794 0.14649470899470898
35 0.9339037698412699 0.9379960317460317 0.07514880952380952 0.12400793650793651
117 0.9057539682539683 0.753968253968254 0.06547619047619048 0.10648148148148148
117 0.8499503968253969 0.7483465608465608 0.06547619047619048 0.10648148148148148
305 0.7914186507936508 0.7414021164021164 0.061507936507936505 0.1111111111111111
305 0.7387152777777778 0.7346230158730159 0.06274801587301587 0.11474867724867725
78 0.6742311507936508 0.7208994708994709 0.06274801587301587 0.12632275132275134
78 0.6145833333333334 0.7151124338624338 0.06547619047619048 0.13392857142857142
53 0.5422867063492064 0.7033730158730159 0.07911706349206349 0.1402116402116402
53 0.4809027777777778 0.6965939153439153 0.07341269841269842 0.12996031746031747
191 0.4056299603174603 0.6965939153439153 0.07316468253968254 0.12400793650793651
34 0.28162202380952384 0.6671626984126984 0.07316468253968254 0.14781746031746032
34 0.14397321428571427 0.6641865079365079 0.07316468253968254 0.1359126984126984
130 0.1293402777777778 0.4718915343915344 0.08209325396825397 0.12103174603174603
130 0.18985615079365079 0.47767857142857145 0.08308531746031746 0.1431878306878307
29 0.2748015873015873 0.4816468253968254 0.07341269841269842 0.1359126984126984
29 0.3324652777777778 0.48660714285714285 0.06274801587301587 0.1359126984126984
29 0.3919890873015873 0.4923941798941799 0.07316468253968254 0.13558201058201058
97 0.4642857142857143 0.49255952380952384 0.06547619047619048 0.14583333333333334
97 0.5326140873015873 0.5031415343915344 0.07316468253968254 0.1359126984126984
30 0.6108630952380952 0.4923941798941799 0.08432539682539683 0.16203703703703703
30 0.6810515873015873 0.4933862433862434 0.08234126984126984 0.15476190476190477
201 0.7493799603174603 0.4923941798941799 0.06274801587301587 0.10714285714285714
201 0.7952628968253969 0.48644179894179895 0.05679563492063492 0.10912698412698413
201 0.8392857142857143 0.4923941798941799 0.050595238095238096 0.10912698412698413
61 0.8968253968253969 0.49636243386243384 0.06547619047619048 0.10185185185185185
61 0.9516369047619048 0.5031415343915344 0.06547619047619048 0.10218253968253968
315 0.9852430555555556 0.5079365079365079 0.029513888888888888 0.10449735449735449
223 0.9262152777777778 0.33812830687830686 0.09151785714285714 0.12400793650793651
330 0.8422619047619048 0.3341600529100529 0.07341269841269842 0.12268518518518519
50 0.7757936507936508 0.33019179894179895 0.07886904761904762 0.12665343915343916
145 0.6996527777777778 0.3253968253968254 0.07341269841269842 0.13227513227513227
145 0.6283482142857143 0.32341269841269843 0.07316468253968254 0.13227513227513227
164 0.5648561507936508 0.32258597883597884 0.07068452380952381 0.1306216931216931
164 0.5042162698412699 0.3194444444444444 0.06547619047619048 0.13227513227513227
342 0.4212549603174603 0.3146494708994709 0.07514880952380952 0.1359126984126984
342 0.35193452380952384 0.3156415343915344 0.08234126984126984 0.1359126984126984
75 0.28162202380952384 0.32142857142857145 0.06473214285714286 0.12103174603174603
75 0.22594246031746032 0.32142857142857145 0.061507936507936505 0.11507936507936507
194 0.16641865079365079 0.32159391534391535 0.06746031746031746 0.11078042328042328
194 0.1107390873015873 0.3186177248677249 0.06274801587301587 0.10945767195767196
187 0.3939732142857143 0.13310185185185186 0.07762896825396826 0.1359126984126984
187 0.4661458333333333 0.13310185185185186 0.08159722222222222 0.13921957671957672
50 0.7103174603174603 0.13409391534391535 0.08878968253968254 0.1359126984126984
108 0.7953869047619048 0.1378968253968254 0.08581349206349206 0.12433862433862433
108 0.8676835317460317 0.1388888888888889 0.07514880952380952 0.12764550264550265
108 0.9330357142857143 0.1388888888888889 0.08234126984126984 0.1283068783068783
181 0.09226190476190477 0.12417328042328042 0.07142857142857142 0.14384920634920634
181 0.16257440476190477 0.12417328042328042 0.078125 0.15376984126984128
181 0.22991071428571427 0.12516534391534392 0.0744047619047619 0.15244708994708994
181 0.2992311507936508 0.12417328042328042 0.07415674603174603 0.15376984126984128
342 0.4652777777777778 0.31746031746031744 0.024305555555555556 0.1349206349206349
260 0.7387152777777778 0.611441798941799 0.05580357142857143 0.0992063492063492
260 0.7934027777777778 0.6144179894179894 0.05654761904761905 0.10912698412698413
260 0.8480902777777778 0.6183862433862434 0.057787698412698416 0.10648148148148148
260 0.8968253968253969 0.6233465608465608 0.061507936507936505 0.10912698412698413
261 0.9388640873015873 0.6183862433862434 0.05084325396825397 0.10648148148148148
261 0.9802827380952381 0.6273148148148148 0.03943452380952381 0.10648148148148148
47 0.9637896825396826 0.7569444444444444 0.07242063492063493 0.10648148148148148
191 0.35193452380952384 0.6896494708994709 0.08432539682539683 0.1306216931216931
34 0.2191220238095238 0.6651785714285714 0.08854166666666667 0.1359126984126984
218 0.15860615079365079 0.8270502645502645 0.07663690476190477 0.15211640211640212
218 0.20473710317460317 0.8558201058201058 0.07762896825396826 0.16137566137566137
218 0.26785714285714285 0.8619378306878307 0.07589285714285714 0.16170634920634921
205 0.34164186507936506 0.8640873015873016 0.07862103174603174 0.17592592592592593
205 0.4117063492063492 0.8736772486772487 0.07787698412698413 0.17592592592592593
205 0.4774305555555556 0.8773148148148148 0.07242063492063493 0.17592592592592593
268 0.9809027777777778 0.3349867724867725 0.03819444444444445 0.0496031746031746
268 0.9733382936507936 0.37665343915343913 0.04439484126984127 0.042328042328042326
96 0.04662698412698413 0.5960648148148148 0.0441468253968254 0.059854497354497355
96 0.09077380952380952 0.5927579365079365 0.03869047619047619 0.05654761904761905
96 0.012152777777777778 0.5954034391534392 0.024305555555555556 0.049933862433862435
208 0.010912698412698412 0.7111441798941799 0.021825396825396824 0.0539021164021164
208 0.044022817460317464 0.720734126984127 0.04836309523809524 0.0539021164021164
208 0.08680555555555555 0.7199074074074074 0.033234126984126984 0.0582010582010582
33 0.08444940476190477 0.84375 0.06125992063492063 0.0916005291005291
33 0.022569444444444444 0.8568121693121693 0.04513888888888889 0.10317460317460317
