64 0.18895027624309393 0.11014344262295082 0.045303867403314914 0.08709016393442623
64 0.23591160220994475 0.1096311475409836 0.045303867403314914 0.09221311475409837
31 0.2792817679558011 0.11014344262295082 0.04143646408839779 0.08709016393442623
31 0.3196132596685083 0.11270491803278689 0.042541436464088395 0.09221311475409837
31 0.3632596685082873 0.11270491803278689 0.042541436464088395 0.09221311475409837
304 0.40138121546961325 0.23616803278688525 0.0281767955801105 0.09733606557377049
340 0.3723756906077348 0.23719262295081966 0.027624309392265192 0.09528688524590163
340 0.27900552486187846 0.23309426229508196 0.032044198895027624 0.09733606557377049
347 0.24419889502762432 0.2300204918032787 0.032044198895027624 0.09733606557377049
341 0.20165745856353592 0.22848360655737704 0.036464088397790057 0.11065573770491803
341 0.16104972375690607 0.22899590163934427 0.039226519337016576 0.10758196721311475
341 0.12265193370165746 0.22899590163934427 0.03867403314917127 0.10758196721311475
348 0.08342541436464089 0.22848360655737704 0.03535911602209945 0.10450819672131148
348 0.038950276243093926 0.22848360655737704 0.03259668508287293 0.10245901639344263
171 0.03867403314917127 0.35706967213114754 0.028729281767955802 0.09528688524590163
171 0.06906077348066299 0.35706967213114754 0.03314917127071823 0.1014344262295082
304 0.11961325966850829 0.35706967213114754 0.03259668508287293 0.1014344262295082
304 0.15497237569060773 0.35706967213114754 0.03591160220994475 0.1014344262295082
304 0.19116022099447513 0.35706967213114754 0.03535911602209945 0.1014344262295082
304 0.2303867403314917 0.36116803278688525 0.03425414364640884 0.09528688524590163
304 0.26988950276243096 0.36116803278688525 0.03259668508287293 0.09528688524590163
304 0.2950276243093923 0.36116803278688525 0.023204419889502764 0.09118852459016394
304 0.3174033149171271 0.35706967213114754 0.0281767955801105 0.09118852459016394
141 0.3425414364640884 0.35911885245901637 0.030939226519337018 0.09528688524590163
141 0.3715469613259669 0.36014344262295084 0.0281767955801105 0.09528688524590163
141 0.4002762430939227 0.36168032786885246 0.0281767955801105 0.09836065573770492
89 0.687292817679558 0.45286885245901637 0.032044198895027624 0.05122950819672131
215 0.6397790055248619 0.45389344262295084 0.030939226519337018 0.05327868852459016
89 0.6646408839779006 0.45389344262295084 0.028729281767955802 0.05327868852459016
27 0.9494475138121546 0.5584016393442623 0.042541436464088395 0.06147540983606557
189 0.9080110497237569 0.5578893442622951 0.042541436464088395 0.0584016393442623
173 0.8665745856353592 0.5655737704918032 0.042541436464088395 0.055327868852459015
25 0.7795580110497238 0.555327868852459 0.036464088397790057 0.05942622950819672
25 0.7430939226519337 0.555327868852459 0.03535911602209945 0.055327868852459015
339 0.7027624309392265 0.555327868852459 0.039779005524861875 0.05327868852459016
339 0.6616022099447514 0.555327868852459 0.037016574585635356 0.05327868852459016
198 0.6243093922651933 0.5512295081967213 0.03535911602209945 0.055327868852459015
198 0.5848066298342541 0.5512295081967213 0.034806629834254144 0.055327868852459015
63 0.5444751381215469 0.5512295081967213 0.029281767955801105 0.055327868852459015
63 0.5091160220994475 0.5512295081967213 0.029281767955801105 0.055327868852459015
355 0.4740331491712707 0.6203893442622951 0.03867403314917127 0.08094262295081968
355 0.43370165745856354 0.6203893442622951 0.03867403314917127 0.08094262295081968
355 0.3953038674033149 0.6142418032786885 0.03038674033149171 0.09528688524590163
355 0.3693370165745856 0.6142418032786885 0.03038674033149171 0.09118852459016394
355 0.3414364640883978 0.6142418032786885 0.030939226519337018 0.09528688524590163
151 0.29171270718232045 0.6142418032786885 0.027624309392265192 0.09528688524590163
151 0.26160220994475136 0.6147540983606558 0.0281767955801105 0.09836065573770492
151 0.23370165745856353 0.6101434426229508 0.027624309392265192 0.09733606557377049
304 0.17458563535911603 0.49026639344262296 0.03425414364640884 0.1014344262295082
304 0.2160220994475138 0.4887295081967213 0.03535911602209945 0.10245901639344263
304 0.256353591160221 0.492827868852459 0.03535911602209945 0.09836065573770492
49 0.2906077348066298 0.4887295081967213 0.030939226519337018 0.10245901639344263
49 0.31767955801104975 0.4918032786885246 0.032044198895027624 0.09836065573770492
49 0.3453038674033149 0.49436475409836067 0.032044198895027624 0.09528688524590163
49 0.3693370165745856 0.4974385245901639 0.0281767955801105 0.09118852459016394
49 0.3994475138121547 0.4948770491803279 0.030939226519337018 0.09836065573770492
103 0.4375690607734807 0.5256147540983607 0.03314917127071823 0.0389344262295082
103 0.474585635359116 0.5297131147540983 0.030939226519337018 0.0389344262295082
222 0.5132596685082873 0.6434426229508197 0.028729281767955802 0.07172131147540983
192 0.5577348066298342 0.6449795081967213 0.03149171270718232 0.0706967213114754
192 0.5870165745856354 0.6480532786885246 0.03149171270718232 0.0706967213114754
142 0.619060773480663 0.6475409836065574 0.029281767955801105 0.06557377049180328
142 0.6477900552486188 0.649077868852459 0.0281767955801105 0.06659836065573771
324 0.6759668508287293 0.6521516393442623 0.0281767955801105 0.0706967213114754
324 0.7030386740331491 0.649077868852459 0.029281767955801105 0.0706967213114754
56 0.7361878453038674 0.6434426229508197 0.029281767955801105 0.07172131147540983
56 0.7629834254143646 0.6449795081967213 0.028729281767955802 0.0706967213114754
56 0.7848066298342542 0.6480532786885246 0.029281767955801105 0.0706967213114754
56 0.8116022099447514 0.6480532786885246 0.028729281767955802 0.0706967213114754
32 0.842817679558011 0.649077868852459 0.029281767955801105 0.0706967213114754
32 0.8624309392265194 0.6521516393442623 0.027624309392265192 0.0706967213114754
266 0.8955801104972375 0.6521516393442623 0.030939226519337018 0.0706967213114754
266 0.9162983425414365 0.6521516393442623 0.03149171270718232 0.07274590163934426
266 0.9411602209944752 0.6521516393442623 0.03259668508287293 0.07479508196721311
125 0.8756906077348067 0.7561475409836066 0.032044198895027624 0.06557377049180328
125 0.8439226519337016 0.7566598360655737 0.029281767955801105 0.06454918032786885
1 0.5779005524861879 0.08452868852459017 0.023204419889502764 0.05635245901639344
1 0.5892265193370165 0.13524590163934427 0.02154696132596685 0.045081967213114756
1 0.5662983425414365 0.13473360655737704 0.020994475138121547 0.04405737704918033
122 0.8886740331491713 0.07581967213114754 0.03812154696132597 0.036885245901639344
122 0.8941988950276243 0.11014344262295082 0.037016574585635356 0.035860655737704916
122 0.8958563535911602 0.14190573770491804 0.04033149171270718 0.02971311475409836
320 0.9361878453038674 0.11321721311475409 0.039226519337016576 0.03790983606557377
320 0.9715469613259669 0.11270491803278689 0.037016574585635356 0.036885245901639344
210 0.9356353591160221 0.14344262295081966 0.03591160220994475 0.02663934426229508
320 0.9718232044198895 0.14293032786885246 0.03867403314917127 0.027663934426229508
355 0.9013812154696133 0.24487704918032788 0.024861878453038673 0.05942622950819672
334 0.9240331491712708 0.24129098360655737 0.02707182320441989 0.06454918032786885
177 0.9480662983425414 0.2546106557377049 0.023204419889502764 0.039959016393442626
114 0.9488950276243094 0.22131147540983606 0.025966850828729283 0.03278688524590164
177 0.9712707182320443 0.22540983606557377 0.02430939226519337 0.03278688524590164
177 0.9698895027624309 0.2576844262295082 0.023756906077348067 0.03381147540983607
238 0.7538674033149171 0.25973360655737704 0.037016574585635356 0.027663934426229508
238 0.7928176795580111 0.25973360655737704 0.03756906077348066 0.027663934426229508
87 0.8312154696132596 0.257172131147541 0.034806629834254144 0.03278688524590164
87 0.8674033149171271 0.257172131147541 0.039779005524861875 0.03278688524590164
203 0.7911602209944751 0.33145491803278687 0.04419889502762431 0.039959016393442626
309 0.8298342541436464 0.33350409836065575 0.041988950276243095 0.039959016393442626
174 0.8624309392265194 0.33043032786885246 0.026519337016574586 0.03790983606557377
174 0.8726519337016575 0.36834016393442626 0.042541436464088395 0.035860655737704916
309 0.8279005524861879 0.3698770491803279 0.04143646408839779 0.030737704918032786
203 0.7892265193370166 0.367827868852459 0.03370165745856354 0.03483606557377049
46 0.7425414364640884 0.33299180327868855 0.04088397790055249 0.0389344262295082
46 0.7466850828729282 0.36885245901639346 0.04143646408839779 0.03483606557377049
287 0.9176795580110497 0.36936475409836067 0.0430939226519337 0.03381147540983607
173 0.9585635359116023 0.3673155737704918 0.041988950276243095 0.039959016393442626
173 0.9502762430939227 0.32735655737704916 0.041988950276243095 0.04610655737704918
189 0.9102209944751382 0.4646516393442623 0.042541436464088395 0.03381147540983607
189 0.9488950276243094 0.4646516393442623 0.042541436464088395 0.03381147540983607
20 0.726243093922652 0.45594262295081966 0.0281767955801105 0.0471311475409836
20 0.7527624309392266 0.45645491803278687 0.02707182320441989 0.04610655737704918
24 0.7820441988950276 0.45645491803278687 0.02707182320441989 0.04610655737704918
24 0.8088397790055248 0.45645491803278687 0.02983425414364641 0.04610655737704918
24 0.844475138121547 0.4574795081967213 0.029281767955801105 0.04610655737704918
24 0.8654696132596685 0.45645491803278687 0.025966850828729283 0.04610655737704918
19 0.5867403314917127 0.45184426229508196 0.03314917127071823 0.05122950819672131
215 0.6151933701657458 0.45543032786885246 0.025966850828729283 0.04610655737704918
225 0.5080110497237569 0.3473360655737705 0.02154696132596685 0.07377049180327869
225 0.5306629834254144 0.3478483606557377 0.02154696132596685 0.07479508196721311
103 0.5533149171270718 0.3473360655737705 0.025966850828729283 0.07581967213114754
103 0.5759668508287292 0.3473360655737705 0.023756906077348067 0.07377049180327869
196 0.5132596685082873 0.23668032786885246 0.022099447513812154 0.07172131147540983
196 0.5359116022099447 0.23616803278688525 0.023204419889502764 0.07274590163934426
332 0.5596685082872929 0.23616803278688525 0.02541436464088398 0.07274590163934426
332 0.5837016574585635 0.23616803278688525 0.022651933701657457 0.07274590163934426
248 0.6085635359116022 0.23719262295081966 0.024861878453038673 0.0706967213114754
210 0.6331491712707182 0.23719262295081966 0.02541436464088398 0.0706967213114754
249 0.6566298342541437 0.2382172131147541 0.023756906077348067 0.0706967213114754
249 0.6795580110497238 0.23770491803278687 0.02430939226519337 0.07172131147540983
111 0.5558011049723757 0.7546106557377049 0.020994475138121547 0.05635245901639344
111 0.5767955801104973 0.7546106557377049 0.019889502762430938 0.05635245901639344
111 0.5964088397790055 0.7551229508196722 0.019337016574585635 0.05737704918032787
111 0.6174033149171271 0.7551229508196722 0.019337016574585635 0.05737704918032787
106 0.5002762430939226 0.7479508196721312 0.01712707182320442 0.07172131147540983
106 0.5171270718232044 0.7479508196721312 0.015469613259668509 0.07172131147540983
106 0.5339779005524862 0.7479508196721312 0.016022099447513812 0.06967213114754098
282 0.32541436464088397 0.7479508196721312 0.036464088397790057 0.06557377049180328
282 0.3621546961325967 0.7479508196721312 0.03812154696132597 0.06557377049180328
282 0.39861878453038674 0.7479508196721312 0.03812154696132597 0.06557377049180328
282 0.43425414364640885 0.7484631147540983 0.039779005524861875 0.06659836065573771
282 0.47154696132596685 0.7484631147540983 0.03812154696132597 0.06659836065573771
137 0.6395027624309392 0.757172131147541 0.019337016574585635 0.055327868852459015
137 0.6585635359116022 0.757172131147541 0.019889502762430938 0.055327868852459015
99 0.34088397790055247 0.8709016393442623 0.04419889502762431 0.09836065573770492
99 0.3096685082872928 0.8703893442622951 0.03370165745856354 0.09733606557377049
99 0.28066298342541435 0.8703893442622951 0.03425414364640884 0.09733606557377049
306 0.38011049723756907 0.8703893442622951 0.03425414364640884 0.10553278688524591
306 0.4044198895027624 0.8739754098360656 0.02541436464088398 0.09836065573770492
306 0.4220994475138122 0.8693647540983607 0.013259668508287293 0.10348360655737705
306 0.44281767955801105 0.8739754098360656 0.034806629834254144 0.09836065573770492
146 0.47154696132596685 0.8842213114754098 0.01712707182320442 0.07377049180327869
146 0.49171270718232046 0.8857581967213115 0.016574585635359115 0.07684426229508197
146 0.5082872928176796 0.8852459016393442 0.016574585635359115 0.07581967213114754
178 0.5323204419889502 0.882172131147541 0.019337016574585635 0.0860655737704918
178 0.5535911602209945 0.882172131147541 0.020994475138121547 0.0860655737704918
178 0.574585635359116 0.8811475409836066 0.020994475138121547 0.08401639344262295
65 0.6204419889502762 0.8785860655737705 0.023204419889502764 0.08913934426229508
65 0.5972375690607735 0.867827868852459 0.020994475138121547 0.0778688524590164
229 0.6538674033149171 0.8780737704918032 0.03812154696132597 0.08401639344262295
229 0.6883977900552486 0.882172131147541 0.03756906077348066 0.09221311475409837
298 0.7201657458563536 0.8826844262295082 0.025966850828729283 0.09118852459016394
298 0.744475138121547 0.8796106557377049 0.02707182320441989 0.0932377049180328
298 0.7720994475138122 0.8826844262295082 0.029281767955801105 0.0932377049180328
298 0.7986187845303867 0.8816598360655737 0.029281767955801105 0.09528688524590163
298 0.8270718232044199 0.8842213114754098 0.028729281767955802 0.09221311475409837
298 0.8544198895027625 0.8826844262295082 0.029281767955801105 0.09528688524590163
298 0.881767955801105 0.8734631147540983 0.04419889502762431 0.1096311475409836
298 0.919060773480663 0.8729508196721312 0.03812154696132597 0.10860655737704918
184 0.8107734806629834 0.5532786885245902 0.025966850828729283 0.06352459016393443
184 0.8331491712707182 0.5532786885245902 0.022099447513812154 0.06352459016393443
100 0.06381215469613259 0.7689549180327869 0.01712707182320442 0.0706967213114754
100 0.08204419889502762 0.7684426229508197 0.03038674033149171 0.07581967213114754
100 0.10828729281767956 0.7679303278688525 0.028729281767955802 0.07479508196721311
100 0.1281767955801105 0.766905737704918 0.01878453038674033 0.07479508196721311
100 0.06933701657458563 0.8627049180327869 0.01712707182320442 0.06967213114754098
100 0.08756906077348066 0.8632172131147541 0.025966850828729283 0.07274590163934426
100 0.11215469613259668 0.8627049180327869 0.02983425414364641 0.07377049180327869
100 0.13066298342541435 0.8627049180327869 0.016022099447513812 0.06967213114754098
100 0.17679558011049723 0.8632172131147541 0.016574585635359115 0.06864754098360656
100 0.19558011049723756 0.8637295081967213 0.026519337016574586 0.07172131147540983
100 0.21988950276243094 0.8627049180327869 0.026519337016574586 0.07172131147540983
100 0.23895027624309392 0.8632172131147541 0.016022099447513812 0.0706967213114754
100 0.17651933701657457 0.7694672131147541 0.018232044198895028 0.07172131147540983
100 0.19640883977900553 0.7694672131147541 0.02707182320441989 0.07172131147540983
100 0.22044198895027625 0.7689549180327869 0.027624309392265192 0.0706967213114754
100 0.23895027624309392 0.7689549180327869 0.016022099447513812 0.0706967213114754
304 0.29116022099447514 0.7464139344262295 0.028729281767955802 0.06659836065573771
171 0.06767955801104972 0.6183401639344263 0.03149171270718232 0.0932377049180328
171 0.11187845303867404 0.6183401639344263 0.0281767955801105 0.0932377049180328
171 0.13591160220994475 0.6183401639344263 0.022099447513812154 0.0932377049180328
219 0.16187845303867404 0.6193647540983607 0.02983425414364641 0.09528688524590163
219 0.18950276243093922 0.6209016393442623 0.030939226519337018 0.09221311475409837
219 0.21464088397790054 0.6188524590163934 0.022651933701657457 0.09631147540983606
63 0.04640883977900553 0.5 0.03867403314917127 0.10245901639344263
63 0.07458563535911603 0.4979508196721312 0.028729281767955802 0.09836065573770492
63 0.09889502762430939 0.4979508196721312 0.028729281767955802 0.09836065573770492
63 0.12486187845303867 0.4964139344262295 0.022099447513812154 0.10348360655737705
304 0.4419889502762431 0.3406762295081967 0.03867403314917127 0.0625
200 0.4417127071823204 0.39344262295081966 0.03591160220994475 0.045081967213114756
225 0.4776243093922652 0.38831967213114754 0.03259668508287293 0.05327868852459016
272 0.43011049723756906 0.23924180327868852 0.025966850828729283 0.09938524590163934
272 0.4552486187845304 0.24436475409836064 0.027624309392265192 0.08913934426229508
272 0.481767955801105 0.23975409836065573 0.028729281767955802 0.09836065573770492
259 0.8168508287292817 0.7597336065573771 0.025966850828729283 0.0625
259 0.7895027624309392 0.757172131147541 0.02430939226519337 0.06147540983606557
136 0.7649171270718232 0.7556352459016393 0.02154696132596685 0.06454918032786885
136 0.7433701657458563 0.7540983606557377 0.020441988950276244 0.06147540983606557
340 0.34392265193370164 0.2341188524590164 0.02707182320441989 0.09733606557377049
340 0.3149171270718232 0.23309426229508196 0.03425414364640884 0.10553278688524591
