38 0.02730905861456483 0.121 0.05461811722912966 0.1005
38 0.0730461811722913 0.094625 0.12300177619893428 0.13625
38 0.163854351687389 0.08575 0.12255772646536411 0.141
207 0.06727353463587922 0.478375 0.1336589698046181 0.06825
207 0.10412966252220249 0.537 0.14786856127886322 0.059
207 0.19915630550621669 0.503875 0.1913854351687389 0.12575
207 0.22824156305506216 0.535 0.14120781527531084 0.062
296 0.34147424511545293 0.52625 0.11811722912966252 0.0755
345 0.44027531083481347 0.520375 0.1105683836589698 0.08275
92 0.5397424511545293 0.516375 0.1105683836589698 0.08725
92 0.6434280639431617 0.5185 0.11811722912966252 0.0805
66 0.8052841918294849 0.5145 0.22513321492007105 0.0845
181 0.9655861456483126 0.524375 0.06705150976909414 0.17175
21 0.7362344582593251 0.646375 0.12255772646536411 0.11575
21 0.6452042628774423 0.645375 0.11190053285968028 0.11425
21 0.5623889875666075 0.643375 0.10523978685612789 0.10825
21 0.4802397868561279 0.6415 0.10257548845470693 0.1085
21 0.40208703374777977 0.643375 0.11589698046181172 0.10125
271 0.06238898756660746 0.758625 0.1238898756660746 0.06225
243 0.15319715808170514 0.897375 0.20071047957371227 0.10925
246 0.3241563055062167 0.918875 0.14120781527531084 0.07975
246 0.46847246891651867 0.95 0.17406749555950266 0.0565
246 0.6023534635879219 0.949125 0.15408525754884547 0.07625
132 0.047513321492007106 0.61525 0.09502664298401421 0.0645
349 0.1427619893428064 0.612875 0.14520426287744229 0.06325
349 0.27020426287744226 0.613125 0.15674955595026643 0.06425
349 0.1705150976909414 0.666125 0.1349911190053286 0.04875
132 0.0586145648312611 0.65975 0.1172291296625222 0.0575
349 0.28707815275310833 0.662375 0.141651865008881 0.06125
21 0.8488010657193605 0.649375 0.10612788632326821 0.11375
86 0.35634991119005327 0.740375 0.16651865008880995 0.05175
86 0.3829928952042629 0.78475 0.15763765541740674 0.05
86 0.5317495559502664 0.7945 0.1700710479573712 0.049
86 0.5137655417406749 0.745125 0.18561278863232683 0.06125
11 0.7626554174067496 0.92425 0.14786856127886322 0.146
11 0.8996447602131439 0.926625 0.1669626998223801 0.14525
73 0.4644760213143872 0.21975 0.15186500888099466 0.104
73 0.33015097690941386 0.233625 0.16296625222024866 0.10325
265 0.1802841918294849 0.24425 0.16163410301953818 0.0895
204 0.6309946714031972 0.200625 0.17495559502664298 0.11525
204 0.794404973357016 0.18125 0.17939609236234458 0.1235
150 0.2817495559502664 0.083875 0.14342806394316163 0.11925
150 0.4296181172291297 0.05925 0.17984014209591473 0.1185
150 0.5934724689165186 0.05175 0.18339253996447602 0.1035
150 0.7793072824156305 0.04025 0.19182948490230906 0.0805
