214 0.6968201754385965 0.19672131147540983 0.09904970760233918 0.10206240084611316
214 0.6354166666666666 0.19672131147540983 0.07785087719298246 0.09836065573770492
315 0.8565423976608187 0.21443680592279218 0.09027777777777778 0.08038075092543628
315 0.9139254385964912 0.21747752511898466 0.08150584795321637 0.07800105764145955
261 0.9581505847953217 0.2195928080380751 0.07711988304093567 0.07588577472236911
261 0.9804459064327485 0.2217080909571655 0.039108187134502925 0.0674246430460074
261 0.9804459064327485 0.30909571655208884 0.039108187134502925 0.07826546800634585
261 0.9493786549707602 0.3133262823902697 0.06396198830409357 0.07562136435748282
261 0.8965643274853801 0.3143839238498149 0.06067251461988304 0.07191961924907457
201 0.8598318713450293 0.3142517186673718 0.07054093567251463 0.07535695399259651
201 0.8070175438596491 0.3142517186673718 0.07163742690058479 0.07800105764145955
61 0.754203216374269 0.3142517186673718 0.06761695906432749 0.07800105764145955
61 0.700109649122807 0.3121364357482813 0.07711988304093567 0.08699101004759387
268 0.6321271929824561 0.3319672131147541 0.05445906432748538 0.047858276044420944
268 0.6321271929824561 0.3716287678476996 0.05445906432748538 0.047858276044420944
268 0.6321271929824561 0.40586991010047596 0.05445906432748538 0.046007403490216814
194 0.960343567251462 0.5007932310946589 0.06396198830409357 0.08038075092543628
194 0.9064327485380117 0.507006874669487 0.0804093567251462 0.09069275515600211
75 0.84375 0.513088313061872 0.06761695906432749 0.08751983077736647
75 0.7843567251461988 0.522607086197779 0.0804093567251462 0.09809624537281861
164 0.7130847953216374 0.5288207297726071 0.08698830409356725 0.1110523532522475
50 0.6116593567251462 0.5413802221047065 0.09904970760233918 0.1044420941300899
50 0.5285087719298246 0.5474616604970914 0.1154970760233918 0.11396086726599683
330 0.39473684210526316 0.5630618720253834 0.12426900584795321 0.13141195134849287
330 0.30610380116959063 0.5881808566895822 0.13706140350877194 0.12506610259122158
108 0.19407894736842105 0.6016657852987837 0.12426900584795321 0.13141195134849287
97 0.6461988304093568 0.6808566895822317 0.10964912280701754 0.13907985193019567
97 0.7357456140350878 0.6651242728714966 0.097953216374269 0.12506610259122158
97 0.8070175438596491 0.6505817028027499 0.08333333333333333 0.11607615018508725
97 0.8695175438596491 0.6351136964569011 0.08991228070175439 0.1110523532522475
342 0.9431652046783626 0.6225542041248017 0.0800438596491228 0.1044420941300899
35 0.8393640350877193 0.7765732416710736 0.0800438596491228 0.09836065573770492
35 0.7843567251461988 0.7870174510840825 0.08333333333333333 0.11607615018508725
85 0.69828216374269 0.800502379693284 0.1611842105263158 0.09069275515600211
85 0.6191520467836257 0.8224484399788472 0.13304093567251463 0.09016393442622951
29 0.12463450292397661 0.12136435748281332 0.22149122807017543 0.2014806980433633
29 0.2913011695906433 0.13987308302485457 0.16739766081871346 0.18402961396086726
53 0.43183479532163743 0.16300898995240615 0.1516812865497076 0.1493918561607615
53 0.5544590643274854 0.17332099418297198 0.1301169590643275 0.14093072448439978
30 0.5434941520467836 0.3626388154415653 0.14912280701754385 0.1483342147012163
30 0.43877923976608185 0.36488630354309887 0.14875730994152048 0.15494447382337387
130 0.3123172514619883 0.369381279746166 0.1597222222222222 0.15917503966155475
130 0.1472953216374269 0.3738762559492332 0.21710526315789475 0.17503966155473294
117 0.6937134502923976 0.4213379164463247 0.08333333333333333 0.09280803807509254
117 0.758406432748538 0.41737176097303014 0.07383040935672515 0.09069275515600211
305 0.8090277777777778 0.4127445795875198 0.06030701754385965 0.08672659968270756
305 0.8647660818713451 0.4106292966684294 0.08333333333333333 0.08566895822316235
240 0.9632675438596491 0.40190375462718136 0.06761695906432749 0.08514013749338974
218 0.19755116959064328 0.7382337387625595 0.17507309941520469 0.15124272871496564
218 0.3298611111111111 0.7277895293495505 0.15314327485380116 0.1721311475409836
34 0.4513888888888889 0.7182707562136436 0.12938596491228072 0.15838180856689582
34 0.5467836257309941 0.6996298254891592 0.125 0.1417239555790587
34 0.46984649122807015 0.6430460074034903 0.18896198830409358 0.028027498677948175
7 0.464546783625731 0.8317028027498677 0.12353801169590643 0.0748281332628239
7 0.5495248538011696 0.8287942887361185 0.10197368421052631 0.06953992596509784
205 0.20906432748538012 0.9238498149127445 0.14692982456140352 0.15230037017451084
205 0.32821637426900585 0.9104970914859862 0.13596491228070176 0.1790058170280275
75 0.7764985380116959 0.21853516657852987 0.057383040935672515 0.04891591750396616
