99 0.06851851851851852 0.12154471544715448 0.10296296296296296 0.14878048780487804
137 0.13703703703703704 0.0943089430894309 0.04888888888888889 0.08780487804878048
178 0.19111111111111112 0.15365853658536585 0.054814814814814816 0.08455284552845528
178 0.2588888888888889 0.15853658536585366 0.03925925925925926 0.08455284552845528
146 0.29444444444444445 0.15691056910569107 0.03925925925925926 0.08292682926829269
146 0.33185185185185184 0.16016260162601625 0.03851851851851852 0.07642276422764227
111 0.4474074074074074 0.16626016260162602 0.04148148148148148 0.07073170731707316
111 0.48703703703703705 0.17235772357723578 0.03925925925925926 0.05853658536585366
111 0.5818518518518518 0.1678861788617886 0.042222222222222223 0.07073170731707316
111 0.6222222222222222 0.17032520325203251 0.03851851851851852 0.06747967479674796
111 0.6607407407407407 0.17073170731707318 0.04 0.07154471544715447
142 0.6337037037037037 0.32154471544715446 0.042222222222222223 0.06585365853658537
222 0.6807407407407408 0.3199186991869919 0.04296296296296296 0.06422764227642276
192 0.7325925925925926 0.32479674796747965 0.04888888888888889 0.06910569105691057
1 0.7670370370370371 0.28495934959349595 0.03777777777777778 0.04796747967479675
1 0.807037037037037 0.33658536585365856 0.03925925925925926 0.05203252032520325
225 0.5577777777777778 0.44959349593495934 0.04 0.07154471544715447
103 0.5225925925925926 0.44471544715447153 0.042222222222222223 0.08292682926829269
340 0.46703703703703703 0.4373983739837398 0.05407407407407407 0.1008130081300813
340 0.4048148148148148 0.4373983739837398 0.061481481481481484 0.1008130081300813
341 0.34629629629629627 0.4451219512195122 0.061481481481481484 0.09349593495934959
341 0.29 0.4373983739837398 0.05555555555555555 0.1008130081300813
219 0.2285185185185185 0.44065040650406506 0.061481481481481484 0.11056910569105691
219 0.17962962962962964 0.4434959349593496 0.052592592592592594 0.108130081300813
151 0.12555555555555556 0.4451219512195122 0.061481481481481484 0.11626016260162601
151 0.07222222222222222 0.4451219512195122 0.05703703703703704 0.11951219512195121
171 0.13296296296296295 0.7223577235772358 0.061481481481481484 0.09349593495934959
171 0.20555555555555555 0.7134146341463414 0.05555555555555555 0.09349593495934959
63 0.2544444444444444 0.7134146341463414 0.05407407407407407 0.09349593495934959
63 0.30074074074074075 0.7101626016260163 0.04888888888888889 0.09674796747967479
63 0.3474074074074074 0.7073170731707317 0.045925925925925926 0.08780487804878048
49 0.39444444444444443 0.6983739837398374 0.042222222222222223 0.08455284552845528
49 0.4337037037037037 0.6934959349593496 0.040740740740740744 0.08292682926829269
49 0.4766666666666667 0.691869918699187 0.042222222222222223 0.08292682926829269
304 0.5337037037037037 0.6752032520325203 0.052592592592592594 0.06585365853658537
309 0.5974074074074074 0.6796747967479675 0.06 0.05365853658536585
287 0.6607407407407407 0.6735772357723577 0.0637037037037037 0.06097560975609756
46 0.7233333333333334 0.6796747967479675 0.06 0.05365853658536585
56 0.8088888888888889 0.7390243902439024 0.04888888888888889 0.06666666666666667
56 0.8537037037037037 0.7329268292682927 0.05555555555555555 0.06097560975609756
28 0.8533333333333334 0.5426829268292683 0.04888888888888889 0.091869918699187
45 0.8077777777777778 0.5443089430894309 0.06 0.0886178861788618
174 0.7503703703703704 0.5565040650406504 0.06074074074074074 0.07073170731707316
355 0.66 0.5654471544715447 0.04888888888888889 0.07073170731707316
334 0.6244444444444445 0.5654471544715447 0.04 0.06585365853658537
177 0.587037037037037 0.5670731707317073 0.042222222222222223 0.07073170731707316
320 0.5411111111111111 0.573170731707317 0.04814814814814815 0.06666666666666667
100 0.47962962962962963 0.5792682926829268 0.03925925925925926 0.09674796747967479
100 0.4337037037037037 0.574390243902439 0.05407407407407407 0.0886178861788618
100 0.3788888888888889 0.5776422764227642 0.05407407407407407 0.1
100 0.32037037037037036 0.5776422764227642 0.05555555555555555 0.09674796747967479
304 0.25666666666666665 0.5788617886178862 0.05407407407407407 0.1073170731707317
304 0.20962962962962964 0.5792682926829268 0.045925925925925926 0.1
347 0.16111111111111112 0.5804878048780487 0.052592592592592594 0.1040650406504065
141 0.10555555555555556 0.5869918699186992 0.05555555555555555 0.1040650406504065
304 0.32851851851851854 0.8109756097560976 0.05555555555555555 0.07560975609756097
304 0.39444444444444443 0.8154471544715447 0.07481481481481482 0.07642276422764227
304 0.4411111111111111 0.8004065040650407 0.04814814814814815 0.07723577235772358
100 0.4411111111111111 0.8719512195121951 0.04518518518518518 0.05609756097560976
100 0.39555555555555555 0.8947154471544716 0.045925925925925926 0.06747967479674796
100 0.35888888888888887 0.8975609756097561 0.03777777777777778 0.05853658536585366
100 0.32037037037037036 0.9008130081300812 0.042222222222222223 0.07154471544715447
272 0.482962962962963 0.8747967479674796 0.04 0.1073170731707317
272 0.5233333333333333 0.8747967479674796 0.042222222222222223 0.09268292682926829
282 0.57 0.883739837398374 0.06 0.08292682926829269
282 0.6277777777777778 0.8747967479674796 0.05851851851851852 0.0910569105691057
355 0.6803703703703704 0.8398373983739837 0.052592592592592594 0.07479674796747968
355 0.737037037037037 0.8536585365853658 0.06074074074074074 0.08617886178861789
298 0.7818518518518518 0.8532520325203252 0.03925925925925926 0.07723577235772358
298 0.8174074074074074 0.8536585365853658 0.03925925925925926 0.07479674796747968
247 0.5303703703703704 0.7621951219512195 0.04888888888888889 0.06097560975609756
247 0.567037037037037 0.7617886178861789 0.05407407407407407 0.06504065040650407
259 0.6140740740740741 0.7621951219512195 0.04 0.05609756097560976
32 0.7266666666666667 0.7483739837398374 0.04888888888888889 0.05772357723577236
32 0.762962962962963 0.7483739837398374 0.04296296296296296 0.05772357723577236
292 0.13777777777777778 0.1613821138211382 0.05185185185185185 0.06260162601626017
106 0.4014814814814815 0.16016260162601625 0.037037037037037035 0.06829268292682927
111 0.5377777777777778 0.16626016260162602 0.04888888888888889 0.07073170731707316
173 0.8244444444444444 0.6650406504065041 0.05925925925925926 0.03739837398373984
173 0.8285185185185185 0.6325203252032521 0.051111111111111114 0.03577235772357724
87 0.7781481481481481 0.6382113821138211 0.05407407407407407 0.03414634146341464
87 0.7762962962962963 0.6695121951219513 0.04296296296296296 0.03333333333333333
171 0.14592592592592593 0.9150406504065041 0.03259259259259259 0.05609756097560976
171 0.1811111111111111 0.9134146341463415 0.04962962962962963 0.06097560975609756
171 0.22333333333333333 0.9105691056910569 0.040740740740740744 0.061788617886178863
171 0.25407407407407406 0.908130081300813 0.028148148148148148 0.061788617886178863
189 0.8462962962962963 0.3975609756097561 0.06592592592592593 0.04065040650406504
189 0.8477777777777777 0.43414634146341463 0.06296296296296296 0.03577235772357724
189 0.8474074074074074 0.4654471544715447 0.06222222222222222 0.03170731707317073
355 0.784074074074074 0.4349593495934959 0.05703703703703704 0.03739837398373984
355 0.7814814814814814 0.4682926829268293 0.06074074074074074 0.02926829268292683
24 0.6388888888888888 0.46463414634146344 0.0437037037037037 0.041463414634146344
24 0.6392592592592593 0.4199186991869919 0.045925925925925926 0.04959349593495935
20 0.6825925925925926 0.4191056910569106 0.0437037037037037 0.04959349593495935
20 0.6814814814814815 0.46463414634146344 0.045925925925925926 0.041463414634146344
89 0.7244444444444444 0.46219512195121953 0.044444444444444446 0.043089430894308944
89 0.7255555555555555 0.4166666666666667 0.0437037037037037 0.04796747967479675
196 0.5885185185185186 0.32479674796747965 0.042222222222222223 0.07235772357723577
210 0.5433333333333333 0.3235772357723577 0.0437037037037037 0.07479674796747968
126 0.36777777777777776 0.2711382113821138 0.06592592592592593 0.06910569105691057
126 0.3688888888888889 0.33414634146341465 0.0637037037037037 0.05853658536585366
19 0.44 0.333739837398374 0.06074074074074074 0.05772357723577236
19 0.44333333333333336 0.2707317073170732 0.06 0.06829268292682927
339 0.22518518518518518 0.2821138211382114 0.07851851851851852 0.06016260162601626
25 0.2966666666666667 0.2813008130081301 0.07333333333333333 0.06016260162601626
25 0.29777777777777775 0.33739837398373984 0.0725925925925926 0.05203252032520325
339 0.22518518518518518 0.3378048780487805 0.07555555555555556 0.052845528455284556
344 0.06518518518518518 0.27926829268292686 0.08296296296296296 0.06585365853658537
344 0.07222222222222222 0.3378048780487805 0.08074074074074074 0.05447154471544716
200 0.14777777777777779 0.3357723577235772 0.08074074074074074 0.05853658536585366
106 0.36703703703703705 0.15284552845528454 0.03481481481481481 0.08943089430894309
184 0.7037037037037037 0.5691056910569106 0.034074074074074076 0.06666666666666667
32 0.6885185185185185 0.7589430894308943 0.0362962962962963 0.06097560975609756
259 0.6525925925925926 0.7617886178861789 0.034074074074074076 0.05853658536585366
