162 0.20798611111111112 0.16328125 0.1701388888888889 0.14635416666666667
30 0.35694444444444445 0.1546875 0.1625 0.16145833333333334
30 0.48020833333333335 0.15182291666666667 0.15902777777777777 0.1671875
29 0.6385416666666667 0.15364583333333334 0.15208333333333332 0.16041666666666668
29 0.7819444444444444 0.1515625 0.15833333333333333 0.159375
29 0.9225694444444444 0.14583333333333334 0.15486111111111112 0.16145833333333334
47 0.9645833333333333 0.38515625 0.07083333333333333 0.10572916666666667
50 0.7635416666666667 0.38125 0.12291666666666666 0.11145833333333334
50 0.6611111111111111 0.3763020833333333 0.12916666666666668 0.11927083333333334
330 0.5416666666666666 0.37916666666666665 0.12361111111111112 0.115625
330 0.4420138888888889 0.37916666666666665 0.13680555555555557 0.11458333333333333
53 0.309375 0.37421875 0.13958333333333334 0.12135416666666667
53 0.18541666666666667 0.37421875 0.13333333333333333 0.12135416666666667
34 0.20381944444444444 0.5276041666666667 0.13680555555555557 0.14270833333333333
34 0.321875 0.5276041666666667 0.1326388888888889 0.14270833333333333
34 0.4479166666666667 0.5286458333333334 0.13333333333333333 0.14375
187 0.575 0.54140625 0.13333333333333333 0.12447916666666667
187 0.6951388888888889 0.5424479166666667 0.13333333333333333 0.13072916666666667
223 0.8270833333333333 0.54921875 0.13333333333333333 0.12135416666666667
223 0.9277777777777778 0.5510416666666667 0.11388888888888889 0.11770833333333333
181 0.9215277777777777 0.7377604166666667 0.15694444444444444 0.14010416666666667
97 0.8131944444444444 0.7427083333333333 0.14027777777777778 0.11875
97 0.6881944444444444 0.7385416666666667 0.13333333333333333 0.11979166666666667
342 0.4423611111111111 0.7247395833333333 0.13194444444444445 0.13072916666666667
342 0.3347222222222222 0.7151041666666667 0.14583333333333334 0.13958333333333334
342 0.22118055555555555 0.7153645833333333 0.11736111111111111 0.1359375
218 0.20868055555555556 0.878125 0.13541666666666666 0.15833333333333333
218 0.321875 0.878125 0.12986111111111112 0.15833333333333333
218 0.42951388888888886 0.8869791666666667 0.13125 0.16770833333333332
205 0.9111111111111111 0.9143229166666667 0.17777777777777778 0.17135416666666667
97 0.575 0.73125 0.13055555555555556 0.11979166666666667
191 0.5576388888888889 0.9236979166666667 0.12083333333333333 0.11822916666666666
191 0.6798611111111111 0.9328125 0.12916666666666668 0.11666666666666667
