53 0.3427579365079365 0.22941468253968253 0.13723544973544974 0.11061507936507936
53 0.4384920634920635 0.23722718253968253 0.10978835978835978 0.1039186507936508
261 0.8495370370370371 0.36123511904761907 0.051587301587301584 0.05927579365079365
261 0.8083664021164021 0.36222718253968256 0.040674603174603176 0.06225198412698413
201 0.7713293650793651 0.3602430555555556 0.0539021164021164 0.06820436507936507
201 0.7265211640211641 0.36222718253968256 0.05092592592592592 0.0642361111111111
201 0.6785714285714286 0.36123511904761907 0.057539682539682536 0.0642361111111111
61 0.6160714285714286 0.36222718253968256 0.057539682539682536 0.06374007936507936
61 0.5682870370370371 0.3630952380952381 0.05720899470899471 0.0625
117 0.5692791005291006 0.4521329365079365 0.07771164021164022 0.07242063492063493
117 0.638558201058201 0.44915674603174605 0.07473544973544974 0.07242063492063493
305 0.701058201058201 0.4453125 0.06547619047619048 0.06770833333333333
305 0.7509920634920635 0.443328373015873 0.061507936507936505 0.06572420634920635
78 0.7928240740740741 0.44035218253968256 0.05257936507936508 0.0662202380952381
78 0.8368055555555556 0.43936011904761907 0.05257936507936508 0.0642361111111111
194 0.8252314814814815 0.5271577380952381 0.07771164021164022 0.078125
194 0.7625661375661376 0.5291418650793651 0.06547619047619048 0.07762896825396826
75 0.7118055555555556 0.5360863095238095 0.06646825396825397 0.07465277777777778
75 0.6493055555555556 0.542906746031746 0.07771164021164022 0.08234126984126984
164 0.56630291005291 0.5457589285714286 0.07837301587301587 0.09499007936507936
330 0.39732142857142855 0.5673363095238095 0.09953703703703703 0.09300595238095238
330 0.31828703703703703 0.5703125 0.11474867724867725 0.0974702380952381
108 0.2088293650793651 0.5789930555555556 0.11408730158730158 0.10788690476190477
108 0.125 0.5858134920634921 0.10846560846560846 0.11061507936507936
34 0.328042328042328 0.6834077380952381 0.10846560846560846 0.12425595238095238
34 0.42658730158730157 0.677703373015873 0.10582010582010581 0.12574404761904762
181 0.5234788359788359 0.669890873015873 0.10582010582010581 0.12202380952380952
181 0.609292328042328 0.660094246031746 0.0882936507936508 0.11086309523809523
97 0.6863425925925926 0.6512896825396826 0.08498677248677249 0.1056547619047619
342 0.7547949735449735 0.6414930555555556 0.08101851851851852 0.09499007936507936
342 0.8153108465608465 0.6316964285714286 0.08564814814814815 0.09325396825396826
7 0.3817791005291005 0.8474702380952381 0.0916005291005291 0.10119047619047619
7 0.43253968253968256 0.8349454365079365 0.0992063492063492 0.10639880952380952
85 0.59755291005291 0.7821180555555556 0.0992063492063492 0.08804563492063493
221 0.675760582010582 0.7734375 0.05125661375661376 0.10590277777777778
35 0.7313161375661376 0.7693452380952381 0.09953703703703703 0.1195436507936508
15 0.7977843915343915 0.7704613095238095 0.06845238095238096 0.09796626984126984
15 0.8427579365079365 0.753844246031746 0.0539021164021164 0.09796626984126984
29 0.2134589947089947 0.21292162698412698 0.12996031746031747 0.1341765873015873
29 0.08630952380952381 0.20510912698412698 0.15079365079365079 0.14136904761904762
342 0.013888888888888888 0.4254712301587302 0.017195767195767195 0.07217261904761904
130 0.08978174603174603 0.4201388888888889 0.1378968253968254 0.1314484126984127
130 0.21263227513227514 0.41976686507936506 0.1302910052910053 0.1307043650793651
30 0.32060185185185186 0.4157986111111111 0.1531084656084656 0.12822420634920634
30 0.43783068783068785 0.41393849206349204 0.11838624338624339 0.12003968253968254
218 0.12185846560846561 0.7290426587301587 0.1378968253968254 0.1515376984126984
218 0.2261904761904762 0.7047371031746031 0.11507936507936507 0.13120039682539683
205 0.14169973544973544 0.8912450396825397 0.13921957671957672 0.17733134920634921
205 0.23726851851851852 0.8467261904761905 0.11078042328042328 0.1388888888888889
