204 0.10798611111111112 0.3533854166666667 0.07013888888888889 0.058854166666666666
73 0.16875 0.35234375 0.06944444444444445 0.059895833333333336
265 0.2545138888888889 0.35520833333333335 0.06458333333333334 0.05416666666666667
217 0.3142361111111111 0.3494791666666667 0.07013888888888889 0.058333333333333334
52 0.821875 0.35625 0.08125 0.040625
52 0.8864583333333333 0.35625 0.07013888888888889 0.0375
233 0.8940972222222222 0.5380208333333333 0.06180555555555556 0.041666666666666664
233 0.8364583333333333 0.5369791666666667 0.06041666666666667 0.041666666666666664
233 0.834375 0.49973958333333335 0.06180555555555556 0.03697916666666667
233 0.7798611111111111 0.5348958333333333 0.05138888888888889 0.042708333333333334
250 0.728125 0.5359375 0.07569444444444444 0.042708333333333334
250 0.6791666666666667 0.5369791666666667 0.04583333333333333 0.041666666666666664
250 0.6305555555555555 0.5377604166666666 0.04583333333333333 0.0390625
250 0.6305555555555555 0.5018229166666667 0.04583333333333333 0.03697916666666667
303 0.2309027777777778 0.44114583333333335 0.05347222222222222 0.03958333333333333
345 0.1829861111111111 0.4432291666666667 0.06180555555555556 0.041666666666666664
236 0.15590277777777778 0.5348958333333333 0.06041666666666667 0.04479166666666667
236 0.2222222222222222 0.5328125 0.05138888888888889 0.04375
207 0.27881944444444445 0.5348958333333333 0.05763888888888889 0.040625
207 0.3385416666666667 0.5348958333333333 0.052083333333333336 0.042708333333333334
12 0.4017361111111111 0.5369791666666667 0.06180555555555556 0.042708333333333334
12 0.46145833333333336 0.53671875 0.05625 0.043229166666666666
109 0.5416666666666666 0.6072916666666667 0.06111111111111111 0.041666666666666664
109 0.6052083333333333 0.6091145833333333 0.06041666666666667 0.04010416666666667
188 0.44305555555555554 0.27630208333333334 0.04583333333333333 0.0546875
188 0.48680555555555555 0.28020833333333334 0.043055555555555555 0.04583333333333333
188 0.490625 0.22994791666666667 0.04652777777777778 0.07239583333333334
307 0.5336805555555556 0.2791666666666667 0.04513888888888889 0.04791666666666667
307 0.5430555555555555 0.22734375 0.04583333333333333 0.06822916666666666
307 0.5878472222222222 0.22135416666666666 0.049305555555555554 0.065625
307 0.584375 0.2765625 0.04791666666666667 0.052083333333333336
239 0.7256944444444444 0.2752604166666667 0.044444444444444446 0.0515625
239 0.7777777777777778 0.26796875 0.05138888888888889 0.06510416666666667
239 0.8284722222222223 0.2669270833333333 0.05694444444444444 0.0671875
345 0.8861111111111111 0.25755208333333335 0.10555555555555556 0.08489583333333334
204 0.12152777777777778 0.28046875 0.06805555555555555 0.0390625
73 0.13055555555555556 0.22994791666666667 0.06388888888888888 0.034895833333333334
284 0.19340277777777778 0.2833333333333333 0.06736111111111111 0.04479166666666667
280 0.2621527777777778 0.278125 0.04236111111111111 0.04791666666666667
280 0.3017361111111111 0.27630208333333334 0.04513888888888889 0.0515625
280 0.34618055555555555 0.2752604166666667 0.04791666666666667 0.05364583333333333
333 0.7677083333333333 0.43307291666666664 0.07152777777777777 0.0546875
296 0.6711805555555556 0.6018229166666667 0.06041666666666667 0.043229166666666666
296 0.6722222222222223 0.6372395833333333 0.06388888888888888 0.03177083333333333
296 0.7322916666666667 0.6346354166666667 0.06736111111111111 0.0359375
86 0.7260416666666667 0.6174479166666667 0.05486111111111111 0.009895833333333333
296 0.7243055555555555 0.5921875 0.05694444444444444 0.041666666666666664
271 0.6510416666666666 0.5783854166666667 0.021527777777777778 0.0140625
349 0.8072916666666666 0.6380208333333334 0.07569444444444444 0.04479166666666667
349 0.859375 0.62890625 0.06180555555555556 0.027604166666666666
349 0.8597222222222223 0.5880208333333333 0.06111111111111111 0.0375
349 0.8069444444444445 0.5888020833333333 0.04861111111111111 0.03697916666666667
271 0.7177083333333333 0.7302083333333333 0.06597222222222222 0.04479166666666667
271 0.7770833333333333 0.7302083333333333 0.06805555555555555 0.04479166666666667
8 0.8649305555555555 0.73671875 0.08541666666666667 0.030729166666666665
8 0.8645833333333334 0.6994791666666667 0.08611111111111111 0.04479166666666667
96 0.7822916666666667 0.7997395833333333 0.06736111111111111 0.04010416666666667
96 0.7791666666666667 0.8354166666666667 0.058333333333333334 0.03229166666666667
33 0.8625 0.8216145833333334 0.10416666666666667 0.07447916666666667
208 0.9357638888888888 0.78359375 0.06319444444444444 0.034895833333333334
208 0.953125 0.8380208333333333 0.08263888888888889 0.04895833333333333
243 0.6746527777777778 0.8184895833333333 0.12430555555555556 0.04739583333333333
243 0.6725694444444444 0.7807291666666667 0.11597222222222223 0.029166666666666667
246 0.5725694444444445 0.8151041666666666 0.07291666666666667 0.052083333333333336
246 0.5010416666666667 0.79453125 0.07013888888888889 0.0515625
338 0.38472222222222224 0.83046875 0.14444444444444443 0.04739583333333333
338 0.3885416666666667 0.7794270833333333 0.14097222222222222 0.027604166666666666
62 0.1607638888888889 0.8236979166666667 0.08958333333333333 0.07239583333333334
62 0.24409722222222222 0.8236979166666667 0.08680555555555555 0.07135416666666666
329 0.2625 0.7192708333333333 0.08472222222222223 0.06875
329 0.3371527777777778 0.7049479166666667 0.06458333333333334 0.05572916666666667
329 0.1996527777777778 0.7127604166666667 0.06597222222222222 0.0796875
86 0.4083333333333333 0.7046875 0.07916666666666666 0.04375
86 0.4864583333333333 0.7041666666666667 0.07847222222222222 0.04375
84 0.47638888888888886 0.7356770833333334 0.05694444444444444 0.027604166666666666
86 0.41875 0.7356770833333334 0.05277777777777778 0.0265625
132 0.5701388888888889 0.7010416666666667 0.0763888888888889 0.03958333333333333
132 0.5694444444444444 0.7388020833333333 0.07361111111111111 0.03802083333333333
132 0.640625 0.7270833333333333 0.07013888888888889 0.036458333333333336
132 0.6416666666666667 0.6921875 0.07083333333333333 0.03333333333333333
84 0.4305555555555556 0.6388020833333333 0.14722222222222223 0.0453125
84 0.4305555555555556 0.59453125 0.1486111111111111 0.0453125
38 0.1295138888888889 0.62109375 0.052083333333333336 0.0640625
38 0.20972222222222223 0.62265625 0.05277777777777778 0.0640625
