219 0.145625 0.040625 0.035 0.08125
219 0.17390625 0.03958333333333333 0.0303125 0.07916666666666666
151 0.20921875 0.04236111111111111 0.0296875 0.08472222222222223
151 0.2403125 0.043402777777777776 0.030625 0.08680555555555555
272 0.26875 0.044444444444444446 0.03125 0.08888888888888889
272 0.2990625 0.044444444444444446 0.03125 0.08888888888888889
304 0.32640625 0.04756944444444444 0.0290625 0.09513888888888888
304 0.355625 0.050347222222222224 0.030625 0.10069444444444445
64 0.40046875 0.06875 0.0334375 0.09583333333333334
64 0.43859375 0.06875 0.0459375 0.09166666666666666
64 0.47875 0.07083333333333333 0.038125 0.09583333333333334
171 0.51671875 0.059722222222222225 0.0396875 0.1125
1 0.55875 0.05277777777777778 0.031875 0.06388888888888888
179 0.57640625 0.09895833333333333 0.0253125 0.050694444444444445
1 0.551875 0.09895833333333333 0.0225 0.049305555555555554
320 0.64859375 0.09895833333333333 0.0309375 0.07152777777777777
320 0.64859375 0.03263888888888889 0.0359375 0.06527777777777778
225 0.43765625 0.18194444444444444 0.0271875 0.08333333333333333
225 0.409375 0.18090277777777777 0.026875 0.08263888888888889
225 0.39375 0.17916666666666667 0.025 0.07916666666666666
49 0.36828125 0.196875 0.0278125 0.10625
49 0.34203125 0.19375 0.0271875 0.10972222222222222
49 0.315625 0.19375 0.026875 0.1125
49 0.28734375 0.19305555555555556 0.0271875 0.10972222222222222
141 0.23171875 0.18194444444444444 0.0303125 0.11944444444444445
141 0.20515625 0.1840277777777778 0.0271875 0.11944444444444445
141 0.17890625 0.18194444444444444 0.0271875 0.11944444444444445
141 0.14578125 0.17916666666666667 0.0303125 0.11388888888888889
341 0.16421875 0.35 0.0278125 0.12083333333333333
341 0.1925 0.35381944444444446 0.035 0.12013888888888889
341 0.22765625 0.35381944444444446 0.0315625 0.12013888888888889
340 0.25890625 0.3527777777777778 0.0365625 0.125
340 0.29421875 0.35381944444444446 0.0365625 0.12430555555555556
144 0.33015625 0.3559027777777778 0.0271875 0.12013888888888889
144 0.35765625 0.35868055555555556 0.0303125 0.12013888888888889
200 0.39375 0.32256944444444446 0.02625 0.059027777777777776
200 0.43375 0.32083333333333336 0.033125 0.05555555555555555
200 0.47484375 0.32256944444444446 0.0334375 0.05486111111111111
344 0.50609375 0.32256944444444446 0.0271875 0.05486111111111111
344 0.5371875 0.32430555555555557 0.03 0.05555555555555555
314 0.57546875 0.32256944444444446 0.0309375 0.05763888888888889
206 0.5490625 0.4173611111111111 0.026875 0.07361111111111111
142 0.5246875 0.41875 0.026875 0.07361111111111111
142 0.50015625 0.4152777777777778 0.0271875 0.07361111111111111
324 0.47390625 0.4152777777777778 0.0284375 0.07361111111111111
324 0.44359375 0.4152777777777778 0.0278125 0.07777777777777778
222 0.418125 0.41458333333333336 0.02875 0.07916666666666666
306 0.57046875 0.5284722222222222 0.0346875 0.10972222222222222
192 0.605625 0.41458333333333336 0.03375 0.07916666666666666
206 0.5753125 0.4152777777777778 0.02875 0.07777777777777778
222 0.39375 0.40347222222222223 0.02625 0.07916666666666666
160 0.395625 0.6625 0.0225 0.10138888888888889
160 0.4209375 0.6625 0.026875 0.09583333333333334
160 0.449375 0.6625 0.03 0.09583333333333334
171 0.4746875 0.6625 0.026875 0.09305555555555556
63 0.50125 0.6576388888888889 0.026875 0.10138888888888889
63 0.5225 0.6534722222222222 0.026875 0.10138888888888889
63 0.5459375 0.6555555555555556 0.026875 0.09583333333333334
63 0.5684375 0.65 0.026875 0.10138888888888889
56 0.66625 0.63125 0.026875 0.07916666666666666
56 0.7490625 0.6291666666666667 0.026875 0.07777777777777778
298 0.7246875 0.725 0.031875 0.07916666666666666
298 0.7471875 0.725 0.028125 0.07777777777777778
56 0.6915625 0.8479166666666667 0.031875 0.07916666666666666
160 0.60625 0.8652777777777778 0.024375 0.05277777777777778
171 0.4034375 0.8888888888888888 0.029375 0.08194444444444444
171 0.4259375 0.8850694444444445 0.02875 0.09236111111111112
171 0.4465625 0.8868055555555555 0.0275 0.08333333333333333
171 0.46796875 0.8802083333333334 0.0259375 0.10069444444444445
100 0.3340625 0.8881944444444444 0.026875 0.08888888888888889
100 0.3028125 0.8881944444444444 0.026875 0.07916666666666666
100 0.256875 0.89375 0.026875 0.08194444444444444
100 0.2234375 0.8972222222222223 0.026875 0.07916666666666666
100 0.2021875 0.8951388888888889 0.026875 0.07916666666666666
100 0.18375 0.8951388888888889 0.026875 0.07916666666666666
100 0.194375 0.6888888888888889 0.03 0.08472222222222223
100 0.21890625 0.69375 0.0296875 0.09305555555555556
100 0.2471875 0.69375 0.026875 0.10138888888888889
100 0.3184375 0.6809027777777777 0.026875 0.09375
100 0.34390625 0.6770833333333334 0.0271875 0.08888888888888889
100 0.301875 0.6920138888888889 0.03 0.08958333333333333
100 0.173125 0.6944444444444444 0.026875 0.10138888888888889
100 0.173125 0.7951388888888888 0.026875 0.08472222222222223
100 0.1975 0.7951388888888888 0.026875 0.07916666666666666
100 0.21890625 0.7930555555555555 0.0271875 0.07916666666666666
100 0.2490625 0.7923611111111111 0.026875 0.07916666666666666
100 0.279375 0.7895833333333333 0.026875 0.07916666666666666
100 0.30375 0.7875 0.026875 0.07916666666666666
100 0.33125 0.7875 0.026875 0.07916666666666666
100 0.35359375 0.7854166666666667 0.0215625 0.07361111111111111
49 0.2603125 0.18958333333333333 0.023125 0.10555555555555556
40 0.36671875 0.5107638888888889 0.0228125 0.10902777777777778
40 0.33921875 0.5152777777777777 0.0221875 0.11527777777777778
40 0.3153125 0.5197916666666667 0.023125 0.11458333333333333
100 0.27921875 0.5135416666666667 0.0409375 0.1284722222222222
100 0.24484375 0.5090277777777777 0.0371875 0.12083333333333333
100 0.2078125 0.5111111111111111 0.036875 0.12361111111111112
100 0.17203125 0.5121527777777778 0.0390625 0.11180555555555556
100 0.27859375 0.6892361111111112 0.0240625 0.07708333333333334
282 0.62828125 0.8322916666666667 0.0315625 0.05486111111111111
282 0.65890625 0.853125 0.0246875 0.04791666666666667
259 0.66078125 0.7413194444444444 0.0196875 0.06736111111111111
259 0.6384375 0.7409722222222223 0.0225 0.06111111111111111
259 0.61578125 0.7305555555555555 0.0215625 0.05694444444444444
259 0.5959375 0.7322916666666667 0.018125 0.06180555555555556
355 0.7671875 0.5472222222222223 0.025625 0.04722222222222222
189 0.609375 0.5479166666666667 0.030625 0.04861111111111111
189 0.641875 0.55 0.03375 0.05
46 0.77125 0.3315972222222222 0.0325 0.04236111111111111
46 0.735625 0.32534722222222223 0.036875 0.04652777777777778
173 0.69921875 0.32430555555555557 0.0371875 0.05138888888888889
46 0.660625 0.3211805555555556 0.033125 0.04652777777777778
46 0.6234375 0.31805555555555554 0.035 0.05138888888888889
24 0.6203125 0.20694444444444443 0.02375 0.06944444444444445
215 0.645 0.2142361111111111 0.021875 0.06875
215 0.668125 0.2152777777777778 0.025 0.05555555555555555
198 0.5875 0.20625 0.031875 0.058333333333333334
198 0.55328125 0.19895833333333332 0.0321875 0.05347222222222222
177 0.68984375 0.21041666666666667 0.0184375 0.06805555555555555
177 0.70765625 0.21458333333333332 0.0190625 0.075
334 0.72765625 0.2125 0.0209375 0.06666666666666667
334 0.74734375 0.21319444444444444 0.0196875 0.06944444444444445
355 0.78703125 0.22083333333333333 0.0196875 0.06527777777777778
355 0.7675 0.22361111111111112 0.019375 0.06666666666666667
292 0.43421875 0.5565972222222222 0.0178125 0.05625
292 0.4515625 0.5565972222222222 0.016875 0.05625
111 0.3925 0.553125 0.019375 0.06736111111111111
111 0.41265625 0.553125 0.0196875 0.06736111111111111
325 0.50296875 0.5447916666666667 0.0159375 0.08125
325 0.48375 0.5447916666666667 0.015625 0.0798611111111111
325 0.47046875 0.5423611111111111 0.0121875 0.08055555555555556
178 0.535625 0.5340277777777778 0.019375 0.10138888888888889
355 0.706875 0.5513888888888889 0.030625 0.03194444444444444
355 0.70703125 0.5184027777777778 0.0303125 0.035416666666666666
355 0.73765625 0.5184027777777778 0.0284375 0.035416666666666666
355 0.73734375 0.5506944444444445 0.0290625 0.030555555555555555
184 0.66640625 0.4253472222222222 0.0190625 0.06597222222222222
184 0.68265625 0.42777777777777776 0.0190625 0.06111111111111111
173 0.7103125 0.43819444444444444 0.034375 0.041666666666666664
32 0.64109375 0.640625 0.0203125 0.07291666666666667
32 0.62140625 0.6434027777777778 0.0209375 0.07847222222222222
32 0.60140625 0.640625 0.0203125 0.07013888888888889
178 0.52046875 0.5357638888888889 0.0146875 0.09791666666666667
45 0.63625 0.4013888888888889 0.035 0.04861111111111111
45 0.63796875 0.44340277777777776 0.0328125 0.034027777777777775
122 0.74328125 0.4125 0.0284375 0.03611111111111111
122 0.741875 0.44548611111111114 0.028125 0.035416666666666666
103 0.4771875 0.18159722222222222 0.019375 0.07847222222222222
103 0.498125 0.18541666666666667 0.018125 0.08333333333333333
103 0.5184375 0.18472222222222223 0.02 0.08472222222222223
298 0.7053125 0.7319444444444444 0.018125 0.08194444444444444
298 0.68640625 0.7309027777777778 0.0234375 0.07430555555555556
56 0.7240625 0.6322916666666667 0.02125 0.07847222222222222
56 0.70296875 0.634375 0.0165625 0.0798611111111111
56 0.6846875 0.6336805555555556 0.019375 0.08125
