333 0.030177696078431373 0.3270016339869281 0.05974264705882353 0.06740196078431372
70 0.04181985294117647 0.43647875816993464 0.045649509803921566 0.06658496732026144
228 0.08670343137254902 0.4323937908496732 0.04595588235294118 0.07393790849673203
228 0.13357843137254902 0.4323937908496732 0.04595588235294118 0.07312091503267974
228 0.17861519607843138 0.4305555555555556 0.04595588235294118 0.07598039215686274
38 0.22349877450980393 0.42749183006535946 0.040747549019607844 0.0763888888888889
38 0.26838235294117646 0.42749183006535946 0.04963235294117647 0.07312091503267974
38 0.31234681372549017 0.42749183006535946 0.036458333333333336 0.07066993464052287
38 0.34558823529411764 0.42749183006535946 0.03431372549019608 0.0763888888888889
21 0.37484681372549017 0.4256535947712418 0.03400735294117647 0.07598039215686274
21 0.42953431372549017 0.42544934640522875 0.032475490196078434 0.07312091503267974
21 0.46170343137254904 0.42463235294117646 0.03125 0.07312091503267974
21 0.48912377450980393 0.42463235294117646 0.03155637254901961 0.07066993464052287
39 0.5193014705882353 0.42463235294117646 0.03676470588235294 0.0690359477124183
39 0.5643382352941176 0.4215686274509804 0.03125 0.06862745098039216
3 0.774203431372549 0.42463235294117646 0.04595588235294118 0.06004901960784314
3 0.8241421568627451 0.42463235294117646 0.05269607843137255 0.06004901960784314
3 0.867953431372549 0.4236111111111111 0.04963235294117647 0.06045751633986928
233 0.9031862745098039 0.43137254901960786 0.03431372549019608 0.041666666666666664
233 0.9344362745098039 0.43137254901960786 0.0392156862745098 0.04084967320261438
233 0.9685968137254902 0.4323937908496732 0.03400735294117647 0.04125816993464052
233 0.9857536764705882 0.43137254901960786 0.02849264705882353 0.04003267973856209
250 0.9871323529411765 0.4987745098039216 0.023284313725490197 0.04003267973856209
250 0.9330575980392157 0.49673202614379086 0.03400735294117647 0.04411764705882353
250 0.9031862745098039 0.49673202614379086 0.027573529411764705 0.042483660130718956
52 0.867953431372549 0.49693627450980393 0.03982843137254902 0.04534313725490196
52 0.828890931372549 0.49693627450980393 0.04013480392156863 0.04534313725490196
52 0.7927389705882353 0.49693627450980393 0.04013480392156863 0.04534313725490196
52 0.7556678921568627 0.49673202614379086 0.04013480392156863 0.04411764705882353
52 0.719515931372549 0.49673202614379086 0.045649509803921566 0.04411764705882353
52 0.6746323529411765 0.49979575163398693 0.04595588235294118 0.0428921568627451
92 0.2340686274509804 0.5939542483660131 0.031862745098039214 0.03594771241830065
92 0.2622549019607843 0.5939542483660131 0.03553921568627451 0.03594771241830065
92 0.2924325980392157 0.5939542483660131 0.030330882352941176 0.03594771241830065
92 0.31832107843137253 0.5939542483660131 0.028186274509803922 0.03594771241830065
92 0.34528186274509803 0.5939542483660131 0.030637254901960783 0.03594771241830065
92 0.3727022058823529 0.5939542483660131 0.030330882352941176 0.03594771241830065
92 0.39889705882352944 0.5939542483660131 0.030637254901960783 0.03594771241830065
345 0.42769607843137253 0.5925245098039216 0.030637254901960783 0.03308823529411765
345 0.4557291666666667 0.5919117647058824 0.030330882352941176 0.031862745098039214
212 0.4886642156862745 0.5939542483660131 0.02696078431372549 0.03594771241830065
212 0.5165441176470589 0.5939542483660131 0.028186274509803922 0.03594771241830065
212 0.5435049019607843 0.5939542483660131 0.027573529411764705 0.03594771241830065
212 0.5680147058823529 0.5939542483660131 0.027573529411764705 0.03594771241830065
152 0.6050857843137255 0.5859885620915033 0.0392156862745098 0.0428921568627451
152 0.6371017156862745 0.5835375816993464 0.02849264705882353 0.03799019607843137
152 0.6692708333333334 0.5827205882352942 0.035845588235294115 0.0363562091503268
152 0.7075674019607843 0.5816993464052288 0.04136029411764706 0.03431372549019608
82 0.7738970588235294 0.5782271241830066 0.03125 0.04044117647058824
82 0.7990196078431373 0.5772058823529411 0.02389705882352941 0.04084967320261438
82 0.8253676470588235 0.5774101307189542 0.03370098039215686 0.04044117647058824
276 0.9857536764705882 0.5702614379084967 0.02849264705882353 0.0392156862745098
158 0.9661458333333334 0.5712826797385621 0.022365196078431373 0.03799019607843137
158 0.9428615196078431 0.5718954248366013 0.03400735294117647 0.03839869281045752
158 0.9166666666666666 0.5729166666666666 0.02696078431372549 0.03880718954248366
158 0.8893995098039216 0.5733251633986928 0.034926470588235295 0.039624183006535946
349 0.2610294117647059 0.7058823529411765 0.04656862745098039 0.049019607843137254
296 0.3011642156862745 0.704248366013072 0.041666666666666664 0.0457516339869281
296 0.4644607843137255 0.6926062091503268 0.03860294117647059 0.044526143790849675
296 0.42432598039215685 0.6944444444444444 0.0392156862745098 0.04820261437908497
296 0.38480392156862747 0.6956699346405228 0.0392156862745098 0.05065359477124183
296 0.34880514705882354 0.6930147058823529 0.036458333333333336 0.04534313725490196
132 0.6184129901960784 0.6746323529411765 0.04136029411764706 0.04125816993464052
227 0.5986519607843137 0.6774918300653595 0.003676470588235294 0.04779411764705882
271 0.6660539215686274 0.6762663398692811 0.03553921568627451 0.04534313725490196
271 0.7014399509803921 0.6758578431372549 0.0389093137254902 0.039624183006535946
271 0.7395833333333334 0.6738153594771242 0.03799019607843137 0.04044117647058824
236 0.7814031862745098 0.6401143790849673 0.040747549019607844 0.02696078431372549
236 0.7803308823529411 0.672998366013072 0.03860294117647059 0.0428921568627451
236 0.8103553921568627 0.6642156862745098 0.02267156862745098 0.0457516339869281
233 0.8471200980392157 0.6670751633986928 0.03860294117647059 0.04084967320261438
233 0.8825061274509803 0.6658496732026143 0.04013480392156863 0.03839869281045752
300 0.9045649509803921 0.6646241830065359 0.012561274509803922 0.03594771241830065
207 0.9206495098039216 0.6644199346405228 0.023284313725490197 0.03553921568627451
207 0.9644607843137255 0.664828431372549 0.03002450980392157 0.0363562091503268
208 0.8102022058823529 0.7207924836601307 0.02665441176470588 0.04044117647058824
96 0.8771446078431373 0.7248774509803921 0.026348039215686275 0.04616013071895425
96 0.8435968137254902 0.7232434640522876 0.045649509803921566 0.04534313725490196
96 0.8818933823529411 0.7636846405228758 0.03768382352941176 0.034722222222222224
96 0.8474264705882353 0.7651143790849673 0.03799019607843137 0.03758169934640523
208 0.8098958333333334 0.766952614379085 0.03952205882352941 0.04125816993464052
8 0.9212622549019608 0.7553104575163399 0.04840686274509804 0.0457516339869281
8 0.960171568627451 0.7536764705882353 0.05821078431372549 0.042483660130718956
33 0.8549325980392157 0.8609068627450981 0.05238970588235294 0.07802287581699346
33 0.8995098039215687 0.858047385620915 0.052083333333333336 0.07230392156862746
33 0.9489889705882353 0.8555964052287581 0.05545343137254902 0.068218954248366
33 0.9826899509803921 0.8533496732026143 0.02849264705882353 0.06372549019607843
235 0.7659313725490197 0.8715277777777778 0.05024509803921569 0.07312091503267974
235 0.8092830882352942 0.8688725490196079 0.05116421568627451 0.06862745098039216
243 0.7008272058823529 0.8541666666666666 0.0701593137254902 0.04411764705882353
243 0.7032781862745098 0.8925653594771242 0.07506127450980392 0.04656862745098039
243 0.6256127450980392 0.8741830065359477 0.0778186274509804 0.04656862745098039
243 0.6243872549019608 0.9042075163398693 0.07598039215686274 0.0428921568627451
86 0.5363051470588235 0.9089052287581699 0.09712009803921569 0.058823529411764705
86 0.5395220588235294 0.8656045751633987 0.09436274509803921 0.04493464052287582
84 0.4375 0.9262663398692811 0.1017156862745098 0.05841503267973856
338 0.22748161764705882 0.9534313725490197 0.11121323529411764 0.05228758169934641
338 0.3321078431372549 0.9468954248366013 0.10416666666666667 0.0392156862745098
329 0.1412377450980392 0.9401552287581699 0.06311274509803921 0.08374183006535947
329 0.08517156862745098 0.9405637254901961 0.06556372549019608 0.08537581699346405
329 0.03569240196078431 0.9405637254901961 0.06341911764705882 0.08537581699346405
355 0.18458946078431374 0.8229166666666666 0.0389093137254902 0.05269607843137255
246 0.3347120098039216 0.8104575163398693 0.053002450980392156 0.04493464052287582
246 0.2835477941176471 0.8112745098039216 0.05422794117647059 0.04656862745098039
246 0.23268995098039216 0.8114787581699346 0.05238970588235294 0.046977124183006536
246 0.38526348039215685 0.8065767973856209 0.045649509803921566 0.028186274509803922
246 0.4342830882352941 0.8061683006535948 0.047487745098039214 0.02900326797385621
246 0.48299632352941174 0.8020833333333334 0.046875 0.03145424836601307
230 0.38480392156862747 0.7912581699346405 0.04963235294117647 0.00980392156862745
86 0.5767463235294118 0.7465277777777778 0.04442401960784314 0.04861111111111111
86 0.6207107843137255 0.7430555555555556 0.04534313725490196 0.04820261437908497
86 0.6617647058823529 0.7377450980392157 0.04840686274509804 0.04820261437908497
86 0.6663602941176471 0.7775735294117647 0.044730392156862746 0.0428921568627451
86 0.6230085784313726 0.7828839869281046 0.046262254901960786 0.04044117647058824
86 0.577359068627451 0.7865604575163399 0.045649509803921566 0.03799019607843137
86 0.5324754901960784 0.7922794117647058 0.0428921568627451 0.042075163398692814
109 0.7061887254901961 0.7736928104575164 0.03553921568627451 0.042483660130718956
109 0.7388174019607843 0.7722630718954249 0.03952205882352941 0.039624183006535946
109 0.7751225490196079 0.7708333333333334 0.03676470588235294 0.03676470588235294
132 0.5294117647058824 0.6889297385620915 0.044730392156862746 0.0428921568627451
132 0.5756740196078431 0.6872957516339869 0.04840686274509804 0.039624183006535946
5 0.31004901960784315 0.3102532679738562 0.09129901960784313 0.04125816993464052
5 0.30545343137254904 0.3451797385620915 0.09252450980392157 0.03431372549019608
11 0.38005514705882354 0.3292483660130719 0.05606617647058824 0.06699346405228758
327 0.43918504901960786 0.3425245098039216 0.05545343137254902 0.04125816993464052
239 0.4817708333333333 0.3270016339869281 0.02665441176470588 0.07148692810457516
239 0.5079656862745098 0.3278186274509804 0.025735294117647058 0.07066993464052287
239 0.5330882352941176 0.32883986928104575 0.025122549019607844 0.06862745098039216
239 0.5542279411764706 0.3319035947712418 0.01838235294117647 0.06331699346405228
188 0.6620710784313726 0.33639705882352944 0.026348039215686275 0.053513071895424834
188 0.6372549019607843 0.335375816993464 0.028186274509803922 0.05392156862745098
188 0.6099877450980392 0.3355800653594771 0.025735294117647058 0.053513071895424834
188 0.5859375 0.33762254901960786 0.0272671568627451 0.061683006535947715
307 0.6905637254901961 0.33700980392156865 0.027573529411764705 0.05228758169934641
307 0.7152267156862745 0.3372140522875817 0.0272671568627451 0.05269607843137255
307 0.7392769607843137 0.33700980392156865 0.02696078431372549 0.05310457516339869
307 0.7631740196078431 0.3374183006535948 0.027573529411764705 0.05228758169934641
280 0.7916666666666666 0.33619281045751637 0.020833333333333332 0.05473856209150327
280 0.8095894607843137 0.33578431372549017 0.026041666666666668 0.05555555555555555
280 0.8333333333333334 0.33619281045751637 0.026348039215686275 0.05392156862745098
280 0.8573835784313726 0.33578431372549017 0.022365196078431373 0.05392156862745098
280 0.8795955882352942 0.33578431372549017 0.025122549019607844 0.05310457516339869
343 0.9587928921568627 0.3425245098039216 0.027879901960784315 0.037173202614379085
343 0.9338235294117647 0.34272875816993464 0.029411764705882353 0.03758169934640523
66 0.4453125 0.5149101307189542 0.05177696078431373 0.03880718954248366
66 0.4966299019607843 0.514297385620915 0.051470588235294115 0.03758169934640523
66 0.5465686274509803 0.5136846405228758 0.05024509803921569 0.03553921568627451
244 0.6329656862745098 0.5044934640522876 0.03982843137254902 0.04738562091503268
244 0.5932904411764706 0.5049019607843137 0.040747549019607844 0.049836601307189546
39 0.5905330882352942 0.42626633986928103 0.02665441176470588 0.06658496732026144
39 0.6153492647058824 0.4258578431372549 0.027879901960784315 0.06495098039215687
143 0.6626838235294118 0.40788398692810457 0.0661764705882353 0.039624183006535946
143 0.664828431372549 0.44219771241830064 0.06004901960784314 0.03145424836601307
143 0.7241115196078431 0.40727124183006536 0.06096813725490196 0.03758169934640523
143 0.7245710784313726 0.4411764705882353 0.05943627450980392 0.031862745098039214
349 0.1251531862745098 0.715890522875817 0.046262254901960786 0.04616013071895425
349 0.17080269607843138 0.7144607843137255 0.043198529411764705 0.04330065359477124
349 0.21308210784313725 0.7132352941176471 0.04442401960784314 0.04084967320261438
349 0.07766544117647059 0.7207924836601307 0.046875 0.0428921568627451
294 0.10845588235294118 0.34395424836601307 0.1017156862745098 0.035130718954248366
5 0.22058823529411764 0.3449754901960784 0.07904411764705882 0.03390522875816993
242 0.8806678921568627 0.704452614379085 0.019301470588235295 0.01838235294117647
150 0.1484375 0.823937908496732 0.03952205882352941 0.05473856209150327
150 0.11243872549019608 0.8231209150326797 0.042279411764705885 0.05310457516339869
204 0.06924019607843138 0.8206699346405228 0.03982843137254902 0.05228758169934641
73 0.03952205882352941 0.744281045751634 0.0392156862745098 0.05473856209150327
