193 0.4154676258992806 0.10857563489142437 0.145083932853717 0.05962458594037542
193 0.5479616306954437 0.10728744939271255 0.1310951239008793 0.06146485093853515
193 0.5479616306954437 0.15789473684210525 0.1310951239008793 0.05815237394184763
193 0.41926458832933655 0.15936694884063304 0.1278976818545164 0.05815237394184763
102 0.8633093525179856 0.5568641884431358 0.2565947242206235 0.0736105999263894
102 0.8515187849720224 0.49981597350018403 0.2577937649880096 0.08097165991902834
102 0.841726618705036 0.46337872653662127 0.2246203037569944 0.03754140596245859
139 0.5493605115907274 0.5014722119985278 0.12190247801758593 0.06440927493559072
139 0.5599520383693045 0.46963562753036436 0.1135091926458833 0.04416635995583364
139 0.6704636290967226 0.46834744203165257 0.11630695443645084 0.04011777695988222
139 0.6660671462829736 0.5057048214942952 0.13149480415667467 0.06772175193227825
139 0.6616706634692247 0.5561280824438719 0.1298960831334932 0.055944055944055944
139 0.5451638689048761 0.5520794994479205 0.1135091926458833 0.054471843945528155
301 0.6684652278177458 0.26334192123665806 0.20743405275779375 0.05778432094221568
301 0.6650679456434853 0.31155686418844314 0.20463629096722621 0.05410379094589621
301 0.667066346922462 0.3582995951417004 0.20463629096722621 0.05410379094589621
301 0.8699040767386091 0.35811556864188443 0.2114308553157474 0.05373573794626426
301 0.8729016786570744 0.30861244019138756 0.21023181454836132 0.05778432094221568
301 0.837330135891287 0.26094957673905045 0.16466826538768986 0.050055207949944794
283 0.4194644284572342 0.2629738682370261 0.24660271782573942 0.058520426941479575
283 0.18864908073541167 0.2670224512329776 0.24300559552358114 0.05778432094221568
283 0.41247002398081534 0.31284504968715493 0.23980815347721823 0.054471843945528155
283 0.17545963229416467 0.3130290761869709 0.24620303756994405 0.05410379094589621
283 0.18145483613109512 0.3577475156422525 0.23820943245403678 0.055944055944055944
283 0.42366107114308554 0.35406698564593303 0.23820943245403678 0.06404122193595878
72 0.2246203037569944 0.07434670592565329 0.2390087929656275 0.055944055944055944
72 0.21422861710631494 0.1201693043798307 0.22062350119904076 0.057048214942951786
72 0.2214228617106315 0.1632315053367685 0.23581135091926458 0.049687154950312847
232 0.9330535571542766 0.04784688995215311 0.13389288569144683 0.06330511593669488
232 0.9348521183053558 0.10084652189915348 0.13029576338928858 0.060360691939639305
213 0.929656274980016 0.14906146485093855 0.1334932054356515 0.04784688995215311
232 0.8003597122302158 0.1514538093485462 0.13069544364508393 0.049687154950312847
232 0.8037569944044765 0.104158998895841 0.13589128697042366 0.05888847994111152
232 0.8011590727418065 0.049687154950312847 0.13629096722621903 0.06330511593669488
237 0.6728617106314948 0.15403018034596982 0.12749800159872102 0.049687154950312847
232 0.6728617106314948 0.10618329039381671 0.1266986410871303 0.057048214942951786
232 0.6666666666666666 0.06054471843945528 0.12390087929656275 0.06808980493191019
237 0.175259792166267 0.48895841001104157 0.20343725019984013 0.0666175929333824
237 0.18525179856115107 0.5360691939639308 0.2090327737809752 0.06220095693779904
269 0.37589928057553956 0.4977916820022083 0.19704236610711431 0.059992638940007365
269 0.37589928057553956 0.5467427309532573 0.1906474820143885 0.057048214942951786
269 0.4166666666666667 0.4648509385351491 0.16346922462030375 0.041221935958778065
80 0.17146282973621102 0.7714390872285609 0.2222222222222222 0.05668016194331984
80 0.1342925659472422 0.8135811556864189 0.2589928057553957 0.07471475892528524
80 0.1223021582733813 0.874861980125138 0.2446043165467626 0.0721383879278616
80 0.12529976019184652 0.9133235185866765 0.25059952038369304 0.04747883695252116
80 0.35511590727418063 0.9263894000736106 0.24100719424460432 0.048582995951417005
80 0.364308553157474 0.8835112256164888 0.24420463629096723 0.07913139492086861
80 0.36950439648281375 0.8174457121825542 0.24100719424460432 0.08170776591829224
80 0.3922861710631495 0.77788001472212 0.21782573940847322 0.058520426941479575
72 0.42466027178257393 0.7416267942583732 0.1618705035971223 0.04343025395656975
275 0.6191047162270183 0.930622009569378 0.2414068745003997 0.0673536989326463
275 0.6392885691446842 0.8925285241074715 0.2513988808952838 0.08244387191755613
275 0.6392885691446842 0.8248067721751933 0.2513988808952838 0.07508281192491718
275 0.6304956035171863 0.7808244387191755 0.22981614708233414 0.04821494295178506
275 0.8577138289368506 0.7856091277143908 0.23341326938449242 0.05263157894736842
275 0.8790967226219025 0.8349282296650717 0.24180655475619503 0.07324254692675745
275 0.8828936850519584 0.9052263525947737 0.23421262989608313 0.08870077291129923
275 0.8882893685051958 0.9585940375414059 0.22342126298960832 0.044534412955465584
