232 0.15666351606805293 0.3442437923250564 0.15359168241965973 0.14823175319789314
232 0.16398865784499056 0.26297968397291194 0.13799621928166353 0.09556057185854025
139 0.30033081285444235 0.3656884875846501 0.15359168241965973 0.11136192626034612
139 0.29347826086956524 0.2513167795334838 0.15595463137996218 0.1489841986455982
139 0.2970226843100189 0.17118133935289692 0.14886578449905483 0.09104589917231001
232 0.20061436672967864 0.08653122648607976 0.13468809073724008 0.0872836719337848
232 0.18265595463137996 0.1561324303987961 0.09688090737240075 0.10308502633559068
80 0.18667296786389415 0.5376222723852521 0.2741020793950851 0.1361926260346125
80 0.18620037807183365 0.6361926260346125 0.27599243856332706 0.11060948081264109
80 0.1906899810964083 0.7215951843491347 0.2670132325141777 0.1038374717832957
80 0.1906899810964083 0.8028592927012792 0.2632325141776938 0.10985703536493605
80 0.19588846880907373 0.8732129420617005 0.2566162570888469 0.12114371708051166
275 0.46408317580340264 0.5522949586155004 0.24669187145557656 0.1294206170052671
275 0.45652173913043476 0.6813393528969149 0.2533081285444234 0.17983446200150488
275 0.45226843100189035 0.835966892400301 0.2599243856332703 0.11587659894657637
275 0.4520321361058601 0.9157261098570354 0.2764650283553875 0.12039127163280662
102 0.7353497164461248 0.9390519187358917 0.276937618147448 0.11286681715575621
102 0.7414933837429112 0.8724604966139955 0.2882797731568998 0.13318284424379231
102 0.7424385633270322 0.7814145974416855 0.29017013232514177 0.14070729872084273
102 0.746219281663516 0.663280662151994 0.28071833648393196 0.145221971407073
102 0.736531190926276 0.5718585402558315 0.2764650283553875 0.12189616252821671
283 0.9132797731568998 0.6049661399548533 0.13563327032136105 0.19714070729872085
269 0.5025992438563327 0.35553047404063204 0.2339319470699433 0.127163280662152
269 0.5141776937618148 0.24793077501881114 0.24669187145557656 0.15726109857035364
269 0.4995274102079395 0.15876598946576373 0.22589792060491493 0.1053423626787058
269 0.5096880907372401 0.0854025583145222 0.22637051039697542 0.08653122648607976
318 0.7445652173913043 0.3058690744920993 0.1724952741020794 0.16478555304740405
79 0.9156427221172023 0.3431151241534989 0.16020793950850662 0.21519939804364183
185 0.9156427221172023 0.17419112114371707 0.07136105860113422 0.15726109857035364
