108 0.2454407294832827 0.10898082744702321 0.0547112462006079 0.09889001009081735
108 0.2898936170212766 0.10898082744702321 0.06306990881458967 0.09889001009081735
187 0.35828267477203646 0.10040363269424823 0.07218844984802432 0.11806256306760847
187 0.4278115501519757 0.10090817356205853 0.07750759878419453 0.11503531786074672
197 0.513677811550152 0.09838546922300706 0.08662613981762918 0.11402623612512613
197 0.6462765957446809 0.09939455095862765 0.0737082066869301 0.1099899091826438
355 0.73290273556231 0.0963673057517659 0.067629179331307 0.11806256306760847
355 0.8199088145896657 0.09384460141271443 0.08662613981762918 0.12108980827447023
23 0.9038753799392097 0.08375378405650857 0.0858662613981763 0.13319878910191726
23 0.973404255319149 0.08375378405650857 0.05319148936170213 0.13319878910191726
191 0.9080547112462006 0.29061553985872857 0.08662613981762918 0.12108980827447023
191 0.9646656534954408 0.29061553985872857 0.07066869300911854 0.11907164480322906
121 0.8225683890577508 0.2674066599394551 0.07218844984802432 0.15943491422805248
121 0.7503799392097265 0.2714429868819374 0.0737082066869301 0.14732593340060546
194 0.6759118541033434 0.29364278506559033 0.06155015197568389 0.10898082744702321
194 0.6147416413373861 0.2921291624621594 0.060790273556231005 0.10595358224016145
75 0.5474924012158054 0.2921291624621594 0.05851063829787234 0.10595358224016145
75 0.4836626139817629 0.2921291624621594 0.05851063829787234 0.10191725529767912
328 0.42933130699088146 0.2921291624621594 0.0547112462006079 0.10191725529767912
14 0.3780395136778115 0.29112008072653883 0.05851063829787234 0.10191725529767912
148 0.3252279635258359 0.2921291624621594 0.0547112462006079 0.10191725529767912
148 0.27697568389057753 0.2921291624621594 0.053951367781155016 0.09788092835519677
355 0.22112462006079028 0.2921291624621594 0.0547112462006079 0.0958627648839556
355 0.1743920972644377 0.2921291624621594 0.04939209726443769 0.0958627648839556
223 0.12006079027355623 0.29364278506559033 0.0547112462006079 0.09485368314833502
223 0.06193009118541033 0.2946518668012109 0.06610942249240122 0.09889001009081735
330 0.06610942249240122 0.47679112008072655 0.0729483282674772 0.09788092835519677
355 0.185790273556231 0.47679112008072655 0.07674772036474165 0.09182643794147326
50 0.2454407294832827 0.4692230070635722 0.06382978723404255 0.1029263370332997
50 0.29407294832826747 0.4667003027245207 0.06838905775075987 0.10595358224016145
342 0.3636018237082067 0.4651866801210898 0.07218844984802432 0.12108980827447023
342 0.4380699088145897 0.4651866801210898 0.07218844984802432 0.1231079717457114
342 0.5091185410334347 0.4667003027245207 0.07446808510638298 0.12209889001009082
162 0.5889057750759878 0.4722502522704339 0.0790273556231003 0.11301715438950555
162 0.6588145896656535 0.4722502522704339 0.0729483282674772 0.11301715438950555
30 0.7313829787234043 0.4651866801210898 0.07218844984802432 0.13521695257315844
30 0.8054711246200608 0.4636730575176589 0.07750759878419453 0.136226034308779
29 0.8882978723404256 0.470736629667003 0.0790273556231003 0.12815338042381433
29 0.9608662613981763 0.47124117053481335 0.07826747720364742 0.1231079717457114
130 0.959726443768997 0.6624621594349143 0.08054711246200608 0.136226034308779
130 0.8841185410334347 0.6599394550958627 0.07826747720364742 0.13521695257315844
289 0.7955927051671733 0.6639757820383451 0.08358662613981763 0.1231079717457114
289 0.7226443768996961 0.6639757820383451 0.06838905775075987 0.11907164480322906
181 0.6542553191489362 0.648335015136226 0.06838905775075987 0.13420787083753785
181 0.5805471124620061 0.6468213925327951 0.07598784194528875 0.13521695257315844
97 0.506079027355623 0.6453077699293642 0.06838905775075987 0.12815338042381433
97 0.4338905775075988 0.6397578203834511 0.06838905775075987 0.12714429868819374
164 0.368161094224924 0.6427850655903128 0.06458966565349544 0.1231079717457114
164 0.3069908814589666 0.6397578203834511 0.06382978723404255 0.1231079717457114
145 0.24012158054711247 0.6326942482341069 0.06534954407294832 0.12714429868819374
35 0.18161094224924013 0.6266397578203835 0.05167173252279635 0.11907164480322906
35 0.12993920972644377 0.6271442986881938 0.06382978723404255 0.12613521695257315
47 0.06610942249240122 0.6427850655903128 0.06382978723404255 0.10494450050454086
205 0.2454407294832827 0.8329969727547931 0.06838905775075987 0.18062563067608475
205 0.31534954407294835 0.8355196770938446 0.06838905775075987 0.18970736629667004
205 0.3882978723404255 0.8385469223007064 0.06838905775075987 0.18970736629667004
218 0.46086626139817627 0.8355196770938446 0.07218844984802432 0.17558022199798184
218 0.5334346504559271 0.8355196770938446 0.07750759878419453 0.18163471241170534
218 0.601823708206687 0.829465186680121 0.08358662613981763 0.15943491422805248
53 0.7085866261398176 0.8753784056508577 0.0797872340425532 0.1301715438950555
53 0.7811550151975684 0.8410696266397578 0.0668693009118541 0.14026236125126135
34 0.8427051671732523 0.8213925327951564 0.06534954407294832 0.14127144298688193
34 0.9110942249240122 0.8299697275479314 0.07750759878419453 0.136226034308779
197 0.581306990881459 0.10343087790111 0.0790273556231003 0.13420787083753785
108 0.20706686930091187 0.10696266397578204 0.044832826747720364 0.11099899091826437
129 0.1622340425531915 0.11200807265388496 0.04939209726443769 0.08879919273461151
129 0.07598784194528875 0.11402623612512613 0.05319148936170213 0.09687184661957618
129 0.02925531914893617 0.11200807265388496 0.04635258358662614 0.10090817356205853
