96 0.028125 0.8972318339100346 0.05625 0.0671280276816609
96 0.054947916666666666 0.9660899653979239 0.0578125 0.05951557093425606
86 0.41041666666666665 0.829757785467128 0.071875 0.07750865051903114
86 0.41770833333333335 0.9 0.06145833333333333 0.0782006920415225
86 0.6432291666666666 0.9342560553633218 0.0625 0.08858131487889273
296 0.5263020833333333 0.6743944636678201 0.06927083333333334 0.08650519031141868
296 0.6002604166666666 0.6743944636678201 0.0734375 0.08927335640138408
296 0.6825520833333333 0.6764705882352942 0.0765625 0.0809688581314879
296 0.746875 0.6795847750865052 0.059375 0.08027681660899653
296 0.6822916666666666 0.7581314878892733 0.06979166666666667 0.0726643598615917
296 0.7419270833333333 0.7643598615916956 0.09114583333333333 0.0782006920415225
109 0.8776041666666666 0.7809688581314879 0.09479166666666666 0.10034602076124567
109 0.9567708333333333 0.7076124567474048 0.08333333333333333 0.11557093425605536
109 0.8736979166666666 0.6899653979238755 0.08072916666666667 0.08858131487889273
84 0.9552083333333333 0.9086505190311419 0.08958333333333333 0.11072664359861592
236 0.8765625 0.5806228373702422 0.09270833333333334 0.09688581314878893
236 0.77890625 0.5737024221453287 0.0890625 0.09550173010380623
12 0.69296875 0.5709342560553633 0.07447916666666667 0.08858131487889273
92 0.5260416666666666 0.5404844290657439 0.078125 0.09550173010380623
0 0.434375 0.5349480968858131 0.057291666666666664 0.12179930795847752
0 0.47630208333333335 0.5339100346020761 0.0453125 0.0643598615916955
3 0.3893229166666667 0.532871972318339 0.05260416666666667 0.1273356401384083
38 0.32395833333333335 0.529757785467128 0.057291666666666664 0.12387543252595155
38 0.27708333333333335 0.5346020761245674 0.053125 0.11418685121107267
3 0.14348958333333334 0.5269896193771626 0.08385416666666666 0.10865051903114187
3 0.07005208333333333 0.5259515570934256 0.07135416666666666 0.10242214532871972
130 0.01953125 0.5702422145328719 0.0390625 0.18269896193771626
34 0.027083333333333334 0.7993079584775087 0.05416666666666667 0.1467128027681661
235 0.19895833333333332 0.8474048442906574 0.07291666666666667 0.11418685121107267
235 0.28098958333333335 0.855363321799308 0.09114583333333333 0.15501730103806227
235 0.3359375 0.8577854671280277 0.07708333333333334 0.13633217993079585
152 0.6463541666666667 0.27231833910034603 0.078125 0.09619377162629758
152 0.7276041666666667 0.27024221453287195 0.07083333333333333 0.09757785467128027
349 0.80859375 0.26505190311418686 0.08697916666666666 0.09134948096885813
349 0.9010416666666666 0.25916955017301035 0.10104166666666667 0.09896193771626298
349 0.9020833333333333 0.34325259515570933 0.090625 0.07474048442906574
349 0.8111979166666666 0.34463667820069205 0.0859375 0.07197231833910035
152 0.7205729166666667 0.3560553633217993 0.0828125 0.0837370242214533
152 0.6424479166666667 0.3588235294117647 0.07447916666666667 0.0809688581314879
296 0.528125 0.7422145328719724 0.06041666666666667 0.0698961937716263
296 0.59921875 0.7477508650519031 0.0671875 0.0726643598615917
208 0.08125 0.8512110726643599 0.05520833333333333 0.05813148788927336
208 0.13567708333333334 0.8588235294117647 0.05364583333333333 0.06228373702422145
208 0.13828125 0.7972318339100346 0.049479166666666664 0.07474048442906574
208 0.08489583333333334 0.7923875432525952 0.057291666666666664 0.07335640138408304
86 0.4875 0.857439446366782 0.07604166666666666 0.07197231833910035
86 0.47734375 0.9193771626297578 0.050520833333333334 0.0629757785467128
86 0.5703125 0.8674740484429065 0.08020833333333334 0.0837370242214533
86 0.5809895833333333 0.9380622837370243 0.058854166666666666 0.07404844290657439
84 0.8020833333333334 0.8934256055363322 0.178125 0.11487889273356401
84 0.8002604166666667 0.9640138408304498 0.1421875 0.07197231833910035
239 0.7690104166666667 0.06539792387543253 0.0265625 0.10311418685121107
239 0.8104166666666667 0.05916955017301038 0.057291666666666664 0.11280276816608996
239 0.8565104166666667 0.06055363321799308 0.04114583333333333 0.09757785467128027
239 0.9013020833333333 0.05536332179930796 0.04739583333333333 0.09965397923875433
11 0.42994791666666665 0.08027681660899653 0.0828125 0.15916955017301038
70 0.4953125 0.10519031141868512 0.07708333333333334 0.11072664359861592
228 0.5838541666666667 0.09896193771626298 0.07916666666666666 0.12318339100346021
228 0.67265625 0.09619377162629758 0.07760416666666667 0.128719723183391
143 0.41510416666666666 0.3591695501730104 0.090625 0.08027681660899653
143 0.4270833333333333 0.30346020761245673 0.10416666666666667 0.058823529411764705
92 0.23489583333333333 0.36055363321799305 0.04791666666666667 0.05259515570934256
92 0.184375 0.36089965397923873 0.057291666666666664 0.05190311418685121
212 0.044270833333333336 0.30311418685121105 0.030208333333333334 0.02768166089965398
212 0.06171875 0.36228373702422145 0.044270833333333336 0.05190311418685121
212 0.027083333333333334 0.3643598615916955 0.03854166666666667 0.04775086505190312
212 0.11041666666666666 0.372318339100346 0.05 0.05951557093425606
311 0.10234375 0.17993079584775087 0.049479166666666664 0.04982698961937716
333 0.14817708333333332 0.15467128027681662 0.06302083333333333 0.10173010380622838
