311 0.03002450980392157 0.03982843137254902 0.06004901960784314 0.07965686274509803
333 0.0857843137254902 0.03799019607843137 0.08026960784313726 0.07598039215686274
294 0.20772058823529413 0.0428921568627451 0.17892156862745098 0.0857843137254902
5 0.36611519607843135 0.06638071895424837 0.13112745098039216 0.04616013071895425
5 0.5018382352941176 0.04595588235294118 0.15196078431372548 0.09191176470588236
5 0.5018382352941176 0.06147875816993464 0.14583333333333334 0.061683006535947715
38 0.5018382352941176 0.2079248366013072 0.04779411764705882 0.12173202614379085
38 0.4597120098039216 0.20976307189542484 0.04871323529411765 0.11723856209150327
38 0.41482843137254904 0.21160130718954248 0.04595588235294118 0.11601307189542484
38 0.36994485294117646 0.20976307189542484 0.047487745098039214 0.11968954248366014
228 0.30943627450980393 0.20588235294117646 0.0741421568627451 0.12336601307189543
228 0.24004289215686275 0.2128267973856209 0.07138480392156862 0.11274509803921569
228 0.17463235294117646 0.20874183006535948 0.0741421568627451 0.11764705882352941
70 0.10830269607843138 0.21058006535947713 0.07077205882352941 0.10825163398692811
70 0.03707107843137255 0.20772058823529413 0.0741421568627451 0.1090686274509804
349 0.17064950980392157 0.6286764705882353 0.06740196078431372 0.06862745098039216
349 0.23131127450980393 0.6268382352941176 0.06495098039215687 0.06658496732026144
349 0.29090073529411764 0.6268382352941176 0.06158088235294118 0.06658496732026144
349 0.35232843137254904 0.6237745098039216 0.061887254901960786 0.06454248366013073
349 0.41191789215686275 0.6237745098039216 0.057291666666666664 0.06535947712418301
296 0.46859681372549017 0.6219362745098039 0.06158088235294118 0.06413398692810457
296 0.5261948529411765 0.6198937908496732 0.0548406862745098 0.061683006535947715
296 0.5828737745098039 0.6219362745098039 0.06158088235294118 0.0690359477124183
296 0.6366421568627451 0.6219362745098039 0.061887254901960786 0.0690359477124183
296 0.6931678921568627 0.6219362745098039 0.057291666666666664 0.06413398692810457
132 0.7878370098039216 0.6198937908496732 0.06464460784313726 0.06413398692810457
132 0.852328431372549 0.6178513071895425 0.0778186274509804 0.06658496732026144
132 0.9090073529411765 0.6072303921568627 0.061887254901960786 0.06004901960784314
271 0.9647671568627451 0.6131535947712419 0.06740196078431372 0.06454248366013073
86 0.9607843137254902 0.7040441176470589 0.07230392156862746 0.06004901960784314
86 0.9031862745098039 0.7077205882352942 0.06985294117647059 0.054330065359477125
86 0.8368566176470589 0.7079248366013072 0.07935049019607843 0.06209150326797386
246 0.5056678921568627 0.758578431372549 0.06954656862745098 0.0661764705882353
239 0.7823223039215687 0.04963235294117647 0.04993872549019608 0.09844771241830065
239 0.8226102941176471 0.04963235294117647 0.05698529411764706 0.09844771241830065
239 0.8645833333333334 0.04963235294117647 0.05821078431372549 0.09844771241830065
39 0.8121936274509803 0.21752450980392157 0.03370098039215686 0.11315359477124183
39 0.8428308823529411 0.21956699346405228 0.05024509803921569 0.10988562091503268
39 0.8893995098039216 0.21609477124183007 0.06556372549019608 0.11601307189542484
39 0.9309129901960784 0.21875 0.06158088235294118 0.11151960784313726
39 0.9693627450980392 0.21752450980392157 0.056372549019607844 0.1090686274509804
21 0.6003370098039216 0.2093545751633987 0.053002450980392156 0.12295751633986927
21 0.6798406862745098 0.21384803921568626 0.05514705882352941 0.1156045751633987
21 0.7248774509803921 0.21241830065359477 0.05943627450980392 0.119281045751634
21 0.7579656862745098 0.21446078431372548 0.04105392156862745 0.11683006535947713
66 0.6922487745098039 0.3613153594771242 0.07506127450980392 0.053513071895424834
66 0.7699142156862745 0.3619281045751634 0.08333333333333333 0.05473856209150327
66 0.8484987745098039 0.3625408496732026 0.07873774509803921 0.053513071895424834
244 0.9096200980392157 0.36764705882352944 0.05330882352941176 0.04411764705882353
244 0.9658394607843137 0.36294934640522875 0.0664828431372549 0.051879084967320264
271 0.9209558823529411 0.47875816993464054 0.06372549019607843 0.06372549019607843
258 0.9595588235294118 0.47610294117647056 0.0392156862745098 0.061683006535947715
26 0.9837622549019608 0.47610294117647056 0.029411764705882353 0.061683006535947715
92 0.3785232843137255 0.47406045751633985 0.04197303921568627 0.056781045751633986
92 0.4183517156862745 0.4756944444444444 0.04136029411764706 0.053513071895424834
92 0.4612438725490196 0.4742647058823529 0.04136029411764706 0.056372549019607844
92 0.49846813725490197 0.4736519607843137 0.03860294117647059 0.0559640522875817
92 0.5404411764705882 0.4803921568627451 0.04534313725490196 0.06944444444444445
345 0.5785845588235294 0.4722222222222222 0.04197303921568627 0.05310457516339869
92 0.6138174019607843 0.4722222222222222 0.04136029411764706 0.05310457516339869
345 0.6577818627450981 0.4736519607843137 0.04718137254901961 0.0559640522875817
345 0.6996017156862745 0.47610294117647056 0.04258578431372549 0.05106209150326797
212 0.7441789215686274 0.4795751633986928 0.04840686274509804 0.06781045751633986
212 0.7870710784313726 0.4795751633986928 0.05514705882352941 0.06699346405228758
212 0.8249080882352942 0.4795751633986928 0.050551470588235295 0.06781045751633986
212 0.8678002450980392 0.48018790849673204 0.03768382352941176 0.0690359477124183
246 0.5753676470588235 0.7677696078431373 0.06740196078431372 0.05514705882352941
246 0.6421568627450981 0.7677696078431373 0.06556372549019608 0.05514705882352941
246 0.7071078431372549 0.766952614379085 0.06740196078431372 0.053513071895424834
86 0.7746629901960784 0.7657271241830066 0.0664828431372549 0.05106209150326797
86 0.8383884803921569 0.7649101307189542 0.06464460784313726 0.0494281045751634
86 0.9010416666666666 0.7626633986928104 0.07107843137254902 0.04493464052287582
86 0.9568014705882353 0.7618464052287581 0.06495098039215687 0.04330065359477124
329 0.2614889705882353 0.923202614379085 0.08057598039215687 0.10947712418300654
329 0.18612132352941177 0.9254493464052288 0.07996323529411764 0.11397058823529412
329 0.12055759803921569 0.9211601307189542 0.07935049019607843 0.1053921568627451
338 0.3708639705882353 0.943218954248366 0.14185049019607843 0.06781045751633986
338 0.5076593137254902 0.9391339869281046 0.13357843137254902 0.059640522875817
84 0.6481311274509803 0.9283088235294118 0.13572303921568626 0.07312091503267974
84 0.7763480392156863 0.9246323529411765 0.1329656862745098 0.06576797385620915
243 0.9103860294117647 0.8772467320261438 0.12040441176470588 0.06658496732026144
243 0.9025735294117647 0.9254493464052288 0.10355392156862746 0.044526143790849675
243 0.9730392156862745 0.9136029411764706 0.05330882352941176 0.05759803921568627
243 0.9805453431372549 0.8649918300653595 0.03829656862745098 0.042075163398692814
246 0.4381127450980392 0.7706290849673203 0.06740196078431372 0.0625
246 0.3707107843137255 0.7720588235294118 0.07107843137254902 0.06535947712418301
150 0.31035539215686275 0.7753267973856209 0.049019607843137254 0.06862745098039216
150 0.26348039215686275 0.7765522875816994 0.05269607843137255 0.06372549019607843
150 0.21415441176470587 0.7687908496732027 0.0545343137254902 0.06944444444444445
204 0.15441176470588236 0.7593954248366013 0.05024509803921569 0.06535947712418301
204 0.07138480392156862 0.7781862745098039 0.05392156862745098 0.05718954248366013
73 0.12040441176470588 0.6666666666666666 0.05392156862745098 0.07598039215686274
73 0.0664828431372549 0.6658496732026143 0.056372549019607844 0.07107843137254902
73 0.02267156862745098 0.6531862745098039 0.04350490196078431 0.07107843137254902
264 0.022058823529411766 0.7785947712418301 0.04350490196078431 0.06944444444444445
