131 0.054563492063492064 0.11607142857142858 0.10912698412698413 0.09771825396825397
73 0.03009259259259259 0.2741815476190476 0.06018518518518518 0.08606150793650794
52 0.19890873015873015 0.12884424603174602 0.1789021164021164 0.08209325396825397
52 0.30241402116402116 0.13082837301587302 0.11673280423280423 0.06969246031746032
244 0.4226190476190476 0.1501736111111111 0.10317460317460317 0.07366071428571429
244 0.5145502645502645 0.1579861111111111 0.08597883597883597 0.06646825396825397
280 0.5701058201058201 0.15612599206349206 0.05357142857142857 0.07564484126984126
280 0.6150793650793651 0.16207837301587302 0.05357142857142857 0.07366071428571429
21 0.6570767195767195 0.1619543650793651 0.05026455026455026 0.07886904761904762
21 0.7245370370370371 0.16393849206349206 0.09259259259259259 0.09226190476190477
39 0.7878637566137566 0.17175099206349206 0.045965608465608467 0.07762896825396826
39 0.8220899470899471 0.17472718253968253 0.041666666666666664 0.07614087301587301
239 0.8473875661375662 0.17956349206349206 0.03670634920634921 0.0689484126984127
239 0.8826058201058201 0.18340773809523808 0.0496031746031746 0.06870039682539683
239 0.9031084656084656 0.1853918650793651 0.04563492063492063 0.06870039682539683
333 0.8298611111111112 0.27331349206349204 0.06183862433862434 0.06001984126984127
265 0.7733134920634921 0.27529761904761907 0.050595238095238096 0.06001984126984127
157 0.7204034391534392 0.2743055555555556 0.06977513227513228 0.062003968253968256
284 0.6550925925925926 0.27529761904761907 0.05291005291005291 0.06001984126984127
284 0.607308201058201 0.27529761904761907 0.06183862433862434 0.06448412698412699
204 0.5515873015873016 0.27529761904761907 0.061507936507936505 0.06646825396825397
204 0.48726851851851855 0.27529761904761907 0.06977513227513228 0.0689484126984127
217 0.4021164021164021 0.27232142857142855 0.0873015873015873 0.0798611111111111
217 0.3192791005291005 0.2741815476190476 0.08961640211640212 0.07465277777777778
217 0.24090608465608465 0.2743055555555556 0.11210317460317461 0.0798611111111111
73 0.1306216931216931 0.2743055555555556 0.11838624338624339 0.08333333333333333
355 0.03306878306878307 0.39831349206349204 0.06547619047619048 0.059027777777777776
355 0.08978174603174603 0.3933531746031746 0.08366402116402116 0.06001984126984127
345 0.18733465608465608 0.38851686507936506 0.0882936507936508 0.05431547619047619
345 0.26240079365079366 0.3865327380952381 0.06977513227513228 0.05084325396825397
307 0.8210978835978836 0.35143849206349204 0.0667989417989418 0.05406746031746032
307 0.857308201058201 0.35143849206349204 0.04332010582010582 0.053075396825396824
166 0.8993055555555556 0.36408730158730157 0.05787037037037037 0.08035714285714286
166 0.9568452380952381 0.36408730158730157 0.05654761904761905 0.08035714285714286
92 0.041666666666666664 0.552703373015873 0.08002645502645503 0.0642361111111111
92 0.11375661375661375 0.5416666666666666 0.082010582010582 0.06101190476190476
345 0.19460978835978837 0.5281498015873016 0.07837301587301587 0.06274801587301587
345 0.26273148148148145 0.5225694444444444 0.06712962962962964 0.05406746031746032
349 0.20089285714285715 0.6841517857142857 0.11607142857142858 0.08606150793650794
349 0.09176587301587301 0.7064732142857143 0.12731481481481483 0.07713293650793651
296 0.3116732804232804 0.6535218253968254 0.09887566137566138 0.0763888888888889
296 0.39021164021164023 0.6336805555555556 0.08267195767195767 0.07390873015873016
109 0.4775132275132275 0.5700644841269841 0.07142857142857142 0.07217261904761904
109 0.476521164021164 0.6163194444444444 0.06812169312169312 0.056051587301587304
109 0.5431547619047619 0.6029265873015873 0.06646825396825397 0.05853174603174603
109 0.5411706349206349 0.5576636904761905 0.07705026455026455 0.0597718253968254
132 0.4401455026455027 0.7357390873015873 0.0873015873015873 0.07018849206349206
246 0.3771494708994709 0.8676835317460317 0.11871693121693122 0.078125
246 0.4664351851851852 0.8406498015873016 0.09424603174603174 0.07862103174603174
246 0.4652777777777778 0.8809523809523809 0.06944444444444445 0.06101190476190476
246 0.3951719576719577 0.9108382936507936 0.07076719576719577 0.03943452380952381
243 0.593915343915344 0.7947668650793651 0.11838624338624339 0.08209325396825397
243 0.6041666666666666 0.8262648809523809 0.09788359788359788 0.053323412698412696
96 0.7351190476190477 0.7700892857142857 0.09060846560846561 0.06845238095238096
96 0.6845238095238095 0.7883184523809523 0.09060846560846561 0.050347222222222224
33 0.7787698412698413 0.7185019841269841 0.062169312169312166 0.060515873015873016
33 0.8249007936507936 0.7144097222222222 0.07506613756613757 0.06820436507936507
271 0.8625992063492064 0.706969246031746 0.017526455026455025 0.05381944444444445
34 0.8948412698412699 0.689484126984127 0.05555555555555555 0.08581349206349206
34 0.9305555555555556 0.6742311507936508 0.05555555555555555 0.08258928571428571
97 0.8718584656084656 0.5735367063492064 0.05191798941798942 0.08754960317460317
97 0.9203042328042328 0.5629960317460317 0.06018518518518518 0.08928571428571429
29 0.9006283068783069 0.4713541666666667 0.06316137566137567 0.09151785714285714
29 0.9429563492063492 0.46391369047619047 0.045965608465608467 0.08209325396825397
271 0.08101851851851852 0.8411458333333334 0.10648148148148148 0.08556547619047619
271 0.17724867724867724 0.816344246031746 0.11177248677248677 0.09151785714285714
132 0.3414351851851852 0.7573164682539683 0.11541005291005291 0.060267857142857144
329 0.4513888888888889 0.4791666666666667 0.09986772486772487 0.10664682539682539
329 0.3318452380952381 0.48908730158730157 0.12466931216931217 0.10664682539682539
38 0.533234126984127 0.4671378968253968 0.04728835978835979 0.09052579365079365
38 0.5821759259259259 0.4634176587301587 0.036044973544973546 0.09052579365079365
38 0.6182208994708994 0.4564732142857143 0.03406084656084656 0.09052579365079365
3 0.6678240740740741 0.4505208333333333 0.050595238095238096 0.03546626984126984
3 0.6724537037037037 0.4852430555555556 0.059854497354497355 0.0339781746031746
3 0.7328042328042328 0.42472718253968256 0.07738095238095238 0.024057539682539684
3 0.7351190476190477 0.4497767857142857 0.07407407407407407 0.01711309523809524
3 0.7361111111111112 0.4722222222222222 0.07407407407407407 0.027777777777777776
208 0.8073743386243386 0.4479166666666667 0.06183862433862434 0.04861111111111111
62 0.2630621693121693 0.9233630952380952 0.12665343915343916 0.10714285714285714
62 0.1271494708994709 0.9464285714285714 0.14517195767195767 0.10714285714285714
82 0.6607142857142857 0.5682043650793651 0.046957671957671955 0.04662698412698413
250 0.7156084656084656 0.5608878968253969 0.037037037037037035 0.054811507936507936
250 0.7488425925925926 0.5126488095238095 0.044642857142857144 0.041666666666666664
250 0.7486772486772487 0.5577876984126984 0.03505291005291005 0.04662698412698413
355 0.5453042328042328 0.6965525793650794 0.07539682539682539 0.050347222222222224
355 0.605489417989418 0.6803075396825397 0.056878306878306875 0.05803571428571429
207 0.671957671957672 0.6651785714285714 0.05886243386243386 0.060515873015873016
207 0.7228835978835979 0.6498015873015873 0.05555555555555555 0.0441468253968254
12 0.7845568783068783 0.6343005952380952 0.04794973544973545 0.06721230158730158
12 0.8287037037037037 0.621031746031746 0.046957671957671955 0.0441468253968254
233 0.8159722222222222 0.5421626984126984 0.06316137566137567 0.05803571428571429
