73 0.14537377450980393 0.0661764705882353 0.07935049019607843 0.0988562091503268
73 0.2185968137254902 0.068218954248366 0.07751225490196079 0.09640522875816994
204 0.3007046568627451 0.06719771241830065 0.07077205882352941 0.0951797385620915
204 0.36994485294117646 0.068218954248366 0.06954656862745098 0.09313725490196079
284 0.44607843137254904 0.068218954248366 0.06924019607843138 0.0923202614379085
284 0.516390931372549 0.068218954248366 0.0664828431372549 0.0915032679738562
280 0.5701593137254902 0.06413398692810457 0.04595588235294118 0.1053921568627451
280 0.6130514705882353 0.0661764705882353 0.04044117647058824 0.10702614379084967
307 0.6628370098039216 0.068218954248366 0.04993872549019608 0.09967320261437909
307 0.7049632352941176 0.068218954248366 0.05024509803921569 0.09967320261437909
239 0.8299632352941176 0.06229575163398693 0.04963235294117647 0.10988562091503268
239 0.8737745098039216 0.06331699346405228 0.04963235294117647 0.11683006535947713
11 0.9471507352941176 0.05923202614379085 0.09466911764705882 0.1184640522875817
52 0.9402573529411765 0.20383986928104575 0.05330882352941176 0.07598039215686274
52 0.8826593137254902 0.2020016339869281 0.07720588235294118 0.0763888888888889
217 0.5076593137254902 0.2079248366013072 0.07659313725490197 0.08823529411764706
217 0.44515931372549017 0.20874183006535948 0.05759803921568627 0.08905228758169935
265 0.37484681372549017 0.20976307189542484 0.06341911764705882 0.09272875816993464
157 0.3056066176470588 0.20976307189542484 0.06832107843137254 0.09272875816993464
264 0.22824754901960784 0.21384803921568626 0.07720588235294118 0.09272875816993464
264 0.16099877450980393 0.2136437908496732 0.07751225490196079 0.09395424836601307
92 0.17264093137254902 0.5349264705882353 0.0585171568627451 0.10825163398692811
92 0.22349877450980393 0.539828431372549 0.05177696078431373 0.09191176470588236
92 0.27037377450980393 0.5349264705882353 0.05361519607843137 0.09436274509803921
92 0.32215073529411764 0.5300245098039216 0.05177696078431373 0.0886437908496732
92 0.3681066176470588 0.5243055555555556 0.04871323529411765 0.0821078431372549
345 0.41973039215686275 0.5243055555555556 0.04656862745098039 0.0821078431372549
345 0.46660539215686275 0.5202205882352942 0.04595588235294118 0.08946078431372549
345 0.516390931372549 0.5165441176470589 0.05361519607843137 0.08782679738562091
345 0.5643382352941176 0.5116421568627451 0.04595588235294118 0.08047385620915033
38 0.6824448529411765 0.5183823529411765 0.10753676470588236 0.06290849673202614
21 0.867953431372549 0.5046977124183006 0.10049019607843138 0.053513071895424834
233 0.9109987745098039 0.5868055555555556 0.05361519607843137 0.07148692810457516
233 0.8670343137254902 0.5866013071895425 0.05330882352941176 0.06862745098039216
233 0.9109987745098039 0.6491013071895425 0.05667892156862745 0.06862745098039216
333 0.8074448529411765 0.31924019607843135 0.06219362745098039 0.09681372549019608
333 0.8647365196078431 0.3174019607843137 0.0628063725490196 0.09477124183006536
333 0.9178921568627451 0.31556372549019607 0.06066176470588235 0.0959967320261438
82 0.6452205882352942 0.6809640522875817 0.04656862745098039 0.0661764705882353
82 0.6412377450980392 0.613562091503268 0.03860294117647059 0.07107843137254902
82 0.6786151960784313 0.610702614379085 0.04411764705882353 0.07924836601307189
82 0.6813725490196079 0.6762663398692811 0.030637254901960783 0.06576797385620915
82 0.7264093137254902 0.6043709150326797 0.04963235294117647 0.07066993464052287
82 0.7270220588235294 0.6701388888888888 0.051470588235294115 0.068218954248366
250 0.7708333333333334 0.6033496732026143 0.044730392156862746 0.06944444444444445
250 0.7723651960784313 0.6662581699346405 0.037377450980392156 0.06454248366013073
250 0.811734068627451 0.6000816993464052 0.030943627450980393 0.06290849673202614
250 0.8115808823529411 0.6568627450980392 0.04105392156862745 0.07434640522875817
296 0.35830269607843135 0.6352124183006536 0.0744485294117647 0.07761437908496732
296 0.43106617647058826 0.6296977124183006 0.06740196078431372 0.0763888888888889
296 0.3662683823529412 0.6934232026143791 0.06770833333333333 0.05514705882352941
296 0.4322916666666667 0.6917892156862745 0.06678921568627451 0.05759803921568627
349 0.5171568627450981 0.6938316993464052 0.061274509803921566 0.054330065359477125
349 0.5173100490196079 0.6313316993464052 0.06954656862745098 0.07965686274509803
349 0.5844056372549019 0.6282679738562091 0.0664828431372549 0.0727124183006536
349 0.5833333333333334 0.6887254901960784 0.06433823529411764 0.06454248366013073
109 0.1956188725490196 0.6570669934640523 0.08425245098039216 0.09272875816993464
109 0.20128676470588236 0.733047385620915 0.0784313725490196 0.06576797385620915
109 0.27512254901960786 0.6486928104575164 0.08455882352941177 0.08823529411764706
109 0.2778799019607843 0.7222222222222222 0.07598039215686274 0.06944444444444445
329 0.22472426470588236 0.8696895424836601 0.08854166666666667 0.14787581699346405
329 0.30775122549019607 0.8825571895424836 0.08547794117647059 0.10008169934640523
132 0.3877144607843137 0.809640522875817 0.08363970588235294 0.09313725490196079
132 0.3909313725490196 0.8756127450980392 0.08149509803921569 0.061683006535947715
132 0.4655330882352941 0.8670343137254902 0.07322303921568628 0.06331699346405228
132 0.4647671568627451 0.8002450980392157 0.07598039215686274 0.09395424836601307
86 0.547640931372549 0.7890114379084967 0.07689950980392157 0.08782679738562091
86 0.5594362745098039 0.8560049019607843 0.0545343137254902 0.060866013071895424
86 0.6141237745098039 0.8502859477124183 0.0548406862745098 0.060866013071895424
86 0.6234681372549019 0.7843137254901961 0.0778186274509804 0.08251633986928104
271 0.6933210784313726 0.7745098039215687 0.0625 0.08333333333333333
271 0.6928615196078431 0.838031045751634 0.06219362745098039 0.054330065359477125
12 0.7512254901960784 0.8329248366013072 0.056372549019607844 0.06454248366013073
12 0.7515318627450981 0.7677696078431373 0.06740196078431372 0.08537581699346405
12 0.8057598039215687 0.7640931372549019 0.05269607843137255 0.08292483660130719
12 0.8059129901960784 0.8288398692810458 0.05116421568627451 0.059640522875817
207 0.899203431372549 0.8098447712418301 0.06311274509803921 0.08292483660130719
207 0.8918504901960784 0.7406045751633987 0.04779411764705882 0.0661764705882353
208 0.7521446078431373 0.9401552287581699 0.058823529411764705 0.0690359477124183
33 0.8178615196078431 0.9462826797385621 0.07873774509803921 0.08129084967320262
33 0.897671568627451 0.9397467320261438 0.07169117647058823 0.11805555555555555
243 0.5926776960784313 0.9603758169934641 0.12898284313725492 0.07679738562091504
