62 0.1971813725490196 0.9510091145833334 0.10318627450980392 0.08951822916666667
246 0.36213235294117646 0.9558919270833334 0.08161764705882353 0.0869140625
246 0.4403186274509804 0.9510091145833334 0.08161764705882353 0.09147135416666667
246 0.5243872549019608 0.9510091145833334 0.07622549019607844 0.09147135416666667
243 0.6365196078431372 0.9568684895833334 0.13725490196078433 0.0830078125
33 0.8719362745098039 0.95556640625 0.11593137254901961 0.0888671875
235 0.8768382352941176 0.8299153645833334 0.08259803921568627 0.07194010416666667
235 0.8787990196078431 0.7508138020833334 0.08602941176470588 0.0478515625
132 0.8036764705882353 0.7625325520833334 0.061764705882352944 0.07194010416666667
271 0.7450980392156863 0.7654622395833334 0.061764705882352944 0.07063802083333333
132 0.6747549019607844 0.7635091145833334 0.07205882352941176 0.07063802083333333
132 0.5985294117647059 0.7615559895833334 0.0696078431372549 0.07063802083333333
132 0.5204656862745098 0.7625325520833334 0.07622549019607844 0.07194010416666667
86 0.4403186274509804 0.7605794270833334 0.07818627450980392 0.07063802083333333
86 0.3573529411764706 0.7566731770833334 0.07990196078431372 0.07063802083333333
329 0.2772058823529412 0.8055013020833334 0.0838235294117647 0.14615885416666666
329 0.18541666666666667 0.8055013020833334 0.08897058823529412 0.14615885416666666
86 0.3553921568627451 0.8347981770833334 0.08970588235294118 0.08040364583333333
86 0.4411764705882353 0.8347981770833334 0.0803921568627451 0.08040364583333333
132 0.5194852941176471 0.8347981770833334 0.07818627450980392 0.07649739583333333
132 0.6003676470588235 0.8347981770833334 0.07720588235294118 0.0791015625
132 0.6746323529411765 0.8347981770833334 0.07720588235294118 0.06998697916666667
271 0.7420343137254902 0.8347981770833334 0.06985294117647059 0.06868489583333333
271 0.8046568627450981 0.8318684895833334 0.061764705882352944 0.06868489583333333
271 0.8123774509803922 0.7625325520833334 0.06348039215686274 0.07259114583333333
349 0.8806372549019608 0.6619466145833334 0.07990196078431372 0.06868489583333333
349 0.8270833333333333 0.6599934895833334 0.06985294117647059 0.07259114583333333
296 0.758578431372549 0.6590169270833334 0.06568627450980392 0.08040364583333333
296 0.6971813725490196 0.6590169270833334 0.06838235294117648 0.08040364583333333
109 0.6307598039215686 0.6541341145833334 0.05857843137254902 0.08365885416666667
109 0.5662990196078431 0.6551106770833334 0.06053921568627451 0.08040364583333333
143 0.47928921568627453 0.6599934895833334 0.10759803921568628 0.07194010416666667
21 0.39644607843137253 0.6433919270833334 0.04877450980392157 0.11295572916666667
21 0.3446078431372549 0.6433919270833334 0.04852941176470588 0.11751302083333333
21 0.3025735294117647 0.6433919270833334 0.04877450980392157 0.11751302083333333
38 0.2537990196078431 0.6453450520833334 0.04877450980392157 0.11751302083333333
307 0.6378676470588235 0.050944010416666664 0.05122549019607843 0.10188802083333333
307 0.6821078431372549 0.052734375 0.04607843137254902 0.10546875
280 0.5802696078431373 0.057779947916666664 0.0428921568627451 0.07845052083333333
280 0.539828431372549 0.058430989583333336 0.03455882352941177 0.06673177083333333
239 0.7753676470588236 0.06819661458333333 0.03995098039215686 0.08756510416666667
239 0.8113970588235294 0.06966145833333333 0.04387254901960784 0.08919270833333333
239 0.8511029411764706 0.07307942708333333 0.04191176470588235 0.08756510416666667
11 0.9004901960784314 0.06526692708333333 0.1034313725490196 0.1142578125
52 0.8844362745098039 0.21598307291666666 0.0732843137254902 0.0556640625
233 0.8650735294117647 0.4345703125 0.06495098039215687 0.072265625
233 0.8901960784313725 0.4973958333333333 0.03823529411764706 0.072265625
233 0.85 0.4996744791666667 0.05196078431372549 0.06770833333333333
233 0.8045343137254902 0.4991861979166667 0.0571078431372549 0.06803385416666667
82 0.5251225490196079 0.4928385416666667 0.0482843137254902 0.07096354166666667
82 0.5318627450980392 0.4248046875 0.049509803921568625 0.07682291666666667
82 0.5787990196078432 0.4967447916666667 0.05024509803921569 0.06380208333333333
82 0.5795343137254902 0.43017578125 0.05073529411764706 0.07454427083333333
82 0.6197303921568628 0.4295247395833333 0.03259803921568628 0.07454427083333333
82 0.6254901960784314 0.4967447916666667 0.04264705882352941 0.06575520833333333
250 0.6713235294117647 0.4964192708333333 0.04852941176470588 0.06901041666666667
250 0.6811274509803922 0.4269205729166667 0.052450980392156864 0.07389322916666667
250 0.7175245098039216 0.4990234375 0.05024509803921569 0.06575520833333333
250 0.7265931372549019 0.4290364583333333 0.03995098039215686 0.07486979166666667
207 0.16875 0.4055989583333333 0.06053921568627451 0.07161458333333333
207 0.2428921568627451 0.4059244791666667 0.0696078431372549 0.076171875
207 0.23443627450980392 0.4827473958333333 0.07475490196078431 0.08333333333333333
207 0.16299019607843138 0.48046875 0.0769607843137255 0.0859375
236 0.30943627450980393 0.4853515625 0.07475490196078431 0.07682291666666667
236 0.37769607843137254 0.4874674479166667 0.061764705882352944 0.0751953125
236 0.45098039215686275 0.48828125 0.0696078431372549 0.07747395833333333
92 0.15134803921568626 0.2976888020833333 0.0375 0.07649739583333333
92 0.19607843137254902 0.2955729166666667 0.053431372549019605 0.08333333333333333
345 0.2508578431372549 0.30517578125 0.0428921568627451 0.06998697916666667
345 0.2950980392156863 0.2996419270833333 0.050490196078431374 0.08430989583333333
38 0.1650735294117647 0.6474609375 0.0482843137254902 0.11393229166666667
38 0.20784313725490197 0.6494140625 0.043137254901960784 0.109375
264 0.15502450980392157 0.1630859375 0.06838235294117648 0.087890625
264 0.21924019607843137 0.16764322916666666 0.0644607843137255 0.08463541666666667
265 0.2821078431372549 0.17073567708333334 0.061764705882352944 0.0849609375
265 0.34240196078431373 0.1728515625 0.06372549019607843 0.0859375
217 0.4071078431372549 0.16943359375 0.06323529411764706 0.09928385416666667
217 0.46911764705882353 0.17236328125 0.062254901960784315 0.0986328125
157 0.4861519607843137 0.04736328125 0.06544117647058824 0.09407552083333333
284 0.41776960784313727 0.044270833333333336 0.06593137254901961 0.08854166666666667
204 0.3522058823529412 0.0419921875 0.06764705882352941 0.08333333333333333
204 0.2920343137254902 0.039713541666666664 0.07230392156862746 0.07942708333333333
73 0.1821078431372549 0.037434895833333336 0.13676470588235295 0.07421875
