214 0.5969939446366782 0.10322952710495963 0.07720588235294118 0.14071510957324107
214 0.6614403114186851 0.11014994232987313 0.07720588235294118 0.14071510957324107
15 0.7161548442906575 0.13941753171856977 0.06206747404844291 0.08448673587081891
214 0.759083044982699 0.1453287197231834 0.0592560553633218 0.08189158016147635
201 0.9310121107266436 0.14230103806228372 0.06055363321799308 0.10928489042675894
315 0.8801903114186851 0.13941753171856977 0.0661764705882353 0.10351787773933102
29 0.219939446366782 0.07655709342560553 0.12283737024221453 0.1508073817762399
29 0.32601643598615915 0.08001730103806229 0.11440311418685122 0.1577277970011534
53 0.43155276816608995 0.08246828143021914 0.10402249134948097 0.16262975778546712
53 0.5235726643598616 0.08564013840830449 0.09775086505190311 0.16897347174163782
34 0.21885813148788927 0.31732987312572086 0.12240484429065744 0.21885813148788927
34 0.33142301038062283 0.31891580161476357 0.11137543252595156 0.2093425605536332
30 0.43090397923875434 0.32511534025374855 0.10445501730103807 0.1923298731257209
130 0.523356401384083 0.3282871972318339 0.09558823529411764 0.18194925028835063
261 0.9371756055363322 0.2759515570934256 0.07028546712802768 0.10380622837370242
201 0.8463451557093425 0.35885236447520186 0.07028546712802768 0.10755478662053057
22 0.8902465397923875 0.36087081891580164 0.061634948096885814 0.10178777393310265
261 0.9364186851211073 0.3663494809688581 0.0661764705882353 0.10063437139561707
201 0.7971453287197232 0.3585640138408305 0.058823529411764705 0.1115916955017301
201 0.7509731833910035 0.361159169550173 0.06120242214532872 0.10755478662053057
201 0.7019896193771626 0.3615916955017301 0.06271626297577855 0.10957324106113034
261 0.6485726643598616 0.3621683967704729 0.06271626297577855 0.11072664359861592
261 0.6015354671280276 0.35034602076124566 0.08109861591695501 0.13725490196078433
261 0.609969723183391 0.26629181084198383 0.06509515570934256 0.10640138408304499
164 0.23453719723183392 0.5664648212226067 0.09839965397923875 0.16753171856978086
164 0.3179065743944637 0.561562860438293 0.08910034602076125 0.16003460207612458
50 0.3992214532871972 0.5585351787773933 0.08737024221453288 0.14821222606689735
330 0.4764273356401384 0.5520472895040369 0.09083044982698962 0.14561707035755478
194 0.5649870242214533 0.5488754325259516 0.08196366782006921 0.13292964244521338
75 0.6387326989619377 0.5457035755478662 0.07763840830449827 0.13062283737024222
78 0.7046929065743944 0.5464244521337946 0.06639273356401384 0.11707035755478662
78 0.7555147058823529 0.542964244521338 0.0689878892733564 0.11591695501730104
305 0.8053633217993079 0.5397923875432526 0.07006920415224914 0.11476355247981546
305 0.8541306228373703 0.5366205305651672 0.06379757785467129 0.11476355247981546
117 0.9041955017301038 0.5331603229527105 0.06401384083044982 0.1118800461361015
218 0.2382136678200692 0.782871972318339 0.11180795847750866 0.22145328719723184
218 0.3335856401384083 0.7636966551326413 0.10056228373702422 0.22577854671280276
181 0.4258217993079585 0.7667243367935409 0.0921280276816609 0.18685121107266436
181 0.5069204152249135 0.7531718569780853 0.09083044982698962 0.18108419838523646
97 0.5861807958477508 0.7475490196078431 0.0884515570934256 0.16868512110726644
97 0.6697664359861591 0.7334198385236448 0.08088235294117647 0.17502883506343714
342 0.7408088235294118 0.7293829296424452 0.08455882352941177 0.15369088811995385
187 0.8150951557093425 0.7264994232987313 0.08564013840830449 0.13581314878892733
187 0.8762975778546713 0.7138119953863898 0.07136678200692041 0.1386966551326413
205 0.2515138408304498 0.9493944636678201 0.09515570934256055 0.10121107266435986
205 0.3399653979238754 0.9492502883506344 0.08910034602076125 0.10149942329873125
7 0.4176038062283737 0.9597750865051903 0.06401384083044982 0.08044982698961937
7 0.4764273356401384 0.9354094579008074 0.06660899653979238 0.12918108419838523
15 0.6628460207612457 0.9189734717416378 0.0592560553633218 0.16205305651672433
15 0.713992214532872 0.9152249134948097 0.05687716262975778 0.12226066897347174
85 0.5617430795847751 0.9159457900807382 0.10056228373702422 0.1115916955017301
35 0.7715181660899654 0.9084486735870819 0.06725778546712803 0.12889273356401384
35 0.8276384083044983 0.8940311418685121 0.06833910034602077 0.1248558246828143
