283 0.38041267073525137 0.8894415917843389 0.10985178727114212 0.0279204107830552
267 0.5908166230746876 0.810012836970475 0.13891310665504214 0.08664955070603338
275 0.5908166230746876 0.8794929396662388 0.11624527753560011 0.04589216944801027
67 0.6223481546062192 0.5436456996148908 0.08108108108108109 0.0410783055198973
67 0.6252542865446091 0.5768613607188704 0.08514966579482708 0.04589216944801027
67 0.6261261261261262 0.608793324775353 0.0886370241208951 0.04621309370988447
67 0.6261261261261262 0.6306161745827985 0.0886370241208951 0.0410783055198973
67 0.6261261261261262 0.6492297817715019 0.08921825050857309 0.038510911424903725
351 0.7481836675385063 0.4438382541720154 0.0996803254867771 0.0410783055198973
351 0.7480383609415867 0.39602053915276 0.1028770706190061 0.06675224646983312
351 0.7481836675385063 0.34098202824133506 0.1054925893635571 0.06643132220795891
351 0.8307178145887824 0.316591784338896 0.0979366463237431 0.06578947368421052
351 0.8385643708224353 0.39313222079589216 0.11711711711711711 0.08536585365853659
351 0.8307178145887824 0.4423940949935815 0.1078174949142691 0.04332477535301669
351 0.9520488230165649 0.33969833119383824 0.0959023539668701 0.07798459563543003
351 0.9379540831153734 0.39890885750962773 0.1054925893635571 0.05712451861360719
351 0.937808776518454 0.4423940949935815 0.10985178727114212 0.04974326059050064
224 0.8721301947108399 0.19207317073170732 0.1028770706190061 0.05166880616174583
326 0.7539959314152862 0.12836970474967907 0.11479221156640511 0.07958921694480103
326 0.7539959314152862 0.19046854942233632 0.0996803254867771 0.04589216944801027
326 0.6537343795408311 0.12387676508344031 0.1054925893635571 0.07637997432605904
326 0.6538796861377506 0.18613607188703465 0.1028770706190061 0.04813863928112965
326 0.5594303981400756 0.19191270860077023 0.06335367625690207 0.0410783055198973
326 0.558413251961639 0.1370346598202824 0.06364428945074106 0.08087291399229782
326 0.5592850915431561 0.053112965340179716 0.06655042138913107 0.07413350449293966
326 0.4237140366172624 0.14120667522464697 0.06335367625690207 0.07509627727856226
88 0.4197907585004359 0.3496469833119384 0.07468759081662307 0.05808729139922978
88 0.4197907585004359 0.4019576379974326 0.07294391165358907 0.05808729139922978
88 0.4197907585004359 0.4380616174582799 0.07061900610287707 0.037869062901155326
139 0.4197907585004359 0.4972721437740693 0.07120023249055507 0.042682926829268296
139 0.4197907585004359 0.5365853658536586 0.07061900610287707 0.05006418485237484
139 0.4208079046788724 0.5842426187419769 0.07149084568439407 0.04589216944801027
139 0.4197907585004359 0.6304557124518614 0.07294391165358907 0.05423620025673941
139 0.34408602150537637 0.5842426187419769 0.10752688172043011 0.04589216944801027
139 0.34408602150537637 0.6277278562259306 0.10985178727114212 0.05006418485237484
175 0.34408602150537637 0.43517329910141206 0.0959023539668701 0.0410783055198973
175 0.3421970357454228 0.3741976893453145 0.10491136297587911 0.05006418485237484
175 0.3421970357454228 0.31643132220795894 0.10491136297587911 0.05006418485237484
175 0.25559430398140076 0.31065468549422337 0.0996803254867771 0.05006418485237484
175 0.25356001162452774 0.36858151476251605 0.0996803254867771 0.05423620025673941
175 0.25356001162452774 0.4263478818998716 0.08166230746875908 0.04589216944801027
43 0.25167102586457424 0.09354942233632862 0.0993897122929381 0.05423620025673941
43 0.2506538796861377 0.1514762516046213 0.13455390874745712 0.06161745827984596
43 0.25167102586457424 0.18613607188703465 0.10985178727114212 0.03465982028241335
139 0.3263586166811973 0.48154685494223365 0.0959023539668701 0.04589216944801027
139 0.3263586166811973 0.5364249037227214 0.0959023539668701 0.05744544287548139
43 0.33914559721011334 0.09499358151476252 0.11275791920953211 0.05712451861360719
88 0.4237140366172624 0.3048780487804878 0.062191223481546064 0.037869062901155326
326 0.4237140366172624 0.18324775353016687 0.06044754431851206 0.045571245186136075
326 0.4237140366172624 0.08199614890885751 0.06625980819529206 0.09146341463414634
110 0.5592850915431561 0.3048780487804878 0.07003777971519907 0.04621309370988447
110 0.5592850915431561 0.3411424903722721 0.06771287416448707 0.0410783055198973
110 0.558413251961639 0.36858151476251605 0.06655042138913107 0.04589216944801027
110 0.558413251961639 0.40757381258023107 0.06655042138913107 0.037869062901155326
110 0.558413251961639 0.435012836970475 0.06655042138913107 0.04589216944801027
295 0.04867770996803255 0.10510269576379974 0.07236268526591107 0.17747111681643132
295 0.1095611740773031 0.11360718870346598 0.07032839290903807 0.1822849807445443
295 0.15765765765765766 0.10734916559691912 0.044463818657367045 0.1806803594351733
43 0.33958151700087186 0.18982670089858794 0.1095611740773031 0.03883183568677792
43 0.3403080499854693 0.14987163029525033 0.1011333914559721 0.044287548138639284
224 0.9649811101424005 0.13414634146341464 0.07003777971519907 0.08087291399229782
224 0.9590235396687009 0.19383825417201542 0.08195292066259809 0.0558408215661104
224 0.8754722464399883 0.13157894736842105 0.0996803254867771 0.08472400513478819
351 0.6525719267654752 0.3342426187419769 0.08631211857018309 0.0689987163029525
351 0.6444347573379832 0.39602053915276 0.0990990990990991 0.07445442875481387
351 0.6476315024702122 0.43774069319640563 0.0956117407730311 0.04043645699614891
67 0.5472246439988375 0.6426508344030809 0.05754141238012206 0.04910141206675225
67 0.5489683231618715 0.605423620025674 0.07672188317349608 0.03818998716302952
67 0.5501307759372276 0.5656290115532734 0.08020924149956409 0.04525032092426187
253 0.7157802964254577 0.5709242618741976 0.1017146178436501 0.051347881899871634
253 0.7153443766346992 0.6052631578947368 0.0990990990990991 0.051989730423620026
253 0.7117117117117117 0.6360718870346598 0.0877651845393781 0.04813863928112965
302 0.7936646323743098 0.5300064184852374 0.08079046788724208 0.05295250320924262
302 0.8077593722755013 0.5794287548138639 0.08631211857018309 0.04525032092426187
302 0.8137169427492008 0.628209242618742 0.09415867480383609 0.0683568677792041
302 0.8113920371984888 0.6572528883183568 0.1005521650682941 0.03337612323491656
302 0.8913106655042139 0.55198973042362 0.1005521650682941 0.06611039794608473
302 0.8965417029933159 0.597400513478819 0.0970648067422261 0.05295250320924262
302 0.8905841325196164 0.629813863928113 0.0961929671607091 0.04974326059050064
302 0.8856437082243533 0.6588575096277278 0.08631211857018309 0.0410783055198973
275 0.7821854112176693 0.8300706033376123 0.1909328683522232 0.09531450577663671
275 0.7833478639930253 0.8775673940949936 0.1944202266782912 0.08376123234916559
275 0.7762278407439698 0.9117458279845956 0.17494914269107817 0.059050064184852376
275 0.5951758209822726 0.7199935815147626 0.16216216216216217 0.053594351732991014
275 0.5940133682069166 0.7615532734274711 0.16506829410055215 0.051347881899871634
283 0.3827375762859634 0.7668485237483954 0.15925603022377216 0.08376123234916559
283 0.3849171752397559 0.8258985879332478 0.15664051147922115 0.05295250320924262
283 0.3834641092705609 0.8660141206675225 0.14675966288869516 0.0420410783055199
80 0.18686428363847718 0.7596277278562259 0.1859924440569602 0.07381258023106547
80 0.2031386224934612 0.7081193838254172 0.18192385934321417 0.060654685494223363
232 0.1053472827666376 0.5264762516046213 0.12641673931996514 0.07220795892169447
232 0.12205754141238012 0.5872913992297818 0.1052019761697181 0.059050064184852376
232 0.12292938099389712 0.6272464698331194 0.11798895669863411 0.053594351732991014
232 0.22537053182214473 0.6354300385109114 0.1095611740773031 0.043645699614890884
232 0.22813135716361524 0.5895378690629012 0.10810810810810811 0.051347881899871634
232 0.22798605056669574 0.5344993581514762 0.10665504213891311 0.0683568677792041
175 0.1031676838128451 0.30006418485237485 0.15867480383609417 0.08921694480102696
175 0.1062191223481546 0.3741976893453145 0.14094739901191514 0.07124518613607189
175 0.11857018308631212 0.42811296534017973 0.15576867189770416 0.051989730423620026
