173 0.17046957671957672 0.9445684523809523 0.11474867724867725 0.06324404761904762
173 0.27132936507936506 0.9428323412698413 0.11078042328042328 0.06473214285714286
27 0.3768187830687831 0.9115823412698413 0.09556878306878307 0.08060515873015874
46 0.47156084656084657 0.9378720238095238 0.09854497354497355 0.040426587301587304
189 0.5496031746031746 0.9427083333333334 0.05555555555555555 0.06944444444444445
27 0.5985449735449735 0.9496527777777778 0.05357142857142857 0.061507936507936505
189 0.6512896825396826 0.9496527777777778 0.05324074074074074 0.061507936507936505
320 0.2275132275132275 0.7982390873015873 0.10449735449735449 0.06522817460317461
299 0.16005291005291006 0.7904265873015873 0.10449735449735449 0.08333333333333333
320 0.24503968253968253 0.7483878968253969 0.08531746031746032 0.03993055555555555
122 0.32787698412698413 0.7591765873015873 0.08763227513227513 0.05357142857142857
122 0.32605820105820105 0.7972470238095238 0.09193121693121693 0.06969246031746032
24 0.40029761904761907 0.7650049603174603 0.07374338624338625 0.05233134920634921
24 0.40029761904761907 0.8108878968253969 0.07374338624338625 0.05233134920634921
24 0.47437169312169314 0.8060515873015873 0.07374338624338625 0.06299603174603174
24 0.4763558201058201 0.7553323412698413 0.07043650793650794 0.04538690476190476
87 0.5535714285714286 0.7904265873015873 0.09126984126984126 0.05257936507936508
37 0.6258267195767195 0.7885664682539683 0.06117724867724868 0.07911706349206349
24 0.5671296296296297 0.6870039682539683 0.08333333333333333 0.05952380952380952
1 0.6453373015873016 0.6848958333333334 0.06845238095238096 0.06522817460317461
136 0.7215608465608465 0.6760912698412699 0.07738095238095238 0.08333333333333333
136 0.7890211640211641 0.6801835317460317 0.06878306878306878 0.078125
136 0.8495370370370371 0.6801835317460317 0.07341269841269842 0.078125
136 0.9108796296296297 0.6829117063492064 0.07374338624338625 0.07762896825396826
179 0.9702380952380952 0.6829117063492064 0.05952380952380952 0.07564484126984126
229 0.861276455026455 0.7912946428571429 0.1087962962962963 0.0920138888888889
229 0.7743055555555556 0.7894345238095238 0.08167989417989419 0.0882936507936508
229 0.7098214285714286 0.7904265873015873 0.08167989417989419 0.08978174603174603
56 0.8473875661375662 0.5688244047619048 0.08167989417989419 0.0920138888888889
56 0.7782738095238095 0.5688244047619048 0.08167989417989419 0.08953373015873016
56 0.71875 0.5610119047619048 0.06448412698412699 0.08333333333333333
184 0.6638558201058201 0.5657242063492064 0.049933862433862435 0.06944444444444445
297 0.5887896825396826 0.5120287698412699 0.11144179894179894 0.03844246031746032
177 0.3718584656084656 0.5687003968253969 0.06779100529100529 0.08333333333333333
334 0.3093584656084656 0.5687003968253969 0.07242063492063493 0.0818452380952381
177 0.2488425925925926 0.5677083333333334 0.07242063492063493 0.08283730158730158
98 0.1853505291005291 0.5698164682539683 0.07242063492063493 0.07564484126984126
334 0.11789021164021164 0.5716765873015873 0.07374338624338625 0.07192460317460317
287 0.25380291005291006 0.46044146825396826 0.11474867724867725 0.040426587301587304
287 0.25578703703703703 0.4192708333333333 0.11541005291005291 0.048859126984126984
287 0.257771164021164 0.37450396825396826 0.11541005291005291 0.044642857142857144
45 0.14649470899470898 0.3733878968253968 0.11375661375661375 0.047371031746031744
45 0.14054232804232805 0.41728670634920634 0.12235449735449735 0.048859126984126984
45 0.14037698412698413 0.4554811507936508 0.12400793650793651 0.04439484126984127
173 0.3718584656084656 0.4174107142857143 0.1087962962962963 0.044642857142857144
173 0.3748346560846561 0.4584573412698413 0.11144179894179894 0.04439484126984127
309 0.486276455026455 0.4603174603174603 0.11607142857142858 0.044642857142857144
309 0.4852843915343915 0.4242311507936508 0.11541005291005291 0.045882936507936505
309 0.486276455026455 0.3821924603174603 0.11144179894179894 0.046130952380952384
174 0.6044973544973545 0.3821924603174603 0.11375661375661375 0.04712301587301587
174 0.6043320105820106 0.4232390873015873 0.11210317460317461 0.04389880952380952
174 0.6003637566137566 0.46044146825396826 0.11144179894179894 0.040426587301587304
355 0.6767526455026455 0.4544890873015873 0.07043650793650794 0.06473214285714286
355 0.6747685185185185 0.3998015873015873 0.06448412698412699 0.054563492063492064
31 0.763558201058201 0.4408482142857143 0.11177248677248677 0.09647817460317461
64 0.8855820105820106 0.4446924603174603 0.12235449735449735 0.09027777777777778
344 0.9700727513227513 0.4554811507936508 0.059854497354497355 0.06721230158730158
126 0.7805886243386243 0.2826140873015873 0.09887566137566138 0.06522817460317461
225 0.6727843915343915 0.2748015873015873 0.07043650793650794 0.06498015873015874
225 0.6130952380952381 0.2728174603174603 0.05555555555555555 0.07192460317460317
225 0.56630291005291 0.2679811507936508 0.06448412698412699 0.07911706349206349
55 0.501818783068783 0.26599702380952384 0.06580687830687831 0.07713293650793651
58 0.44130291005291006 0.2640128968253968 0.06448412698412699 0.07911706349206349
332 0.3738425925925926 0.2620287698412698 0.06580687830687831 0.07614087301587301
248 0.30456349206349204 0.26004464285714285 0.07076719576719577 0.07614087301587301
210 0.238260582010582 0.26004464285714285 0.07043650793650794 0.07614087301587301
196 0.16881613756613756 0.2553323412698413 0.07043650793650794 0.08506944444444445
249 0.10929232804232804 0.2553323412698413 0.06580687830687831 0.07911706349206349
83 0.14351851851851852 0.6810515873015873 0.09854497354497355 0.06498015873015874
83 0.22056878306878308 0.6770833333333334 0.07341269841269842 0.06944444444444445
89 0.2898478835978836 0.6848958333333334 0.07705026455026455 0.06274801587301587
89 0.35730820105820105 0.6810515873015873 0.07374338624338625 0.059027777777777776
203 0.35532407407407407 0.6448412698412699 0.07043650793650794 0.03720238095238095
24 0.42757936507936506 0.6448412698412699 0.06547619047619048 0.03720238095238095
215 0.4930555555555556 0.6478174603174603 0.06812169312169312 0.0441468253968254
215 0.49503968253968256 0.6878720238095238 0.06878306878306878 0.04985119047619048
215 0.4305555555555556 0.6868799603174603 0.06878306878306878 0.057291666666666664
87 0.5543981481481481 0.8178323412698413 0.0882936507936508 0.04538690476190476
298 0.896494708994709 0.9202628968253969 0.08333333333333333 0.1212797619047619
124 0.9578373015873016 0.7884424603174603 0.08432539682539683 0.09375
106 0.9880952380952381 0.3275049603174603 0.023809523809523808 0.025049603174603176
19 0.9763558201058201 0.2818700396825397 0.04728835978835979 0.06324404761904762
314 0.8978174603174603 0.2806299603174603 0.09854497354497355 0.06522817460317461
344 0.9697420634920635 0.39657738095238093 0.060515873015873016 0.06944444444444445
46 0.47337962962962965 0.8959573412698413 0.09490740740740741 0.051835317460317464
298 0.9684193121693122 0.9226190476190477 0.06183862433862434 0.11755952380952381
266 0.9528769841269841 0.5736607142857143 0.07837301587301587 0.09573412698412699
352 0.44229497354497355 0.5739087301587301 0.06183862433862434 0.07738095238095238
355 0.5072751322751323 0.5762648809523809 0.05555555555555555 0.0726686507936508
298 0.7194113756613757 0.9170386904761905 0.08366402116402116 0.12227182539682539
298 0.8002645502645502 0.9165426587301587 0.08994708994708994 0.12624007936507936
297 0.5887896825396826 0.5925099206349206 0.10813492063492064 0.04265873015873016
297 0.5863095238095238 0.5536954365079365 0.10582010582010581 0.031994047619047616
