49 0.304769392033543 0.34140061791967047 0.0330188679245283 0.10607621009268794
49 0.3309748427672956 0.34140061791967047 0.03825995807127883 0.10607621009268794
340 0.37054507337526205 0.34140061791967047 0.039832285115303984 0.10607621009268794
340 0.43238993710691825 0.34140061791967047 0.039832285115303984 0.10607621009268794
347 0.47327044025157233 0.35015447991761073 0.033542976939203356 0.09886714727085479
100 0.39753668763102723 0.19515962924819774 0.036163522012578615 0.09165808444902163
100 0.3393605870020964 0.19515962924819774 0.036163522012578615 0.09165808444902163
100 0.30241090146750527 0.19155509783728114 0.033542976939203356 0.09474768280123584
219 0.350104821802935 0.06333676622039135 0.03878406708595388 0.09165808444902163
272 0.4300314465408805 0.05458290422245108 0.0330188679245283 0.09474768280123584
272 0.4609538784067086 0.05612770339855819 0.0330188679245283 0.08959835221421215
198 0.5256813417190775 0.08444902162718847 0.03039832285115304 0.055612770339855816
339 0.5911949685534591 0.08187435633367662 0.03668763102725367 0.05664263645726056
339 0.5563417190775681 0.08341915550978372 0.0330188679245283 0.05149330587023687
100 0.3632075471698113 0.19876416065911431 0.03459119496855346 0.082389289392379
219 0.32678197064989517 0.057157569515962924 0.0330188679245283 0.07723995880535531
272 0.4077568134171908 0.05458290422245108 0.03249475890985325 0.07826982492276004
341 0.16352201257861634 0.8656024716786818 0.03668763102725367 0.1266735324407827
341 0.1920859538784067 0.8676622039134912 0.029874213836477988 0.12461380020597322
341 0.22012578616352202 0.8769309989701339 0.03563941299790356 0.12461380020597322
341 0.2552410901467505 0.878475798146241 0.03773584905660377 0.121524201853759
341 0.27935010482180295 0.884140061791967 0.031446540880503145 0.12049433573635428
171 0.3556079664570231 0.880020597322348 0.03511530398322851 0.08959835221421215
171 0.3833857442348008 0.8805355303810505 0.026729559748427674 0.09062821833161688
171 0.4030398322851153 0.8779608650875386 0.014675052410901468 0.0854788877445932
171 0.44575471698113206 0.8815653964984552 0.02148846960167715 0.09268795056642637
171 0.4638364779874214 0.8820803295571575 0.023060796645702306 0.0937178166838311
171 0.48768343815513626 0.8820803295571575 0.028825995807127882 0.0937178166838311
171 0.5073375262054507 0.8820803295571575 0.016771488469601678 0.0937178166838311
171 0.3356918238993711 0.8774459320288363 0.02148846960167715 0.08444902162718847
63 0.5463836477987422 0.8867147270854789 0.022536687631027254 0.09474768280123584
63 0.5668238993710691 0.8872296601441813 0.024633123689727462 0.09577754891864057
63 0.5880503144654088 0.8872296601441813 0.0220125786163522 0.09577754891864057
63 0.6074423480083857 0.888259526261586 0.019916142557651992 0.09783728115345006
282 0.6559224318658281 0.892378990731205 0.029874213836477988 0.10607621009268794
282 0.679769392033543 0.8877445932028837 0.049266247379454925 0.09680741503604531
282 0.7078092243186582 0.8934088568486097 0.034067085953878404 0.10813594232749743
266 0.7520964360587002 0.917610710607621 0.02620545073375262 0.07415036045314109
266 0.7783018867924528 0.917610710607621 0.02830188679245283 0.07415036045314109
266 0.8034591194968553 0.917610710607621 0.02620545073375262 0.07415036045314109
266 0.8301886792452831 0.9186405767250257 0.027253668763102725 0.07621009268795056
266 0.8558700209643606 0.9186405767250257 0.02620545073375262 0.07621009268795056
266 0.8815513626834381 0.9186405767250257 0.02620545073375262 0.07621009268795056
266 0.9088050314465409 0.9186405767250257 0.02620545073375262 0.07621009268795056
266 0.934748427672956 0.9191555097837281 0.027777777777777776 0.07723995880535531
266 0.959643605870021 0.9201853759011328 0.02830188679245283 0.07929969104016478
266 0.8304507337526206 0.7456230690010298 0.024633123689727462 0.07826982492276004
266 0.8542976939203354 0.7456230690010298 0.02620545073375262 0.07826982492276004
266 0.8791928721174004 0.7466529351184346 0.025681341719077568 0.08032955715756952
266 0.9127358490566038 0.7518022657054583 0.037211740041928724 0.09062821833161688
266 0.9410377358490566 0.7533470648815654 0.027777777777777776 0.0937178166838311
266 0.9672431865828093 0.7548918640576725 0.027777777777777776 0.08444902162718847
298 0.7476415094339622 0.7312049433573635 0.028825995807127882 0.09680741503604531
298 0.8026729559748428 0.7492276004119465 0.037211740041928724 0.11225540679711637
259 0.7528825995807128 0.6307929969104017 0.026729559748427674 0.06694129763130793
259 0.7788259958071279 0.631307929969104 0.027253668763102725 0.06797116374871266
259 0.8055555555555556 0.631307929969104 0.027253668763102725 0.06797116374871266
259 0.8320230607966457 0.631307929969104 0.027777777777777776 0.06797116374871266
266 0.8616352201257862 0.6374871266735325 0.02830188679245283 0.08032955715756952
266 0.8901991614255765 0.6374871266735325 0.027777777777777776 0.08032955715756952
266 0.9169287211740041 0.6380020597322348 0.026729559748427674 0.08135942327497425
179 0.9415618448637316 0.6374871266735325 0.026729559748427674 0.08032955715756952
171 0.6834381551362684 0.6791967044284243 0.02830188679245283 0.11225540679711637
171 0.7009958071278826 0.6709577754891864 0.018343815513626835 0.09989701338825953
171 0.7216981132075472 0.6791967044284243 0.025157232704402517 0.11225540679711637
171 0.5841194968553459 0.6719876416065912 0.02148846960167715 0.09577754891864057
171 0.6074423480083857 0.678681771369722 0.027253668763102725 0.10710607621009269
171 0.6318134171907757 0.6894953656024717 0.034067085953878404 0.08753861997940268
304 0.28957023060796644 0.6616889804325438 0.027777777777777776 0.1101956745623069
304 0.31341719077568136 0.6668383110195675 0.03039832285115304 0.10607621009268794
304 0.3385744234800839 0.666323377960865 0.03039832285115304 0.10504634397528322
304 0.37080712788259956 0.6596292481977343 0.029874213836477988 0.10607621009268794
304 0.38155136268343814 0.6714727085478888 0.027253668763102725 0.10504634397528322
304 0.40670859538784065 0.6709577754891864 0.029350104821802937 0.10607621009268794
304 0.44758909853249473 0.6503604531410917 0.025157232704402517 0.08753861997940268
304 0.4724842767295597 0.664778578784758 0.03825995807127883 0.11637487126673532
304 0.5052410901467506 0.6673532440782698 0.03668763102725367 0.11740473738414006
141 0.5361635220125787 0.6678681771369722 0.027253668763102725 0.12049433573635428
100 0.3055555555555556 0.4824922760041195 0.03459119496855346 0.10813594232749743
100 0.32154088050314467 0.49433573635427397 0.04035639412997904 0.10916580844490216
100 0.36032494758909855 0.490216271884655 0.03825995807127883 0.11534500514933059
100 0.39544025157232704 0.49485066941297634 0.037211740041928724 0.1101956745623069
100 0.4334381551362683 0.49588053553038103 0.03563941299790356 0.1101956745623069
146 0.5075995807127882 0.5051493305870237 0.01519916142557652 0.06488156539649846
146 0.52437106918239 0.505664263645726 0.01729559748427673 0.06797116374871266
146 0.5419287211740041 0.5051493305870237 0.01781970649895178 0.07106076210092688
146 0.5615828092243187 0.5051493305870237 0.018343815513626835 0.07106076210092688
325 0.5788784067085954 0.5051493305870237 0.01729559748427673 0.07106076210092688
325 0.5961740041928721 0.5051493305870237 0.016247379454926623 0.07106076210092688
178 0.6192348008385744 0.5066941297631308 0.020440251572327043 0.09680741503604531
178 0.640461215932914 0.5066941297631308 0.0220125786163522 0.09886714727085479
306 0.6661425576519916 0.5072090628218332 0.03039832285115304 0.09989701338825953
306 0.6941823899371069 0.5077239958805355 0.037211740041928724 0.10092687950566426
306 0.7285115303983228 0.5077239958805355 0.03668763102725367 0.10092687950566426
306 0.7565513626834381 0.5046343975283213 0.0319706498951782 0.09474768280123584
56 0.804769392033543 0.5149330587023687 0.026729559748427674 0.08032955715756952
56 0.8304507337526206 0.5164778578784758 0.027777777777777776 0.08135942327497425
56 0.8592767295597484 0.5175077239958805 0.027777777777777776 0.08135942327497425
56 0.8841719077568134 0.5175077239958805 0.02410901467505241 0.08341915550978372
32 0.964098532494759 0.5283213182286303 0.027777777777777776 0.07209062821833162
32 0.9378930817610063 0.527806385169928 0.025681341719077568 0.07312049433573635
32 0.9122117400419287 0.5272914521112255 0.026729559748427674 0.07209062821833162
174 0.7948113207547169 0.3861997940267765 0.04140461215932914 0.04325437693099897
287 0.7955974842767296 0.4258496395468589 0.039832285115303984 0.03604531410916581
245 0.8314989517819706 0.4114315139031926 0.022536687631027254 0.06488156539649846
245 0.8542976939203354 0.411946446961895 0.019916142557651992 0.06591143151390319
184 0.9318658280922432 0.40731204943357363 0.025157232704402517 0.05870236869207003
184 0.9544025157232704 0.407826982492276 0.023060796645702306 0.057672502574665295
184 0.9753668763102725 0.407826982492276 0.0220125786163522 0.057672502574665295
173 0.8881027253668763 0.38259526261585997 0.04140461215932914 0.04016477857878476
173 0.8857442348008385 0.4212152420185376 0.039832285115303984 0.03913491246138002
309 0.8789308176100629 0.3079299691040165 0.0429769392033543 0.037075180226570546
45 0.9208595387840671 0.3074150360453141 0.040880503144654086 0.03604531410916581
174 0.9690775681341719 0.3079299691040165 0.0429769392033543 0.037075180226570546
89 0.7560272536687631 0.29917610710607623 0.027777777777777776 0.04840370751802266
89 0.7838050314465409 0.2996910401647786 0.027777777777777776 0.04943357363542739
89 0.8134171907756813 0.2996910401647786 0.02830188679245283 0.04943357363542739
89 0.8411949685534591 0.30020597322348097 0.02830188679245283 0.05046343975283213
281 0.6800314465408805 0.325437693099897 0.020440251572327043 0.014418125643666324
281 0.7209119496855346 0.325437693099897 0.020440251572327043 0.014418125643666324
222 0.5120545073375262 0.27754891864057674 0.027253668763102725 0.06694129763130793
222 0.5411425576519916 0.2806385169927909 0.027777777777777776 0.06488156539649846
142 0.5767819706498952 0.2806385169927909 0.027777777777777776 0.06282183316168898
142 0.605083857442348 0.2806385169927909 0.027777777777777776 0.06282183316168898
142 0.634958071278826 0.2811534500514933 0.027777777777777776 0.06385169927909372
225 0.6242138364779874 0.19258496395468588 0.03773584905660377 0.05149330587023687
200 0.6619496855345912 0.1920700308959835 0.03878406708595388 0.05252317198764161
200 0.7028301886792453 0.1920700308959835 0.041928721174004195 0.05252317198764161
189 0.7562893081761006 0.16632337796086508 0.039832285115303984 0.042224510813594233
189 0.7568134171907757 0.20339855818743563 0.039832285115303984 0.03398558187435633
83 0.7966457023060797 0.203913491246138 0.040880503144654086 0.032955715756951595
83 0.7935010482180294 0.1678681771369722 0.03668763102725367 0.03913491246138002
174 0.8299266247379455 0.18949536560247168 0.02358490566037736 0.061791967044284246
320 0.9350104821802935 0.194129763130793 0.03563941299790356 0.05664263645726056
320 0.9737945492662474 0.19361483007209063 0.03668763102725367 0.055612770339855816
87 0.8532494758909853 0.19001029866117405 0.025157232704402517 0.06282183316168898
334 0.875524109014675 0.18640576725025745 0.02358490566037736 0.06797116374871266
334 0.899895178197065 0.1858908341915551 0.02620545073375262 0.0690010298661174
100 0.43160377358490565 0.19670442842430483 0.027777777777777776 0.10504634397528322
100 0.4570230607966457 0.19773429454170957 0.029350104821802937 0.10298661174047374
100 0.48480083857442346 0.19876416065911431 0.027253668763102725 0.10092687950566426
103 0.5385220125786163 0.17971163748712668 0.020440251572327043 0.07312049433573635
103 0.5615828092243187 0.1791967044284243 0.02148846960167715 0.07415036045314109
1 0.6611635220125787 0.0345005149330587 0.022536687631027254 0.05870236869207003
1 0.6485849056603774 0.07878475798146241 0.02148846960167715 0.029866117404737384
1 0.6265723270440252 0.07878475798146241 0.022536687631027254 0.029866117404737384
1 0.6711215932914046 0.07929969104016478 0.020440251572327043 0.030895983522142123
1 0.6923480083857443 0.07878475798146241 0.023060796645702306 0.03192584963954686
1 0.714098532494759 0.07878475798146241 0.02148846960167715 0.029866117404737384
49 0.2751572327044025 0.3486096807415036 0.025157232704402517 0.09577754891864057
