178 0.9888392857142857 0.3726851851851852 0.022321428571428572 0.0787037037037037
355 0.9609375 0.3726851851851852 0.05927579365079365 0.07539682539682539
334 0.7920386904761905 0.35730820105820105 0.05133928571428571 0.07308201058201058
344 0.560515873015873 0.3599537037037037 0.061507936507936505 0.07043650793650794
344 0.5048363095238095 0.3599537037037037 0.061755952380952384 0.06779100529100529
200 0.44828869047619047 0.35714285714285715 0.05927579365079365 0.0701058201058201
200 0.3914930555555556 0.3549933862433862 0.06274801587301587 0.06977513227513228
54 0.333953373015873 0.4575066137566138 0.061755952380952384 0.103505291005291
142 0.38467261904761907 0.46825396825396826 0.049107142857142856 0.083994708994709
142 0.42175099206349204 0.47040343915343913 0.05282738095238095 0.08630952380952381
222 0.46862599206349204 0.4742063492063492 0.04935515873015873 0.08002645502645503
222 0.5048363095238095 0.47800925925925924 0.04935515873015873 0.0796957671957672
324 0.550719246031746 0.47800925925925924 0.046378968253968256 0.0796957671957672
314 0.5956101190476191 0.4887566137566138 0.05580357142857143 0.06746031746031746
126 0.6454613095238095 0.4887566137566138 0.05927579365079365 0.0701058201058201
196 0.630828373015873 0.5932539682539683 0.043402777777777776 0.082010582010582
111 0.4453125 0.5894510582010583 0.04241071428571429 0.07506613756613757
137 0.4130704365079365 0.5894510582010583 0.04141865079365079 0.07242063492063493
137 0.38566468253968256 0.5894510582010583 0.04017857142857143 0.0710978835978836
49 0.333953373015873 0.5727513227513228 0.04985119047619048 0.09523809523809523
304 0.33878968253968256 0.6850198412698413 0.05257936507936508 0.09093915343915344
298 0.7938988095238095 0.8804563492063492 0.05853174603174603 0.12665343915343916
298 0.8427579365079365 0.8892195767195767 0.05853174603174603 0.12235449735449735
298 0.8856646825396826 0.9019510582010583 0.05257936507936508 0.11342592592592593
298 0.9188988095238095 0.9067460317460317 0.049107142857142856 0.10846560846560846
63 0.4541170634920635 0.8736772486772487 0.04117063492063492 0.083994708994709
63 0.41703869047619047 0.8736772486772487 0.04439484126984127 0.083994708994709
63 0.3836805555555556 0.8736772486772487 0.04811507936507937 0.083994708994709
63 0.3603670634920635 0.8716931216931217 0.04265873015873016 0.09126984126984126
160 0.4908234126984127 0.8766534391534392 0.027281746031746032 0.08267195767195767
171 0.5155009920634921 0.8801256613756614 0.037450396825396824 0.07837301587301587
171 0.5457589285714286 0.8792989417989417 0.038938492063492064 0.08068783068783068
171 0.5691964285714286 0.8792989417989417 0.030257936507936508 0.08002645502645503
189 0.6754712301587301 0.6154100529100529 0.05381944444444445 0.03505291005291005
189 0.6765873015873016 0.5828373015873016 0.056051587301587304 0.04662698412698413
189 0.7229662698412699 0.6175595238095238 0.056051587301587304 0.035383597883597885
189 0.7244543650793651 0.5854828042328042 0.05952380952380952 0.04662698412698413
45 0.9249751984126984 0.509755291005291 0.06125992063492063 0.03802910052910053
45 0.9284474206349206 0.47470238095238093 0.054811507936507936 0.045965608465608467
46 0.8759920634920635 0.4728835978835979 0.07291666666666667 0.05026455026455026
46 0.8712797619047619 0.5084325396825397 0.06299603174603174 0.03869047619047619
87 0.8146081349206349 0.5056216931216931 0.05530753968253968 0.03835978835978836
87 0.8152281746031746 0.46941137566137564 0.0689484126984127 0.049933862433862435
173 0.7620287698412699 0.4662698412698413 0.0642361111111111 0.04828042328042328
87 0.761780753968254 0.5033068783068783 0.06225198412698413 0.03968253968253968
173 0.7073412698412699 0.46577380952380953 0.06498015873015874 0.049933862433862435
173 0.7065972222222222 0.5009920634920635 0.060515873015873016 0.03902116402116402
309 0.8380456349206349 0.341765873015873 0.061507936507936505 0.04728835978835979
309 0.8353174603174603 0.3783068783068783 0.056051587301587304 0.036375661375661374
174 0.8969494047619048 0.3812830687830688 0.0662202380952381 0.037698412698412696
174 0.9001736111111112 0.34408068783068785 0.06076388888888889 0.04728835978835979
200 0.3865327380952381 0.29216269841269843 0.05530753968253968 0.07374338624338625
200 0.44543650793650796 0.2919973544973545 0.05406746031746032 0.07142857142857142
344 0.5016121031746031 0.29381613756613756 0.057291666666666664 0.07175925925925926
344 0.5550595238095238 0.294973544973545 0.05803571428571429 0.0701058201058201
111 0.4714781746031746 0.5866402116402116 0.025297619047619048 0.06481481481481481
111 0.4972718253968254 0.5873015873015873 0.027281746031746032 0.06746031746031746
106 0.5248015873015873 0.5838293650793651 0.023809523809523808 0.07506613756613757
106 0.5473710317460317 0.5853174603174603 0.025793650793650792 0.07407407407407407
146 0.5739087301587301 0.5861441798941799 0.025793650793650792 0.0744047619047619
146 0.5959821428571429 0.5876322751322751 0.0248015873015873 0.07407407407407407
225 0.6016865079365079 0.3482142857142857 0.03521825396825397 0.07208994708994709
103 0.6355406746031746 0.3488756613756614 0.034970238095238096 0.07341269841269842
37 0.6657986111111112 0.35631613756613756 0.029017857142857144 0.05853174603174603
37 0.6949404761904762 0.35714285714285715 0.032242063492063495 0.05952380952380952
122 0.7374751984126984 0.34077380952380953 0.06076388888888889 0.03935185185185185
122 0.7361111111111112 0.3741732804232804 0.059027777777777776 0.030753968253968252
141 0.030381944444444444 0.31084656084656087 0.05381944444444445 0.10582010582010581
141 0.06870039682539683 0.31183862433862436 0.05406746031746032 0.10582010582010581
272 0.10590277777777778 0.3116732804232804 0.05357142857142857 0.10945767195767196
272 0.14521329365079366 0.3151455026455027 0.046378968253968256 0.10515873015873016
272 0.1796875 0.3158068783068783 0.048859126984126984 0.10648148148148148
272 0.21589781746031747 0.3177910052910053 0.04836309523809524 0.10449735449735449
40 0.25731646825396826 0.3156415343915344 0.04935515873015873 0.10945767195767196
40 0.3033234126984127 0.3219246031746032 0.04513888888888889 0.09887566137566138
40 0.33978174603174605 0.3245701058201058 0.040674603174603176 0.09424603174603174
341 0.05617559523809524 0.43816137566137564 0.05679563492063492 0.10119047619047619
341 0.1039186507936508 0.43816137566137564 0.051587301587301584 0.10449735449735449
341 0.14694940476190477 0.44460978835978837 0.053323412698412696 0.09358465608465609
340 0.1949404761904762 0.44146825396825395 0.051587301587301584 0.10383597883597884
340 0.24094742063492064 0.4427910052910053 0.06076388888888889 0.10449735449735449
340 0.28075396825396826 0.4436177248677249 0.03521825396825397 0.10615079365079365
304 0.07564484126984126 0.5562169312169312 0.05009920634920635 0.09060846560846561
304 0.10999503968253968 0.5575396825396826 0.046378968253968256 0.08994708994708994
304 0.14546130952380953 0.5590277777777778 0.04389880952380952 0.09027777777777778
49 0.18514384920634921 0.5600198412698413 0.045882936507936505 0.09093915343915344
49 0.2197420634920635 0.5611772486772487 0.04365079365079365 0.09126984126984126
49 0.2537202380952381 0.5636574074074074 0.0496031746031746 0.0882936507936508
49 0.28794642857142855 0.56630291005291 0.03968253968253968 0.08432539682539683
100 0.10416666666666667 0.6734457671957672 0.052083333333333336 0.0916005291005291
100 0.15364583333333334 0.6765873015873016 0.05381944444444445 0.08796296296296297
100 0.203125 0.6755952380952381 0.053075396825396824 0.09457671957671958
100 0.24913194444444445 0.6731150793650794 0.050347222222222224 0.09689153439153439
304 0.2917906746031746 0.6764219576719577 0.04836309523809524 0.09887566137566138
100 0.09598214285714286 0.8619378306878307 0.02628968253968254 0.06646825396825397
100 0.12152777777777778 0.8578042328042328 0.03521825396825397 0.08134920634920635
100 0.15327380952380953 0.857308201058201 0.03720238095238095 0.08234126984126984
100 0.17571924603174602 0.8619378306878307 0.020089285714285716 0.07175925925925926
100 0.2261904761904762 0.8660714285714286 0.02132936507936508 0.06944444444444445
100 0.2478918650793651 0.8685515873015873 0.03447420634920635 0.07043650793650794
100 0.28000992063492064 0.8673941798941799 0.03819444444444445 0.07539682539682539
100 0.30654761904761907 0.8682208994708994 0.022817460317460316 0.07043650793650794
89 0.8683035714285714 0.5704365079365079 0.052083333333333336 0.05357142857142857
89 0.8673115079365079 0.6135912698412699 0.04265873015873016 0.044642857142857144
259 0.9114583333333334 0.6059854497354498 0.047619047619047616 0.0625
259 0.9427083333333334 0.6063161375661376 0.051587301587301584 0.06448412698412699
355 0.7760416666666666 0.6121031746031746 0.05109126984126984 0.03835978835978836
24 0.8204365079365079 0.6106150793650794 0.04811507936507937 0.045965608465608467
56 0.8937251984126984 0.7177579365079365 0.044890873015873016 0.07572751322751323
56 0.9281994047619048 0.7180886243386243 0.047371031746031744 0.0763888888888889
32 0.7903025793650794 0.7204034391534392 0.03993055555555555 0.05919312169312169
32 0.8220486111111112 0.7212301587301587 0.040426587301587304 0.06018518518518518
136 0.8501984126984127 0.7215608465608465 0.03422619047619048 0.061507936507936505
178 0.5951140873015873 0.7023809523809523 0.028521825396825396 0.07605820105820106
178 0.6215277777777778 0.7025462962962963 0.032242063492063495 0.07705026455026455
266 0.654265873015873 0.7033730158730159 0.036210317460317464 0.07936507936507936
266 0.6858878968253969 0.7061838624338624 0.037450396825396824 0.0763888888888889
266 0.7202380952380952 0.7056878306878307 0.03968253968253968 0.08068783068783068
266 0.7524801587301587 0.7084986772486772 0.03968253968253968 0.07837301587301587
348 0.3792162698412698 0.6866732804232805 0.031746031746031744 0.08763227513227513
348 0.41009424603174605 0.687334656084656 0.0339781746031746 0.08961640211640212
160 0.44345238095238093 0.6921296296296297 0.034722222222222224 0.08068783068783068
160 0.47842261904761907 0.6884920634920635 0.03521825396825397 0.09193121693121693
306 0.5168650793650794 0.6926256613756614 0.044642857142857144 0.08895502645502645
306 0.5602678571428571 0.6949404761904762 0.03819444444444445 0.08697089947089948
282 0.6119791666666666 0.9012896825396826 0.05084325396825397 0.07308201058201058
282 0.6552579365079365 0.9014550264550265 0.05555555555555555 0.07275132275132275
282 0.6996527777777778 0.9007936507936508 0.05505952380952381 0.07208994708994709
282 0.7470238095238095 0.9036044973544973 0.0625 0.07771164021164022
219 0.025049603174603176 0.1488095238095238 0.04861111111111111 0.1130952380952381
219 0.06262400793650794 0.15112433862433863 0.05282738095238095 0.1111111111111111
151 0.09945436507936507 0.1498015873015873 0.05704365079365079 0.1164021164021164
151 0.1419890873015873 0.15261243386243387 0.054811507936507936 0.11276455026455026
355 0.19407242063492064 0.16121031746031747 0.03993055555555555 0.09953703703703703
355 0.2309027777777778 0.15906084656084657 0.042162698412698416 0.10648148148148148
355 0.2707093253968254 0.16005291005291006 0.04538690476190476 0.10515873015873016
64 0.32626488095238093 0.17427248677248677 0.0662202380952381 0.08134920634920635
64 0.392609126984127 0.175760582010582 0.06498015873015874 0.08366402116402116
31 0.45771329365079366 0.18072089947089948 0.0597718253968254 0.07771164021164022
202 0.5213293650793651 0.1840277777777778 0.062003968253968256 0.07771164021164022
339 0.5840773809523809 0.19642857142857142 0.05853174603174603 0.057539682539682536
339 0.6411210317460317 0.1984126984126984 0.06001984126984127 0.057539682539682536
1 0.6851438492063492 0.1984126984126984 0.03298611111111111 0.031084656084656083
1 0.714781746031746 0.19890873015873015 0.03670634920634921 0.03141534391534392
