341 0.3351934523809524 0.25066137566137564 0.053323412698412696 0.1111111111111111
341 0.2698412698412698 0.25148809523809523 0.0798611111111111 0.1345899470899471
340 0.21031746031746032 0.24834656084656084 0.07688492063492064 0.12103174603174603
306 0.5179811507936508 0.9313822751322751 0.05233134920634921 0.11607142857142858
306 0.574156746031746 0.9323743386243386 0.04513888888888889 0.12334656084656084
306 0.6040426587301587 0.9297288359788359 0.050347222222222224 0.11805555555555555
306 0.6434771825396826 0.9297288359788359 0.053323412698412696 0.12334656084656084
282 0.7135416666666666 0.9279100529100529 0.05654761904761905 0.09457671957671958
282 0.7440476190476191 0.923776455026455 0.08928571428571429 0.08630952380952381
282 0.7895585317460317 0.9363425925925926 0.0662202380952381 0.07903439153439154
192 0.5319940476190477 0.10747354497354497 0.06001984126984127 0.09193121693121693
222 0.5784970238095238 0.10796957671957672 0.053323412698412696 0.08961640211640212
324 0.6237599206349206 0.10730820105820106 0.053075396825396824 0.08961640211640212
142 0.6674107142857143 0.10648148148148148 0.053075396825396824 0.08928571428571429
71 0.4703621031746032 0.11772486772486772 0.061755952380952384 0.07671957671957672
71 0.416046626984127 0.1173941798941799 0.06225198412698413 0.07208994708994709
200 0.29030257936507936 0.046957671957671955 0.08060515873015874 0.09060846560846561
200 0.3478422619047619 0.06117724867724868 0.0642361111111111 0.08068783068783068
200 0.2899305555555556 0.1185515873015873 0.07043650793650794 0.07506613756613757
200 0.3508184523809524 0.12235449735449735 0.06919642857142858 0.06481481481481481
196 0.1195436507936508 0.10945767195767196 0.05009920634920635 0.09325396825396826
210 0.1583581349206349 0.10945767195767196 0.05233134920634921 0.09325396825396826
103 0.19928075396825398 0.1099537037037037 0.046378968253968256 0.09093915343915344
225 0.23561507936507936 0.10945767195767196 0.04563492063492063 0.09193121693121693
141 0.16778273809523808 0.5529100529100529 0.057291666666666664 0.11574074074074074
347 0.2034970238095238 0.5529100529100529 0.04290674603174603 0.11507936507936507
347 0.2411954365079365 0.5497685185185185 0.046875 0.11871693121693122
347 0.2803819444444444 0.5496031746031746 0.04538690476190476 0.11772486772486772
340 0.3203125 0.5500992063492064 0.04538690476190476 0.11937830687830688
340 0.35925099206349204 0.5494378306878307 0.04935515873015873 0.11805555555555555
49 0.4020337301587302 0.5474537037037037 0.04662698412698413 0.11342592592592593
49 0.4412202380952381 0.5477843915343915 0.04811507936507937 0.11408730158730158
49 0.4806547619047619 0.5454695767195767 0.043154761904761904 0.11011904761904762
151 0.14893353174603174 0.41451719576719576 0.05431547619047619 0.11673280423280423
151 0.18973214285714285 0.41335978835978837 0.056051587301587304 0.11772486772486772
151 0.23201884920634921 0.40988756613756616 0.051835317460317464 0.12136243386243387
219 0.2770337301587302 0.40922619047619047 0.051587301587301584 0.12136243386243387
219 0.3178323412698413 0.4093915343915344 0.047371031746031744 0.11838624338624339
63 0.3602430555555556 0.4054232804232804 0.04985119047619048 0.12367724867724868
63 0.40476190476190477 0.40492724867724866 0.049107142857142856 0.12202380952380952
63 0.44754464285714285 0.404265873015873 0.04538690476190476 0.1207010582010582
63 0.48896329365079366 0.4041005291005291 0.044890873015873016 0.12169312169312169
32 0.5293898809523809 0.8115079365079365 0.03993055555555555 0.07539682539682539
32 0.5673363095238095 0.8101851851851852 0.038938492063492064 0.07605820105820106
259 0.6097470238095238 0.8096891534391535 0.043402777777777776 0.0763888888888889
259 0.6479414682539683 0.8083664021164021 0.043402777777777776 0.07771164021164022
56 0.6906001984126984 0.8010912698412699 0.04290674603174603 0.08895502645502645
56 0.7289186507936508 0.8005952380952381 0.042162698412698416 0.08862433862433862
77 0.7705853174603174 0.8045634920634921 0.05009920634920635 0.0787037037037037
77 0.8091517857142857 0.8039021164021164 0.046875 0.07605820105820106
355 0.8363095238095238 0.5529100529100529 0.03521825396825397 0.07076719576719577
309 0.7874503968253969 0.5709325396825397 0.06101190476190476 0.036044973544973546
309 0.7875744047619048 0.531084656084656 0.06473214285714286 0.047619047619047616
45 0.7242063492063492 0.5317460317460317 0.06299603174603174 0.04894179894179894
45 0.7238343253968254 0.5725859788359788 0.061755952380952384 0.034722222222222224
87 0.5311259920634921 0.5381944444444444 0.05233134920634921 0.04265873015873016
87 0.5303819444444444 0.5757275132275133 0.05233134920634921 0.03571428571428571
173 0.5896577380952381 0.53125 0.06374007936507936 0.05191798941798942
173 0.5912698412698413 0.5724206349206349 0.06001984126984127 0.03835978835978836
46 0.6571180555555556 0.5689484126984127 0.0642361111111111 0.04398148148148148
46 0.6450892857142857 0.517691798941799 0.05654761904761905 0.03935185185185185
198 0.5277777777777778 0.5046296296296297 0.04861111111111111 0.013227513227513227
98 0.5266617063492064 0.4212962962962963 0.033482142857142856 0.07605820105820106
334 0.5647321428571429 0.4226190476190476 0.03521825396825397 0.07208994708994709
177 0.6091269841269841 0.419973544973545 0.03819444444444445 0.07539682539682539
355 0.7224702380952381 0.3576388888888889 0.06597222222222222 0.044642857142857144
122 0.6653025793650794 0.365244708994709 0.05828373015873016 0.04332010582010582
122 0.6654265873015873 0.40492724867724866 0.056051587301587304 0.04133597883597884
122 0.6653025793650794 0.439484126984127 0.05679563492063492 0.031084656084656083
355 0.7261904761904762 0.3994708994708995 0.062003968253968256 0.04497354497354497
355 0.7271825396825397 0.43700396825396826 0.05952380952380952 0.034722222222222224
27 0.7867063492063492 0.3974867724867725 0.06597222222222222 0.046296296296296294
189 0.7888144841269841 0.4343584656084656 0.06076388888888889 0.03802910052910053
215 0.849578373015873 0.3751653439153439 0.05282738095238095 0.05853174603174603
215 0.8449900793650794 0.4270833333333333 0.043154761904761904 0.04861111111111111
106 0.7224702380952381 0.2508267195767196 0.0248015873015873 0.08498677248677249
146 0.7543402777777778 0.24619708994708994 0.03149801587301587 0.09093915343915344
325 0.7819940476190477 0.2490079365079365 0.029265873015873016 0.083994708994709
178 0.8199404761904762 0.23875661375661375 0.03968253968253968 0.10185185185185185
178 0.8562748015873016 0.23743386243386244 0.03943452380952381 0.10185185185185185
1 0.6825396825396826 0.2166005291005291 0.03422619047619048 0.06018518518518518
1 0.6858878968253969 0.2683531746031746 0.03447420634920635 0.05125661375661376
137 0.6498015873015873 0.26421957671957674 0.033234126984126984 0.061507936507936505
65 0.4949156746031746 0.25049603174603174 0.036458333333333336 0.09226190476190477
65 0.5322420634920635 0.25033068783068785 0.03720238095238095 0.09259259259259259
111 0.5735367063492064 0.25826719576719576 0.0339781746031746 0.07671957671957672
111 0.6094990079365079 0.25744047619047616 0.03546626984126984 0.07771164021164022
160 0.1636904761904762 0.6944444444444444 0.0441468253968254 0.10912698412698413
160 0.20225694444444445 0.6979166666666666 0.046378968253968256 0.10085978835978836
304 0.24479166666666666 0.6944444444444444 0.043154761904761904 0.10648148148148148
304 0.2836061507936508 0.69130291005291 0.047371031746031744 0.11011904761904762
304 0.32589285714285715 0.6908068783068783 0.044642857142857144 0.10846560846560846
100 0.37487599206349204 0.687334656084656 0.05133928571428571 0.11078042328042328
100 0.42497519841269843 0.6865079365079365 0.051835317460317464 0.10912698412698413
100 0.4756944444444444 0.6861772486772487 0.050595238095238096 0.10846560846560846
160 0.18812003968253968 0.8321759259259259 0.04092261904761905 0.11474867724867725
171 0.22606646825396826 0.833994708994709 0.03943452380952381 0.1130952380952381
171 0.2604166666666667 0.8447420634920635 0.044642857142857144 0.10813492063492064
100 0.3097718253968254 0.822255291005291 0.03968253968253968 0.11011904761904762
100 0.35553075396825395 0.826223544973545 0.03794642857142857 0.11011904761904762
100 0.38938492063492064 0.8404431216931217 0.03968253968253968 0.11011904761904762
100 0.42819940476190477 0.841931216931217 0.03943452380952381 0.1078042328042328
100 0.46589781746031744 0.8373015873015873 0.03943452380952381 0.1130952380952381
355 0.5866815476190477 0.644510582010582 0.04241071428571429 0.07275132275132275
355 0.5886656746031746 0.7033730158730159 0.04092261904761905 0.0667989417989418
298 0.6304563492063492 0.6875 0.042162698412698416 0.09722222222222222
298 0.6737351190476191 0.6883267195767195 0.04538690476190476 0.09424603174603174
298 0.7182539682539683 0.687334656084656 0.04662698412698413 0.09424603174603174
169 0.7719494047619048 0.6985780423280423 0.053323412698412696 0.06977513227513228
169 0.8198164682539683 0.6975859788359788 0.057787698412698416 0.06779100529100529
