30 0.17220543806646527 0.09796149490373726 0.14501510574018128 0.1755379388448471
30 0.31419939577039274 0.10815402038505097 0.13897280966767372 0.18006795016987542
30 0.4342900302114804 0.13420158550396377 0.1283987915407855 0.15741789354473387
29 0.5626888217522659 0.15175537938844846 0.13746223564954682 0.15175537938844846
29 0.6790030211480362 0.16477916194790487 0.12235649546827794 0.1392978482446206
29 0.7794561933534743 0.18063420158550397 0.1148036253776435 0.1347678369195923
29 0.8731117824773413 0.19479048697621745 0.10876132930513595 0.1291053227633069
130 0.9493957703927492 0.19365798414496035 0.10120845921450151 0.14949037372593432
47 0.9244712990936556 0.37315968289920726 0.08459214501510574 0.08267270668176671
47 0.8602719033232629 0.3708946772366931 0.1163141993957704 0.08267270668176671
108 0.7620845921450151 0.3595696489241223 0.09516616314199396 0.09399773499433749
50 0.6623867069486404 0.347678369195923 0.10120845921450151 0.09739524348810873
50 0.5785498489425982 0.3431483578708947 0.08761329305135952 0.10192525481313704
330 0.48942598187311176 0.3363533408833522 0.1299093655589124 0.10419026047565119
330 0.3821752265861027 0.3272933182332956 0.1148036253776435 0.1087202718006795
223 0.270392749244713 0.3210645526613817 0.1148036253776435 0.1143827859569649
223 0.1646525679758308 0.31370328425821065 0.13897280966767372 0.11778029445073612
34 0.1661631419939577 0.4830124575311438 0.14501510574018128 0.14835787089467722
34 0.30362537764350456 0.48754246885617214 0.13897280966767372 0.14609286523216308
34 0.41842900302114805 0.4898074745186863 0.13293051359516617 0.14156285390713477
187 0.5354984894259819 0.5045300113250283 0.12235649546827794 0.11664779161947905
187 0.6374622356495468 0.5084937712344281 0.1268882175226586 0.11098527746319366
53 0.7439577039274925 0.513590033975085 0.12235649546827794 0.10532276330690826
164 0.9463746223564955 0.5175537938844847 0.10120845921450151 0.10419026047565119
342 0.17371601208459214 0.6625141562853907 0.14803625377643503 0.14269535673839184
342 0.28172205438066467 0.6653454133635334 0.13141993957703926 0.13023782559456398
342 0.39274924471299094 0.6619479048697622 0.1299093655589124 0.12797281993204984
97 0.5173716012084593 0.6619479048697622 0.12537764350453173 0.12117780294450736
97 0.6140483383685801 0.6579841449603624 0.12235649546827794 0.12004530011325028
97 0.7167673716012085 0.6545866364665912 0.11027190332326284 0.11778029445073612
181 0.8104229607250756 0.6517553793884485 0.11027190332326284 0.1143827859569649
181 0.9018126888217523 0.6500566251415628 0.10876132930513595 0.11098527746319366
35 0.952416918429003 0.8210645526613817 0.08610271903323263 0.12004530011325028
205 0.8836858006042296 0.8125707814269536 0.10876132930513595 0.14835787089467722
205 0.7938066465256798 0.8171007927519819 0.1283987915407855 0.15288788221970556
23 0.7016616314199395 0.8329558323895809 0.11329305135951662 0.15741789354473387
23 0.6034743202416919 0.8425821064552661 0.11933534743202417 0.14269535673839184
23 0.5128398791540786 0.8499433748584372 0.11329305135951662 0.15288788221970556
218 0.4025679758308157 0.8465458663646659 0.12537764350453173 0.20045300113250283
218 0.28172205438066467 0.8499433748584372 0.13141993957703926 0.20045300113250283
218 0.14652567975830816 0.8765571913929785 0.1510574018126888 0.18799546998867497
53 0.8466767371601208 0.5147225368063421 0.11027190332326284 0.10079275198187995
