244 0.75575 0.243 0.08 0.06666666666666667
52 0.8515 0.24 0.1005 0.076
52 0.925625 0.243 0.08025 0.07866666666666666
271 0.9725 0.47833333333333333 0.0495 0.154
233 0.86025 0.5261666666666667 0.076 0.06633333333333333
233 0.811375 0.5165 0.05375 0.07233333333333333
250 0.773375 0.5213333333333333 0.04925 0.07066666666666667
250 0.69125 0.5165 0.0665 0.08033333333333334
250 0.63075 0.5135 0.0605 0.07766666666666666
82 0.578 0.5185 0.053 0.07033333333333333
82 0.52725 0.5183333333333333 0.053 0.06933333333333333
109 0.578 0.6365 0.0585 0.09033333333333333
109 0.527125 0.6366666666666667 0.05175 0.092
296 0.649375 0.6091666666666666 0.06975 0.05433333333333333
296 0.65225 0.6571666666666667 0.0685 0.07166666666666667
296 0.705 0.6551666666666667 0.0535 0.06633333333333333
296 0.704 0.6101666666666666 0.0565 0.049666666666666665
349 0.770375 0.6551666666666667 0.06975 0.06633333333333333
349 0.822125 0.657 0.07625 0.06666666666666667
271 0.831875 0.7733333333333333 0.06175 0.06666666666666667
271 0.779125 0.7723333333333333 0.06175 0.06666666666666667
132 0.713625 0.7743333333333333 0.06475 0.06666666666666667
132 0.655125 0.7751666666666667 0.06575 0.06633333333333333
86 0.576125 0.7576666666666667 0.06175 0.06
86 0.512625 0.7508333333333334 0.06175 0.03966666666666667
86 0.512625 0.7791666666666667 0.06175 0.060333333333333336
246 0.446125 0.7488333333333334 0.05975 0.060333333333333336
246 0.383625 0.7538333333333334 0.06175 0.05433333333333333
239 0.913375 0.07366666666666667 0.07875 0.142
131 0.8695 0.09183333333333334 0.0335 0.10233333333333333
188 0.83775 0.09683333333333333 0.045 0.089
307 0.745625 0.09333333333333334 0.03925 0.082
307 0.710875 0.08516666666666667 0.05275 0.09633333333333334
11 0.95625 0.10666666666666667 0.064 0.09
280 0.562125 0.07683333333333334 0.04075 0.08766666666666667
280 0.60275 0.078 0.045 0.08266666666666667
207 0.200125 0.5098333333333334 0.06775 0.073
207 0.264875 0.5123333333333333 0.07125 0.07133333333333333
12 0.331625 0.5118333333333334 0.06825 0.07633333333333334
236 0.390875 0.5126666666666667 0.05675 0.07733333333333334
12 0.394375 0.5123333333333333 0.06475 0.078
131 0.394375 0.479 0.05325 0.011333333333333334
21 0.338875 0.4766666666666667 0.05575 0.006666666666666667
38 0.226875 0.6351666666666667 0.05375 0.113
38 0.256625 0.6238333333333334 0.04125 0.09033333333333333
38 0.2955 0.6256666666666667 0.0455 0.09333333333333334
3 0.36175 0.6576666666666666 0.0725 0.068
3 0.37425 0.6056666666666667 0.061 0.05466666666666667
21 0.415875 0.6136666666666667 0.02025 0.07066666666666667
21 0.4405 0.6226666666666667 0.039 0.08866666666666667
96 0.67675 0.9341666666666667 0.0555 0.079
33 0.738625 0.9221666666666667 0.08575 0.09033333333333333
235 0.80875 0.936 0.073 0.058666666666666666
235 0.815625 0.896 0.06575 0.03866666666666667
243 0.5165 0.9523333333333334 0.109 0.06
208 0.599 0.9206666666666666 0.038 0.043333333333333335
86 0.249875 0.9451666666666667 0.10875 0.060333333333333336
338 0.390875 0.9506666666666667 0.13575 0.07133333333333333
92 0.17175 0.32266666666666666 0.048 0.06533333333333333
92 0.219625 0.32283333333333336 0.05175 0.06566666666666666
345 0.28975 0.3388333333333333 0.043 0.05433333333333333
345 0.33 0.3396666666666667 0.0385 0.052
212 0.370375 0.3456666666666667 0.05075 0.07666666666666666
264 0.2315 0.2 0.0605 0.05733333333333333
265 0.29975 0.211 0.064 0.084
217 0.36125 0.20066666666666666 0.0645 0.07266666666666667
217 0.42625 0.21616666666666667 0.062 0.087
264 0.164625 0.19533333333333333 0.08325 0.08866666666666667
73 0.42775 0.067 0.0705 0.094
204 0.36175 0.0605 0.0645 0.069
204 0.298625 0.058666666666666666 0.06325 0.06133333333333333
157 0.214875 0.05333333333333334 0.07825 0.094
284 0.169 0.08083333333333333 0.052 0.091
355 0.503375 0.07833333333333334 0.06225 0.07933333333333334
188 0.796125 0.08966666666666667 0.06525 0.1
188 0.79575 0.042 0.053 0.07933333333333334
15 0.1755 0.7003333333333334 0.0615 0.12933333333333333
85 0.177375 0.908 0.03125 0.14333333333333334
85 0.113625 0.9106666666666666 0.07925 0.15866666666666668
7 0.074625 0.9055 0.05775 0.171
7 0.022 0.9156666666666666 0.0435 0.16533333333333333
355 0.0295 0.6903333333333334 0.0535 0.16133333333333333
355 0.077375 0.6823333333333333 0.06075 0.15866666666666668
78 0.0445 0.36983333333333335 0.086 0.12766666666666668
315 0.1415 0.3898333333333333 0.0565 0.099
59 0.0875 0.20733333333333334 0.07 0.13333333333333333
186 0.1085 0.07716666666666666 0.046 0.041666666666666664
268 0.034375 0.06683333333333333 0.06575 0.06966666666666667
