73 0.22544642857142858 0.18733465608465608 0.05952380952380952 0.08035714285714286
73 0.28112599206349204 0.18832671957671956 0.06671626984126984 0.08101851851851852
204 0.34164186507936506 0.19113756613756613 0.06076388888888889 0.0787037037037037
204 0.3991815476190476 0.1962632275132275 0.061755952380952384 0.07771164021164022
204 0.34164186507936506 0.12185846560846561 0.0597718253968254 0.06646825396825397
73 0.40066964285714285 0.11458333333333333 0.05580357142857143 0.04398148148148148
157 0.45498511904761907 0.10929232804232804 0.054811507936507936 0.06316137566137567
284 0.5106646825396826 0.12863756613756613 0.05357142857142857 0.07605820105820106
157 0.45771329365079366 0.03720238095238095 0.05580357142857143 0.0744047619047619
284 0.5125248015873016 0.20205026455026456 0.051835317460317464 0.06878306878306878
280 0.5505952380952381 0.21263227513227514 0.029265873015873016 0.06018518518518518
280 0.576140873015873 0.21378968253968253 0.029265873015873016 0.05654761904761905
217 0.6170634920634921 0.3103505291005291 0.050595238095238096 0.06646825396825397
217 0.5673363095238095 0.31630291005291006 0.051835317460317464 0.06845238095238096
265 0.5125248015873016 0.3133267195767196 0.05084325396825397 0.06382275132275132
265 0.4618055555555556 0.3115079365079365 0.051587301587301584 0.06878306878306878
73 0.4071180555555556 0.30952380952380953 0.05282738095238095 0.06878306878306878
264 0.3523065476190476 0.30753968253968256 0.05282738095238095 0.06878306878306878
315 0.16691468253968253 0.32407407407407407 0.060515873015873016 0.09391534391534391
59 0.10925099206349206 0.32407407407407407 0.057787698412698416 0.09259259259259259
59 0.050595238095238096 0.31812169312169314 0.06349206349206349 0.09788359788359788
117 0.049727182539682536 0.4666005291005291 0.06820436507936507 0.09788359788359788
117 0.10627480158730158 0.4675925925925926 0.06820436507936507 0.10119047619047619
355 0.17274305555555555 0.4675925925925926 0.06820436507936507 0.09986772486772487
92 0.2517361111111111 0.5398478835978836 0.04365079365079365 0.05324074074074074
92 0.28893849206349204 0.5398478835978836 0.04563492063492063 0.06448412698412699
212 0.38950892857142855 0.5476190476190477 0.04389880952380952 0.06018518518518518
212 0.42956349206349204 0.5476190476190477 0.036210317460317464 0.06018518518518518
345 0.46564980158730157 0.5428240740740741 0.03695436507936508 0.05654761904761905
345 0.49987599206349204 0.5428240740740741 0.03447420634920635 0.05654761904761905
38 0.6365327380952381 0.5340608465608465 0.03943452380952381 0.08862433862433862
38 0.6932043650793651 0.53505291005291 0.04117063492063492 0.08664021164021164
239 0.8329613095238095 0.22139550264550265 0.045882936507936505 0.08895502645502645
239 0.8602430555555556 0.22453703703703703 0.04290674603174603 0.08664021164021164
239 0.777281746031746 0.2273478835978836 0.03670634920634921 0.06911375661375661
307 0.7420634920634921 0.2273478835978836 0.03670634920634921 0.06911375661375661
307 0.6970486111111112 0.22056878306878308 0.04141865079365079 0.07605820105820106
307 0.662078373015873 0.21858465608465608 0.036458333333333336 0.07605820105820106
52 0.8201884920634921 0.33564814814814814 0.051587301587301584 0.05423280423280423
52 0.7811259920634921 0.33564814814814814 0.045882936507936505 0.05423280423280423
333 0.7945188492063492 0.42162698412698413 0.05233134920634921 0.06944444444444445
333 0.8364335317460317 0.42328042328042326 0.053323412698412696 0.06944444444444445
207 0.5949900793650794 0.6220238095238095 0.05109126984126984 0.05555555555555555
207 0.5948660714285714 0.673941798941799 0.041914682539682536 0.05489417989417989
12 0.6318204365079365 0.6669973544973545 0.03546626984126984 0.056216931216931214
82 0.6732390873015873 0.6261574074074074 0.040426587301587304 0.05720899470899471
82 0.6754712301587301 0.6722883597883598 0.03249007936507937 0.04365079365079365
250 0.7095734126984127 0.623181216931217 0.033234126984126984 0.05720899470899471
250 0.7084573412698413 0.6708002645502645 0.03050595238095238 0.044642857142857144
233 0.7591765873015873 0.6235119047619048 0.04563492063492063 0.05720899470899471
233 0.7898065476190477 0.6646825396825397 0.040426587301587304 0.05423280423280423
233 0.7552083333333334 0.6696428571428571 0.040674603174603176 0.04431216931216931
86 0.5133928571428571 0.7351190476190477 0.05654761904761905 0.042328042328042326
86 0.5726686507936508 0.7463624338624338 0.062003968253968256 0.062169312169312166
86 0.5622519841269841 0.7901785714285714 0.043154761904761904 0.036044973544973546
86 0.5212053571428571 0.7825727513227513 0.03943452380952381 0.05324074074074074
132 0.6622023809523809 0.7428902116402116 0.0496031746031746 0.04728835978835979
132 0.6581101190476191 0.783234126984127 0.03298611111111111 0.040674603174603176
271 0.630828373015873 0.783234126984127 0.027529761904761904 0.040674603174603176
21 0.7026289682539683 0.7711640211640212 0.028769841269841268 0.06944444444444445
21 0.7325148809523809 0.7491732804232805 0.027529761904761904 0.06448412698412699
329 0.28125 0.7709986772486772 0.059027777777777776 0.09821428571428571
329 0.3375496031746032 0.7767857142857143 0.05704365079365079 0.08796296296296297
132 0.3970734126984127 0.7946428571428571 0.05555555555555555 0.03306878306878307
132 0.3888888888888889 0.7448743386243386 0.05952380952380952 0.05257936507936508
132 0.44841269841269843 0.7433862433862434 0.05803571428571429 0.05489417989417989
132 0.45126488095238093 0.7911706349206349 0.05431547619047619 0.040674603174603176
296 0.2795138888888889 0.6587301587301587 0.0496031746031746 0.046957671957671955
109 0.32490079365079366 0.6694775132275133 0.05009920634920635 0.054563492063492064
109 0.37512400793650796 0.6688161375661376 0.051835317460317464 0.055224867724867725
349 0.4254712301587302 0.6663359788359788 0.047867063492063495 0.05357142857142857
349 0.4756944444444444 0.6641865079365079 0.04811507936507937 0.05787037037037037
75 0.024677579365079364 0.6160714285714286 0.048859126984126984 0.10383597883597884
75 0.07688492063492064 0.615244708994709 0.08779761904761904 0.10218253968253968
223 0.1519097222222222 0.6147486772486772 0.056299603174603176 0.10449735449735449
223 0.20250496031746032 0.6135912698412699 0.045882936507936505 0.10218253968253968
164 0.059399801587301584 0.7552910052910053 0.08804563492063493 0.09656084656084656
35 0.12115575396825397 0.7572751322751323 0.05133928571428571 0.09986772486772487
35 0.1715029761904762 0.7605820105820106 0.06324404761904762 0.10714285714285714
243 0.587921626984127 0.8776455026455027 0.09250992063492064 0.05026455026455026
243 0.5901537698412699 0.9123677248677249 0.06820436507936507 0.03835978835978836
246 0.44518849206349204 0.8756613756613757 0.04662698412698413 0.04828042328042328
246 0.39719742063492064 0.8758267195767195 0.05133928571428571 0.04861111111111111
62 0.33023313492063494 0.8955026455026455 0.058779761904761904 0.10582010582010581
109 0.2915426587301587 0.8698743386243386 0.038938492063492064 0.05324074074074074
96 0.6640625 0.896494708994709 0.03943452380952381 0.05092592592592592
208 0.7093253968253969 0.9047619047619048 0.049107142857142856 0.0496031746031746
235 0.7631448412698413 0.8845899470899471 0.059027777777777776 0.0873015873015873
8 0.8565228174603174 0.8809523809523809 0.08209325396825397 0.08134920634920635
