280 0.17509920634920634 0.05505952380952381 0.0916005291005291 0.11011904761904762
280 0.25363756613756616 0.056051587301587304 0.07738095238095238 0.11210317460317461
52 0.5745701058201058 0.09325396825396826 0.09490740740740741 0.07192460317460317
52 0.6628637566137566 0.09536210317460317 0.07308201058201058 0.06473214285714286
333 0.7605820105820106 0.09325396825396826 0.0787037037037037 0.08680555555555555
143 0.859292328042328 0.11495535714285714 0.11011904761904762 0.054811507936507936
82 0.6372354497354498 0.4156746031746032 0.06547619047619048 0.05406746031746032
82 0.5745701058201058 0.42175099206349204 0.06448412698412699 0.0597718253968254
82 0.562334656084656 0.3661954365079365 0.06646825396825397 0.04985119047619048
207 0.4289021164021164 0.3601190476190476 0.0873015873015873 0.059027777777777776
207 0.49867724867724866 0.42398313492063494 0.08068783068783068 0.057291666666666664
207 0.41352513227513227 0.43092757936507936 0.08498677248677249 0.07118055555555555
236 0.3133267195767196 0.37475198412698413 0.11144179894179894 0.07192460317460317
236 0.31415343915343913 0.4444444444444444 0.09391534391534391 0.059027777777777776
236 0.20453042328042328 0.4460565476190476 0.10813492063492064 0.06374007936507936
244 0.08779761904761904 0.4525049603174603 0.12334656084656084 0.06721230158730158
244 0.08498677248677249 0.37686011904761907 0.13095238095238096 0.07118055555555555
236 0.20403439153439154 0.37797619047619047 0.09391534391534391 0.07043650793650794
38 0.07738095238095238 0.5870535714285714 0.0787037037037037 0.10218253968253968
38 0.15112433862433863 0.5830853174603174 0.06878306878306878 0.1056547619047619
21 0.20717592592592593 0.5549355158730159 0.06977513227513228 0.0900297619047619
21 0.3318452380952381 0.5518353174603174 0.06779100529100529 0.10218253968253968
21 0.39715608465608465 0.5445188492063492 0.05886243386243386 0.09895833333333333
39 0.453207671957672 0.5295138888888888 0.044642857142857144 0.09821428571428571
39 0.5072751322751323 0.5307539682539683 0.05026455026455026 0.08928571428571429
39 0.55869708994709 0.525421626984127 0.03935185185185185 0.09499007936507936
66 0.9065806878306878 0.5064484126984127 0.08498677248677249 0.039186507936507936
66 0.8270502645502645 0.4521329365079365 0.08068783068783068 0.030257936507936508
96 0.8488756613756614 0.5829613095238095 0.05886243386243386 0.044890873015873016
96 0.9120370370370371 0.5768849206349206 0.05886243386243386 0.049107142857142856
96 0.9133597883597884 0.6195436507936508 0.056878306878306875 0.03273809523809524
96 0.8533399470899471 0.6254960317460317 0.06117724867724868 0.041666666666666664
235 0.7824074074074074 0.628968253968254 0.0787037037037037 0.08928571428571429
235 0.6970899470899471 0.6375248015873016 0.0873015873015873 0.08506944444444445
271 0.6089616402116402 0.6166914682539683 0.06977513227513228 0.0597718253968254
271 0.6175595238095238 0.6690228174603174 0.06117724867724868 0.04836309523809524
271 0.5438161375661376 0.6809275793650794 0.08167989417989419 0.045882936507936505
271 0.5319113756613757 0.626984126984127 0.06646825396825397 0.059027777777777776
349 0.45601851851851855 0.6403769841269841 0.0873015873015873 0.053075396825396824
349 0.4718915343915344 0.7046130952380952 0.07539682539682539 0.059027777777777776
349 0.3819444444444444 0.7098214285714286 0.0873015873015873 0.05654761904761905
349 0.36755952380952384 0.6452132936507936 0.08498677248677249 0.0662202380952381
152 0.279265873015873 0.7008928571428571 0.08498677248677249 0.06944444444444445
152 0.20502645502645503 0.7457837301587301 0.0958994708994709 0.06299603174603174
86 0.07688492063492064 0.7601686507936508 0.13194444444444445 0.07043650793650794
338 0.07357804232804233 0.878844246031746 0.13855820105820105 0.10143849206349206
246 0.21329365079365079 0.8785962301587301 0.12103174603174603 0.07614087301587301
246 0.3134920634920635 0.8343253968253969 0.09259259259259259 0.06944444444444445
246 0.4333664021164021 0.8498263888888888 0.10482804232804233 0.07762896825396826
132 0.5041335978835979 0.7782738095238095 0.06779100529100529 0.05406746031746032
132 0.6192129629629629 0.7979910714285714 0.0882936507936508 0.06721230158730158
208 0.7027116402116402 0.7811259920634921 0.056878306878306875 0.0662202380952381
208 0.7582671957671958 0.7655009920634921 0.056878306878306875 0.07762896825396826
208 0.7870370370370371 0.7160218253968254 0.07738095238095238 0.09176587301587301
33 0.871031746031746 0.7025049603174603 0.07076719576719577 0.08258928571428571
