206 0.11275 0.08333333333333333 0.0845 0.10133333333333333
206 0.16125 0.08133333333333333 0.0705 0.09733333333333333
142 0.222 0.08133333333333333 0.07 0.08533333333333333
222 0.3195 0.08133333333333333 0.053 0.076
222 0.3675 0.07266666666666667 0.064 0.09466666666666666
325 0.4155 0.06666666666666667 0.05 0.10666666666666667
325 0.4575 0.06366666666666666 0.05 0.10466666666666667
182 0.50025 0.062 0.0495 0.10933333333333334
182 0.54425 0.058 0.0545 0.116
146 0.58825 0.058333333333333334 0.0475 0.10333333333333333
325 0.6225 0.055 0.042 0.10466666666666667
111 0.6625 0.057 0.052 0.09666666666666666
111 0.7065 0.05333333333333334 0.052 0.09733333333333333
106 0.7445 0.052 0.048 0.09733333333333333
137 0.7795 0.057 0.045 0.082
137 0.81275 0.05633333333333333 0.0435 0.078
89 0.87925 0.227 0.0705 0.06866666666666667
89 0.8285 0.23266666666666666 0.053 0.06666666666666667
46 0.75025 0.19933333333333333 0.0945 0.058666666666666666
81 0.75325 0.24466666666666667 0.0975 0.058666666666666666
355 0.685 0.24666666666666667 0.085 0.05733333333333333
355 0.634 0.23566666666666666 0.053 0.082
352 0.593 0.23366666666666666 0.05 0.09
334 0.551 0.235 0.053 0.09
177 0.507 0.23666666666666666 0.05 0.08666666666666667
340 0.32075 0.227 0.0715 0.13133333333333333
340 0.25725 0.225 0.0755 0.142
341 0.19275 0.228 0.0815 0.14266666666666666
341 0.13425 0.23366666666666666 0.0755 0.142
171 0.2415 0.387 0.064 0.13266666666666665
171 0.29425 0.3893333333333333 0.0555 0.12
141 0.33925 0.38133333333333336 0.0585 0.128
141 0.387 0.38433333333333336 0.056 0.118
63 0.432 0.38433333333333336 0.056 0.118
63 0.47975 0.37766666666666665 0.0555 0.12066666666666667
174 0.53825 0.3606666666666667 0.0695 0.05466666666666667
174 0.53825 0.4076666666666667 0.0755 0.056666666666666664
174 0.60775 0.4026666666666667 0.0735 0.064
173 0.65275 0.357 0.0665 0.054
173 0.688 0.40066666666666667 0.08 0.058666666666666666
309 0.76 0.397 0.085 0.056666666666666664
309 0.76 0.356 0.077 0.058666666666666666
297 0.843 0.35 0.091 0.058666666666666666
297 0.843 0.3913333333333333 0.085 0.058666666666666666
122 0.77375 0.5033333333333333 0.0685 0.05733333333333333
122 0.77775 0.5416666666666666 0.0765 0.05
37 0.721 0.523 0.046 0.074
37 0.687 0.523 0.05 0.07533333333333334
32 0.5675 0.5306666666666666 0.055 0.08933333333333333
32 0.52375 0.5306666666666666 0.0525 0.08933333333333333
198 0.467 0.5396666666666666 0.068 0.08733333333333333
272 0.4105 0.5286666666666666 0.057 0.11866666666666667
272 0.35675 0.525 0.0605 0.126
219 0.309 0.529 0.064 0.126
219 0.26225 0.5326666666666666 0.0605 0.12666666666666668
151 0.183 0.5373333333333333 0.064 0.12666666666666668
151 0.226 0.5393333333333333 0.051 0.112
100 0.345 0.6526666666666666 0.053 0.08933333333333333
100 0.39 0.65 0.056 0.09733333333333333
100 0.43575 0.6576666666666666 0.0635 0.118
169 0.50325 0.6793333333333333 0.0655 0.104
266 0.54925 0.6666666666666666 0.0505 0.104
266 0.59025 0.6663333333333333 0.0505 0.09
266 0.63025 0.6576666666666666 0.0495 0.10066666666666667
266 0.67525 0.654 0.0555 0.10933333333333334
56 0.73075 0.6536666666666666 0.0635 0.11
56 0.76575 0.651 0.0425 0.098
56 0.81275 0.6596666666666666 0.0525 0.082
56 0.85975 0.6613333333333333 0.0565 0.08266666666666667
298 0.90375 0.7746666666666666 0.0575 0.10666666666666667
298 0.85175 0.7746666666666666 0.0635 0.10933333333333334
298 0.805 0.7736666666666666 0.05 0.10466666666666667
298 0.767 0.778 0.058 0.10933333333333334
282 0.721 0.7836666666666666 0.075 0.102
282 0.6585 0.7736666666666666 0.076 0.10466666666666667
282 0.60875 0.7893333333333333 0.0755 0.09866666666666667
58 0.4655 0.7826666666666666 0.038 0.11466666666666667
100 0.42625 0.7866666666666666 0.0505 0.11866666666666667
100 0.385 0.7913333333333333 0.051 0.112
100 0.345 0.7936666666666666 0.053 0.114
171 0.295 0.793 0.053 0.12066666666666667
171 0.22 0.7973333333333333 0.051 0.112
171 0.18 0.7973333333333333 0.05 0.10933333333333334
40 0.186 0.9263333333333333 0.053 0.14733333333333334
40 0.34025 0.932 0.0415 0.136
40 0.37825 0.938 0.0605 0.124
40 0.4145 0.9163333333333333 0.045 0.10733333333333334
40 0.4495 0.9223333333333333 0.063 0.126
40 0.22775 0.9293333333333333 0.0565 0.14133333333333334
40 0.266 0.9293333333333333 0.053 0.14133333333333334
40 0.301 0.931 0.052 0.138
100 0.2595 0.6673333333333333 0.057 0.104
100 0.18175 0.6643333333333333 0.0715 0.10066666666666667
238 0.84825 0.502 0.0765 0.05466666666666667
238 0.8495 0.5416666666666666 0.063 0.04066666666666666
304 0.16375 0.38766666666666666 0.0575 0.12733333333333333
304 0.2025 0.38766666666666666 0.036 0.122
189 0.632 0.5036666666666667 0.068 0.05266666666666667
189 0.63175 0.547 0.0675 0.04733333333333333
