61 0.04064771976206213 0.12948960302457466 0.08129543952412426 0.14177693761814744
260 0.11103767349636484 0.1323251417769376 0.08856576338400529 0.14366729678638943
315 0.18836748182419036 0.13137996219281664 0.08327825512227363 0.14177693761814744
201 0.25545274289491077 0.11720226843100189 0.08526107072042301 0.16446124763705103
201 0.32650363516192993 0.12429111531190926 0.08327825512227363 0.15217391304347827
261 0.4028420356906808 0.12287334593572778 0.08261731658955718 0.14933837429111532
214 0.47620621282220754 0.10775047258979206 0.08526107072042301 0.17391304347826086
35 0.5614672835426305 0.0949905482041588 0.10773298083278256 0.1899810964083176
218 0.8661599471249174 0.08459357277882798 0.14342366159947126 0.16918714555765596
218 0.9590218109715797 0.08412098298676748 0.08195637805684071 0.16824196597353497
29 0.702247191011236 0.3794896030245747 0.12623925974884337 0.22400756143667297
23 0.5872438863185724 0.3846880907372401 0.1116986120290813 0.21550094517958412
148 0.48777263714474556 0.4064272211720227 0.08592200925313946 0.17580340264650285
164 0.3638466622604098 0.40264650283553877 0.10905485789821547 0.1947069943289225
108 0.17680105750165234 0.41257088846880907 0.0760079312623926 0.17107750472589792
108 0.09814937210839392 0.4120982986767486 0.08922670191672175 0.17391304347826086
97 0.39226701916721746 0.6365784499054821 0.1116986120290813 0.2051039697542533
194 0.48810310641110377 0.6323251417769377 0.09054857898215465 0.21550094517958412
75 0.5753469927296762 0.6280718336483931 0.09187045604758758 0.22022684310018903
30 0.6685393258426966 0.6271266540642723 0.11830799735624586 0.22400756143667297
53 0.8093192333113021 0.6450850661625709 0.11830799735624586 0.1786389413988658
53 0.9035029742233972 0.6422495274102079 0.09781890284203569 0.18620037807183365
330 0.5654329147389293 0.8950850661625709 0.09847984137475214 0.17580340264650285
15 0.6467283542630535 0.8360113421550095 0.08261731658955718 0.1332703213610586
15 0.7151354923992069 0.8402646502835539 0.07534699272967614 0.0888468809073724
50 0.48413747521480505 0.8799621928166351 0.08790482485128882 0.1776937618147448
50 0.38565763384005286 0.8846880907372401 0.09187045604758758 0.17580340264650285
268 0.7699933906146729 0.07608695652173914 0.06080634500991408 0.08790170132325142
268 0.7663582286847324 0.14177693761814744 0.06014540647719762 0.07183364839319471
181 0.11235955056179775 0.6379962192816635 0.1163251817580965 0.20793950850661624
181 0.20588235294117646 0.6375236294896031 0.10905485789821547 0.2051039697542533
97 0.30138797091870456 0.6356332703213611 0.11235955056179775 0.20888468809073724
305 0.12161269001982816 0.9097353497164461 0.07931262392597488 0.1332703213610586
305 0.1834104428288169 0.9087901701323251 0.07336417713152676 0.13705103969754254
78 0.2488433575677462 0.9078449905482041 0.0760079312623926 0.13705103969754254
117 0.31163251817580967 0.9073724007561437 0.07468605419695969 0.13610586011342155
130 0.7937871777924653 0.8804347826086957 0.10310641110376735 0.1956521739130435
130 0.8866490416391276 0.8799621928166351 0.10112359550561797 0.19659735349716445
116 0.7534699272967614 0.3738185255198488 0.014540647719762063 0.21266540642722118
34 0.8172504957038995 0.3620037807183365 0.1209517514871117 0.23440453686200377
34 0.9266358228684732 0.3558601134215501 0.12954395241242564 0.2391304347826087
