268 0.5458002645502645 0.35305059523809523 0.09556878306878307 0.05927579365079365
268 0.5459656084656085 0.3022073412698413 0.09126984126984126 0.07118055555555555
201 0.841765873015873 0.6049107142857143 0.09490740740740741 0.09573412698412699
201 0.7557870370370371 0.6127232142857143 0.10152116402116403 0.09598214285714286
260 0.6678240740740741 0.6293402777777778 0.103505291005291 0.10887896825396826
260 0.5720899470899471 0.6449652777777778 0.11243386243386243 0.1232638888888889
61 0.4677579365079365 0.6459573412698413 0.11541005291005291 0.10689484126984126
61 0.3611111111111111 0.6595982142857143 0.12169312169312169 0.11135912698412699
261 0.2490079365079365 0.6703869047619048 0.13095238095238096 0.11507936507936507
261 0.12003968253968254 0.6899801587301587 0.14947089947089948 0.11160714285714286
342 0.7862103174603174 0.10553075396825397 0.1822089947089947 0.2095734126984127
194 0.9343584656084656 0.11743551587301587 0.13128306878306878 0.19171626984126985
15 0.7516534391534392 0.30766369047619047 0.11177248677248677 0.13764880952380953
108 0.8627645502645502 0.30493551587301587 0.14285714285714285 0.13268849206349206
305 0.6440145502645502 0.47705853174603174 0.12334656084656084 0.13467261904761904
117 0.7428902116402116 0.46763392857142855 0.1306216931216931 0.13566468253968253
78 0.8543320105820106 0.45808531746031744 0.1306216931216931 0.13640873015873015
53 0.9497354497354498 0.5636160714285714 0.10052910052910052 0.14756944444444445
34 0.9427910052910053 0.7373511904761905 0.11441798941798942 0.17113095238095238
218 0.9297288359788359 0.9304315476190477 0.14054232804232805 0.13913690476190477
315 0.29381613756613756 0.5064484126984127 0.13723544973544974 0.13392857142857142
22 0.4146825396825397 0.4962797619047619 0.12103174603174603 0.1284722222222222
22 0.5223214285714286 0.4928075396825397 0.11011904761904762 0.11458333333333333
97 0.5777116402116402 0.48251488095238093 0.011904761904761904 0.11631944444444445
