270 0.11805555555555555 0.25281084656084657 0.07738095238095238 0.12003968253968254
270 0.19717261904761904 0.26157407407407407 0.060515873015873016 0.09986772486772487
239 0.22743055555555555 0.2693452380952381 0.037698412698412696 0.08035714285714286
239 0.26252480158730157 0.2791005291005291 0.029017857142857144 0.062169312169312166
239 0.28893849206349204 0.2810846560846561 0.028769841269841268 0.06018518518518518
280 0.4304315476190476 0.2838955026455027 0.024553571428571428 0.05324074074074074
280 0.45783730158730157 0.28505291005291006 0.02628968253968254 0.05423280423280423
280 0.48722718253968256 0.28505291005291006 0.029017857142857144 0.05555555555555555
52 0.5780009920634921 0.24090608465608465 0.051835317460317464 0.06382275132275132
52 0.5868055555555556 0.28290343915343913 0.056051587301587304 0.05654761904761905
244 0.6248759920634921 0.28505291005291006 0.053323412698412696 0.051587301587301584
207 0.6990327380952381 0.4538690476190476 0.051835317460317464 0.05125661375661376
12 0.6551339285714286 0.4538690476190476 0.045882936507936505 0.05125661375661376
12 0.6052827380952381 0.45105820105820105 0.045882936507936505 0.04828042328042328
12 0.5623759920634921 0.44907407407407407 0.03993055555555555 0.05291005291005291
70 0.5203373015873016 0.44130291005291006 0.03968253968253968 0.05654761904761905
70 0.48139880952380953 0.4393187830687831 0.039186507936507936 0.05654761904761905
228 0.44320436507936506 0.4383267195767196 0.03968253968253968 0.05654761904761905
228 0.40327380952380953 0.4373346560846561 0.03968253968253968 0.05654761904761905
73 0.34759424603174605 0.44031084656084657 0.03844246031746032 0.04927248677248677
73 0.31237599206349204 0.44031084656084657 0.0339781746031746 0.04927248677248677
73 0.27232142857142855 0.4393187830687831 0.04017857142857143 0.04927248677248677
73 0.22358630952380953 0.4373346560846561 0.036458333333333336 0.04861111111111111
284 0.18340773809523808 0.4353505291005291 0.036458333333333336 0.04927248677248677
284 0.14149305555555555 0.4353505291005291 0.0339781746031746 0.04728835978835979
284 0.10726686507936507 0.4353505291005291 0.031001984126984128 0.045965608465608467
265 0.11160714285714286 0.36408730158730157 0.03819444444444445 0.04563492063492063
157 0.1619543650793651 0.3644179894179894 0.037698412698412696 0.04563492063492063
157 0.19952876984126985 0.3645833333333333 0.033482142857142856 0.04662698412698413
217 0.23883928571428573 0.3644179894179894 0.03869047619047619 0.04894179894179894
217 0.275421626984127 0.3662367724867725 0.03249007936507937 0.04662698412698413
217 0.30853174603174605 0.36590608465608465 0.03670634920634921 0.04794973544973545
217 0.34486607142857145 0.367228835978836 0.035962301587301584 0.04927248677248677
204 0.3838045634920635 0.36772486772486773 0.037450396825396824 0.0496031746031746
204 0.4246031746031746 0.36772486772486773 0.037698412698412696 0.0496031746031746
204 0.4615575396825397 0.36772486772486773 0.037698412698412696 0.051587301587301584
204 0.4983878968253968 0.3683862433862434 0.037450396825396824 0.051587301587301584
264 0.5381944444444444 0.36921296296296297 0.037698412698412696 0.049933862433862435
92 0.5637400793650794 0.5239748677248677 0.026785714285714284 0.04662698412698413
92 0.5935019841269841 0.5201719576719577 0.027281746031746032 0.03968253968253968
92 0.6216517857142857 0.5213293650793651 0.030009920634920636 0.03935185185185185
92 0.6551339285714286 0.5251322751322751 0.036458333333333336 0.05291005291005291
303 0.6834077380952381 0.5289351851851852 0.026041666666666668 0.04662698412698413
303 0.7096974206349206 0.529265873015873 0.03149801587301587 0.04927248677248677
303 0.7423115079365079 0.5315806878306878 0.033234126984126984 0.04794973544973545
333 0.7884424603174603 0.2837301587301587 0.05009920634920635 0.06415343915343916
333 0.8333333333333334 0.28406084656084657 0.051587301587301584 0.06547619047619048
333 0.8774801587301587 0.2847222222222222 0.046130952380952384 0.06547619047619048
207 0.7478918650793651 0.4566798941798942 0.046875 0.04828042328042328
236 0.7946428571428571 0.4580026455026455 0.04513888888888889 0.04828042328042328
236 0.8407738095238095 0.4603174603174603 0.052083333333333336 0.04828042328042328
233 0.8095238095238095 0.6828703703703703 0.039186507936507936 0.05952380952380952
233 0.7702132936507936 0.6800595238095238 0.038938492063492064 0.05787037037037037
250 0.7366071428571429 0.6779100529100529 0.03373015873015873 0.057539682539682536
250 0.7005208333333334 0.6769179894179894 0.041914682539682536 0.05357142857142857
250 0.6981646825396826 0.6435185185185185 0.033234126984126984 0.041666666666666664
250 0.7269345238095238 0.6365740740740741 0.025297619047619048 0.023809523809523808
82 0.6662946428571429 0.6744378306878307 0.03249007936507937 0.0539021164021164
82 0.6361607142857143 0.6727843915343915 0.033234126984126984 0.05257936507936508
39 0.3947172619047619 0.644510582010582 0.029513888888888888 0.07473544973544974
39 0.4167906746031746 0.6473214285714286 0.016617063492063492 0.07175925925925926
39 0.4361359126984127 0.6504629629629629 0.028521825396825396 0.07671957671957672
243 0.4972718253968254 0.6643518518518519 0.07886904761904762 0.051587301587301584
243 0.5004960317460317 0.6271494708994709 0.07390873015873016 0.03207671957671958
243 0.5772569444444444 0.6319444444444444 0.07713293650793651 0.03439153439153439
243 0.5772569444444444 0.6666666666666666 0.08060515873015874 0.052248677248677246
143 0.5270337301587301 0.5844907407407407 0.06646825396825397 0.04133597883597884
143 0.5931299603174603 0.5887896825396826 0.06473214285714286 0.0419973544973545
212 0.3942212301587302 0.5143849206349206 0.024057539682539684 0.03207671957671958
92 0.4193948412698413 0.5140542328042328 0.028769841269841268 0.035383597883597885
303 0.4494047619047619 0.5128968253968254 0.030753968253968252 0.03902116402116402
303 0.47631448412698413 0.5127314814814815 0.021577380952380952 0.040674603174603176
212 0.42931547619047616 0.5702711640211641 0.025793650793650792 0.036044973544973546
345 0.4554811507936508 0.5737433862433863 0.027529761904761904 0.03373015873015873
21 0.33878968253968256 0.6440145502645502 0.03869047619047619 0.06977513227513228
21 0.3165922619047619 0.640542328042328 0.029017857142857144 0.07275132275132275
3 0.28112599206349204 0.6213624338624338 0.053323412698412696 0.03439153439153439
3 0.2818700396825397 0.6463293650793651 0.04985119047619048 0.03009259259259259
3 0.28249007936507936 0.6625330687830688 0.050595238095238096 0.03273809523809524
3 0.23821924603174602 0.6598875661375662 0.04389880952380952 0.0248015873015873
3 0.23759920634920634 0.6420304232804233 0.03869047619047619 0.026124338624338623
3 0.23561507936507936 0.6190476190476191 0.039186507936507936 0.03439153439153439
38 0.20734126984126985 0.6311177248677249 0.028273809523809524 0.07175925925925926
38 0.1769593253968254 0.6355820105820106 0.03993055555555555 0.07738095238095238
38 0.15327380952380953 0.6312830687830688 0.033234126984126984 0.0701058201058201
38 0.13653273809523808 0.6294642857142857 0.021081349206349208 0.07043650793650794
329 0.15438988095238096 0.7223875661375662 0.047371031746031744 0.06183862433862434
329 0.19605654761904762 0.7228835978835979 0.048859126984126984 0.06812169312169312
86 0.24094742063492064 0.7367724867724867 0.054811507936507936 0.0496031746031746
86 0.3003472222222222 0.7218915343915344 0.043154761904761904 0.037037037037037035
152 0.3263888888888889 0.7458664021164021 0.040674603174603176 0.05191798941798942
152 0.3603670634920635 0.7473544973544973 0.03670634920634921 0.0496031746031746
349 0.48040674603174605 0.7562830687830688 0.03869047619047619 0.047619047619047616
349 0.5203373015873016 0.7584325396825397 0.040674603174603176 0.045304232804232805
349 0.5596478174603174 0.763723544973545 0.038938492063492064 0.049933862433862435
296 0.6023065476190477 0.7660383597883598 0.03993055555555555 0.049933862433862435
296 0.6431051587301587 0.7688492063492064 0.04365079365079365 0.05092592592592592
109 0.7235863095238095 0.7662037037037037 0.04538690476190476 0.04497354497354497
109 0.6843998015873016 0.753968253968254 0.036458333333333336 0.04894179894179894
8 0.7855902777777778 0.7862103174603174 0.05381944444444445 0.04133597883597884
8 0.7895585317460317 0.7495039682539683 0.057291666666666664 0.03935185185185185
33 0.7435515873015873 0.8816137566137566 0.06646825396825397 0.0992063492063492
33 0.7859623015873016 0.8650793650793651 0.052083333333333336 0.08267195767195767
208 0.5709325396825397 0.8381283068783069 0.040674603174603176 0.05257936507936508
208 0.5270337301587301 0.8764880952380952 0.039186507936507936 0.05191798941798942
131 0.5500992063492064 0.8781415343915344 0.010416666666666666 0.04861111111111111
235 0.6154513888888888 0.8568121693121693 0.053323412698412696 0.06481481481481481
62 0.1796875 0.8167989417989417 0.04290674603174603 0.09457671957671958
62 0.13330853174603174 0.8187830687830688 0.05282738095238095 0.0787037037037037
246 0.3074156746031746 0.841765873015873 0.035962301587301584 0.04794973544973545
338 0.34759424603174605 0.8171296296296297 0.051835317460317464 0.05357142857142857
246 0.34226190476190477 0.8541666666666666 0.034722222222222224 0.026455026455026454
188 0.3160962301587302 0.23065476190476192 0.03050595238095238 0.0744047619047619
188 0.3177083333333333 0.2857142857142857 0.030257936507936508 0.052248677248677246
188 0.3447420634920635 0.28604497354497355 0.027281746031746032 0.051587301587301584
307 0.3715277777777778 0.28604497354497355 0.027777777777777776 0.051587301587301584
307 0.3990575396825397 0.2843915343915344 0.028273809523809524 0.05489417989417989
307 0.40228174603174605 0.24454365079365079 0.028769841269841268 0.06646825396825397
96 0.48313492063492064 0.8705357142857143 0.036210317460317464 0.05720899470899471
132 0.4410962301587302 0.859457671957672 0.047867063492063495 0.041666666666666664
132 0.40141369047619047 0.8308531746031746 0.044890873015873016 0.03670634920634921
208 0.5684523809523809 0.8859126984126984 0.03521825396825397 0.0496031746031746
73 0.24553571428571427 0.44113756613756616 0.028769841269841268 0.05886243386243386
231 0.837921626984127 0.5380291005291006 0.03943452380952381 0.0582010582010582
