62 0.18737599206349206 0.7838955026455027 0.045882936507936505 0.07308201058201058
62 0.2312748015873016 0.7840608465608465 0.04935515873015873 0.07605820105820106
338 0.2907986111111111 0.7908399470899471 0.06969246031746032 0.04927248677248677
338 0.29675099206349204 0.7508267195767195 0.08159722222222222 0.04265873015873016
246 0.3699156746031746 0.7490079365079365 0.045882936507936505 0.041666666666666664
338 0.3706597222222222 0.7926587301587301 0.045882936507936505 0.03439153439153439
246 0.40414186507936506 0.7450396825396826 0.03844246031746032 0.03439153439153439
132 0.44320436507936506 0.749834656084656 0.04265873015873016 0.03670634920634921
132 0.4461805555555556 0.7926587301587301 0.04563492063492063 0.041666666666666664
132 0.4871031746031746 0.7508267195767195 0.03720238095238095 0.03670634920634921
132 0.4871031746031746 0.7958002645502645 0.03720238095238095 0.03670634920634921
235 0.605406746031746 0.7769510582010583 0.03968253968253968 0.05787037037037037
235 0.6463293650793651 0.7769510582010583 0.04265873015873016 0.05787037037037037
33 0.693328373015873 0.78505291005291 0.045882936507936505 0.03968253968253968
33 0.7362351190476191 0.7838955026455027 0.045882936507936505 0.03736772486772487
33 0.7420634920634921 0.7361111111111112 0.051587301587301584 0.03902116402116402
33 0.7020089285714286 0.7361111111111112 0.045882936507936505 0.041666666666666664
271 0.6591021825396826 0.6813822751322751 0.03993055555555555 0.03670634920634921
271 0.6122271825396826 0.6833664021164021 0.03546626984126984 0.03406084656084656
271 0.613219246031746 0.6511243386243386 0.03546626984126984 0.03439153439153439
271 0.6453373015873016 0.6483134920634921 0.027281746031746032 0.03406084656084656
271 0.6717509920634921 0.6483134920634921 0.03447420634920635 0.03406084656084656
96 0.7078373015873016 0.6502976190476191 0.03422619047619048 0.03406084656084656
96 0.7400793650793651 0.6483134920634921 0.030257936507936508 0.03406084656084656
96 0.7420634920634921 0.6843584656084656 0.03422619047619048 0.03406084656084656
96 0.7068452380952381 0.6815476190476191 0.03422619047619048 0.03439153439153439
271 0.6727430555555556 0.6803902116402116 0.03695436507936508 0.0333994708994709
233 0.7020089285714286 0.4988425925925926 0.03993055555555555 0.059854497354497355
233 0.6726190476190477 0.5114087301587301 0.03422619047619048 0.03736772486772487
233 0.6405009920634921 0.5133928571428571 0.03993055555555555 0.03736772486772487
233 0.6405009920634921 0.4783399470899471 0.03447420634920635 0.03935185185185185
233 0.6746031746031746 0.4773478835978836 0.032242063492063495 0.03935185185185185
217 0.2095734126984127 0.2622354497354497 0.02976190476190476 0.028439153439153438
217 0.20721726190476192 0.3073743386243386 0.033482142857142856 0.0333994708994709
284 0.1697668650793651 0.26686507936507936 0.03794642857142857 0.04828042328042328
284 0.1392609126984127 0.2671957671957672 0.031994047619047616 0.046957671957671955
284 0.13764880952380953 0.31200396825396826 0.039186507936507936 0.04398148148148148
284 0.17274305555555555 0.3073743386243386 0.03447420634920635 0.0333994708994709
157 0.24330357142857142 0.31183862433862436 0.03373015873015873 0.041666666666666664
239 0.3160962301587302 0.25363756613756616 0.024057539682539684 0.04828042328042328
239 0.29836309523809523 0.25578703703703703 0.01636904761904762 0.04332010582010582
239 0.3165922619047619 0.30340608465608465 0.025049603174603176 0.05720899470899471
239 0.2952628968253968 0.30257936507936506 0.023561507936507936 0.05886243386243386
239 0.2734375 0.30340608465608465 0.026041666666666668 0.05720899470899471
188 0.3423859126984127 0.3093584656084656 0.020089285714285716 0.04662698412698413
188 0.36247519841269843 0.3083664021164021 0.023065476190476192 0.04794973544973545
307 0.3852926587301587 0.3080357142857143 0.024553571428571428 0.045965608465608467
307 0.40835813492063494 0.30787037037037035 0.023561507936507936 0.04497354497354497
307 0.42757936507936506 0.3093584656084656 0.017857142857142856 0.0419973544973545
307 0.42745535714285715 0.2628968253968254 0.018105158730158732 0.05357142857142857
307 0.4076140873015873 0.26091269841269843 0.024553571428571428 0.0582010582010582
307 0.38467261904761907 0.25892857142857145 0.024305555555555556 0.05555555555555555
188 0.3627232142857143 0.259755291005291 0.023561507936507936 0.055224867724867725
188 0.34337797619047616 0.26587301587301587 0.018105158730158732 0.042328042328042326
280 0.4496527777777778 0.26008597883597884 0.01984126984126984 0.04728835978835979
280 0.4696180555555556 0.2554563492063492 0.0220734126984127 0.05588624338624339
280 0.4911954365079365 0.2552910052910053 0.02058531746031746 0.056878306878306875
280 0.49193948412698413 0.3058862433862434 0.019097222222222224 0.046296296296296294
280 0.4723462301587302 0.30522486772486773 0.021577380952380952 0.04894179894179894
280 0.45126488095238093 0.3055555555555556 0.021577380952380952 0.046957671957671955
244 0.5243055555555556 0.26851851851851855 0.037698412698412696 0.046957671957671955
244 0.5236855158730159 0.3103505291005291 0.03794642857142857 0.03802910052910053
52 0.5637400793650794 0.2662037037037037 0.03819444444444445 0.0496031746031746
52 0.5631200396825397 0.3090277777777778 0.037450396825396824 0.03935185185185185
52 0.5993303571428571 0.2663690476190476 0.03695436507936508 0.04728835978835979
52 0.5993303571428571 0.3090277777777778 0.036458333333333336 0.03935185185185185
333 0.636780753968254 0.3037367724867725 0.03149801587301587 0.050595238095238096
143 0.6778273809523809 0.28406084656084657 0.05505952380952381 0.031084656084656083
143 0.6821676587301587 0.3133267195767196 0.05530753968253968 0.028108465608465607
11 0.7199900793650794 0.28505291005291006 0.033234126984126984 0.08333333333333333
11 0.7575644841269841 0.2824074074074074 0.046378968253968256 0.08796296296296297
250 0.5326140873015873 0.48214285714285715 0.026041666666666668 0.037698412698412696
250 0.5331101190476191 0.5162037037037037 0.023065476190476192 0.031746031746031744
250 0.5565476190476191 0.47767857142857145 0.021825396825396824 0.034722222222222224
250 0.5602678571428571 0.5138888888888888 0.026785714285714284 0.04034391534391534
250 0.574156746031746 0.478505291005291 0.03273809523809524 0.03835978835978836
250 0.5817212301587301 0.5145502645502645 0.018105158730158732 0.03835978835978836
250 0.6030505952380952 0.47767857142857145 0.028521825396825396 0.03935185185185185
250 0.6030505952380952 0.5140542328042328 0.02554563492063492 0.03736772486772487
207 0.4367559523809524 0.4773478835978836 0.03373015873015873 0.04133597883597884
207 0.4728422619047619 0.47668650793650796 0.036458333333333336 0.03670634920634921
236 0.5045882936507936 0.48726851851851855 0.03249007936507937 0.023478835978835978
236 0.5045882936507936 0.515542328042328 0.0339781746031746 0.03505291005291005
207 0.4712301587301587 0.513723544973545 0.033234126984126984 0.04133597883597884
207 0.4367559523809524 0.5153769841269841 0.03571428571428571 0.03869047619047619
12 0.4021577380952381 0.5153769841269841 0.03447420634920635 0.03935185185185185
12 0.36842757936507936 0.5166997354497355 0.028521825396825396 0.03736772486772487
243 0.18663194444444445 0.49189814814814814 0.08754960317460317 0.040013227513227514
243 0.18725198412698413 0.5243055555555556 0.0744047619047619 0.03141534391534392
0 0.23499503968253968 0.5165343915343915 0.024553571428571428 0.04298941798941799
0 0.2562003968253968 0.5152116402116402 0.01984126984126984 0.04497354497354497
82 0.28137400793650796 0.4852843915343915 0.03050595238095238 0.03869047619047619
82 0.2845982142857143 0.5201719576719577 0.030009920634920636 0.03439153439153439
82 0.31547619047619047 0.48462301587301587 0.0248015873015873 0.03736772486772487
82 0.31237599206349204 0.5198412698412699 0.026041666666666668 0.03439153439153439
82 0.33705357142857145 0.5190145502645502 0.02628968253968254 0.035383597883597885
82 0.3410218253968254 0.48412698412698413 0.02628968253968254 0.037698412698412696
265 0.1449652777777778 0.3741732804232804 0.04141865079365079 0.04794973544973545
265 0.15042162698412698 0.4138558201058201 0.03447420634920635 0.03207671957671958
204 0.24925595238095238 0.4181547619047619 0.031746031746031744 0.040013227513227514
204 0.27827380952380953 0.41782407407407407 0.02976190476190476 0.040013227513227514
264 0.30853174603174605 0.4169973544973545 0.029265873015873016 0.041666666666666664
204 0.24627976190476192 0.37367724867724866 0.030753968253968252 0.04365079365079365
204 0.27566964285714285 0.37351190476190477 0.03249007936507937 0.044642857142857144
264 0.30865575396825395 0.3725198412698413 0.031994047619047616 0.045965608465608467
38 0.4789186507936508 0.5877976190476191 0.020833333333333332 0.06117724867724868
38 0.49987599206349204 0.5887896825396826 0.023065476190476192 0.05787037037037037
38 0.5192212301587301 0.5882936507936508 0.024553571428571428 0.05886243386243386
38 0.5414186507936508 0.5873015873015873 0.023809523809523808 0.05952380952380952
38 0.5625 0.5864748677248677 0.022817460317460316 0.06382275132275132
3 0.5985863095238095 0.5565476190476191 0.03993055555555555 0.023148148148148147
3 0.6004464285714286 0.5763888888888888 0.043154761904761904 0.021825396825396824
3 0.5989583333333334 0.5906084656084656 0.04017857142857143 0.023148148148148147
3 0.5987103174603174 0.6059854497354498 0.03869047619047619 0.01951058201058201
3 0.6364087301587301 0.6053240740740741 0.03819444444444445 0.02017195767195767
3 0.636780753968254 0.591765873015873 0.03794642857142857 0.022156084656084655
3 0.6376488095238095 0.5758928571428571 0.036210317460317464 0.021494708994708994
3 0.6395089285714286 0.55869708994709 0.03249007936507937 0.01951058201058201
349 0.5434027777777778 0.6479828042328042 0.030753968253968252 0.026785714285714284
349 0.574156746031746 0.6479828042328042 0.03125 0.026785714285714284
349 0.5422867063492064 0.6797288359788359 0.029017857142857144 0.021494708994708994
349 0.5706845238095238 0.6793981481481481 0.02628968253968254 0.020833333333333332
152 0.47693452380952384 0.6585648148148148 0.032242063492063495 0.0419973544973545
152 0.47705853174603174 0.6919642857142857 0.031994047619047616 0.02943121693121693
152 0.5085565476190477 0.6904761904761905 0.031994047619047616 0.032407407407407406
349 0.5101686507936508 0.6569113756613757 0.028769841269841268 0.03869047619047619
86 0.3599950396825397 0.6537698412698413 0.04141865079365079 0.041005291005291
86 0.4001736111111111 0.6557539682539683 0.04290674603174603 0.041005291005291
86 0.4381200396825397 0.6501322751322751 0.03447420634920635 0.03571428571428571
86 0.4391121031746032 0.6841931216931217 0.03298611111111111 0.03571428571428571
86 0.3933531746031746 0.6899801587301587 0.028769841269841268 0.028108465608465607
86 0.36421130952380953 0.6886574074074074 0.030009920634920636 0.03141534391534392
109 0.3134920634920635 0.660218253968254 0.031746031746031744 0.03935185185185185
109 0.2806299603174603 0.6610449735449735 0.038938492063492064 0.041666666666666664
109 0.28236607142857145 0.6960978835978836 0.031994047619047616 0.028439153439153438
109 0.3133680555555556 0.6949404761904762 0.03249007936507937 0.03009259259259259
329 0.20188492063492064 0.6793981481481481 0.044642857142857144 0.06977513227513228
329 0.24020337301587302 0.6789021164021164 0.03993055555555555 0.06812169312169312
212 0.31398809523809523 0.5967261904761905 0.025297619047619048 0.036044973544973546
212 0.3368055555555556 0.5997023809523809 0.022817460317460316 0.028108465608465607
345 0.3609871031746032 0.6036706349206349 0.021577380952380952 0.035383597883597885
345 0.3851686507936508 0.6036706349206349 0.022321428571428572 0.0333994708994709
246 0.3265128968253968 0.6172288359788359 0.04538690476190476 0.007605820105820105
296 0.41555059523809523 0.5978835978835979 0.03249007936507937 0.0291005291005291
296 0.4164186507936508 0.560515873015873 0.03373015873015873 0.031746031746031744
296 0.4497767857142857 0.5616732804232805 0.03298611111111111 0.02943121693121693
296 0.4477926587301587 0.5980489417989417 0.033482142857142856 0.028108465608465607
208 0.5699404761904762 0.7521494708994709 0.023809523809523808 0.0419973544973545
208 0.5395585317460317 0.7579365079365079 0.02554563492063492 0.042328042328042326
208 0.5694444444444444 0.7919973544973545 0.0248015873015873 0.04034391534391534
208 0.5379464285714286 0.7966269841269841 0.0248015873015873 0.037037037037037035
73 0.18390376984126985 0.37549603174603174 0.031994047619047616 0.045965608465608467
73 0.1843998015873016 0.41435185185185186 0.03298611111111111 0.031746031746031744
231 0.21502976190476192 0.41369047619047616 0.031746031746031744 0.031746031746031744
257 0.2251984126984127 0.35102513227513227 0.011408730158730158 0.010912698412698412
246 0.40153769841269843 0.7936507936507936 0.039186507936507936 0.03439153439153439
21 0.7327628968253969 0.5886243386243386 0.019097222222222224 0.06613756613756613
21 0.7126736111111112 0.5833333333333334 0.021577380952380952 0.062169312169312166
21 0.6941964285714286 0.5856481481481481 0.022817460317460316 0.0582010582010582
21 0.7502480158730159 0.5866402116402116 0.015873015873015872 0.06878306878306878
