304 0.14050303555941024 0.040705128205128206 0.12836079791847355 0.08141025641025641
347 0.2779705117085863 0.040705128205128206 0.1344319167389419 0.08141025641025641
348 0.398959236773634 0.038461538461538464 0.10928013876843018 0.07692307692307693
348 0.5004336513443192 0.038461538461538464 0.11448395490026018 0.07692307692307693
1 0.9388551604509974 0.035576923076923075 0.07545533391153512 0.07115384615384615
178 0.883347788378144 0.19294871794871796 0.10320901994796183 0.1423076923076923
178 0.7914137033824805 0.19262820512820514 0.10147441457068516 0.14038461538461539
146 0.7033824804856895 0.2064102564102564 0.07111882046834345 0.1141025641025641
146 0.6392020815264527 0.2064102564102564 0.07111882046834345 0.11282051282051282
106 0.5555073720728534 0.20448717948717948 0.07198612315698179 0.11538461538461539
306 0.4770164787510841 0.1858974358974359 0.10407632263660017 0.15128205128205127
306 0.3725065047701648 0.1858974358974359 0.13790112749349523 0.15128205128205127
144 0.25845620121422375 0.19583333333333333 0.10928013876843018 0.12884615384615383
144 0.16175195143104942 0.20737179487179488 0.12402428447528187 0.0967948717948718
219 0.20815264527320035 0.5112179487179487 0.1023417172593235 0.11987179487179488
219 0.2844752818733738 0.5128205128205128 0.0971379011274935 0.12435897435897436
160 0.3707718993928881 0.5189102564102565 0.08586296617519515 0.11987179487179488
160 0.44362532523850823 0.5189102564102565 0.08933217692974849 0.11987179487179488
304 0.5333911535125759 0.5208333333333334 0.09193408499566348 0.13397435897435897
304 0.6127493495229835 0.5275641025641026 0.09106678230702515 0.11923076923076924
49 0.7025151777970512 0.5278846153846154 0.10407632263660017 0.13782051282051283
347 0.7935819601040763 0.5246794871794872 0.1023417172593235 0.1519230769230769
151 0.8855160450997398 0.5246794871794872 0.1023417172593235 0.15833333333333333
151 0.9575021682567216 0.5336538461538461 0.08499566348655681 0.14551282051282052
225 0.9258456201214224 0.3685897435897436 0.09627059843885516 0.1076923076923077
200 0.8122289679098005 0.38301282051282054 0.12055507372072853 0.07884615384615384
200 0.7055507372072853 0.38108974358974357 0.11361665221162186 0.07756410256410257
103 0.6058109280138768 0.3685897435897436 0.09280138768430182 0.09615384615384616
103 0.5307892454466608 0.3663461538461538 0.09366869037294015 0.0967948717948718
344 0.4293148308759757 0.3753205128205128 0.11795316565481354 0.07756410256410257
344 0.31873373807458805 0.3733974358974359 0.11361665221162186 0.07756410256410257
63 0.38725065047701646 0.6653846153846154 0.08586296617519515 0.11923076923076924
63 0.4614050303555941 0.6663461538461538 0.0797918473547268 0.10961538461538461
63 0.5307892454466608 0.6721153846153847 0.09193408499566348 0.11987179487179488
141 0.608846487424111 0.6692307692307692 0.08152645273200347 0.11923076923076924
141 0.6860364267129229 0.676923076923077 0.1023417172593235 0.12435897435897436
89 0.8464874241110147 0.6682692307692307 0.1023417172593235 0.07884615384615384
189 0.9453599306157849 0.6673076923076923 0.10928013876843018 0.07948717948717948
259 0.883347788378144 0.8176282051282051 0.09280138768430182 0.09038461538461538
56 0.9575021682567216 0.8185897435897436 0.08499566348655681 0.09230769230769231
272 0.24978317432784042 0.6717948717948717 0.055507372072853424 0.1
272 0.3113616652211622 0.669551282051282 0.06591500433651344 0.11089743589743589
184 0.7710320901994796 0.7060897435897436 0.053772766695576756 0.08141025641025641
89 0.8486556808326106 0.7243589743589743 0.08586296617519515 0.057692307692307696
304 0.17909800520381614 0.3532051282051282 0.13790112749349523 0.13846153846153847
292 0.9783174327840416 0.22179487179487178 0.03816131830008673 0.07948717948717948
171 0.8022549869904597 0.9256410256410257 0.060711188204683436 0.07307692307692308
171 0.8738074588031223 0.9323717948717949 0.06504770164787511 0.07756410256410257
171 0.9453599306157849 0.9371794871794872 0.06418039895923677 0.08333333333333333
171 0.9913269731136166 0.9426282051282051 0.017346053772766695 0.07628205128205129
