194 0.07940251572327044 0.3133680555555556 0.11058700209643606 0.06473214285714286
194 0.18474842767295596 0.31733630952380953 0.0959119496855346 0.060267857142857144
78 0.2775157232704403 0.31237599206349204 0.12945492662473795 0.07762896825396826
117 0.3087002096436059 0.24888392857142858 0.11320754716981132 0.06473214285714286
305 0.389937106918239 0.31535218253968256 0.11740041928721175 0.0726686507936508
47 0.49344863731656186 0.31634424603174605 0.120020964360587 0.0726686507936508
47 0.5998427672955975 0.31820436507936506 0.120020964360587 0.07242063492063493
47 0.7083333333333334 0.31820436507936506 0.120020964360587 0.07242063492063493
117 0.8136792452830188 0.32018849206349204 0.120020964360587 0.07242063492063493
117 0.9200733752620545 0.3213045634920635 0.12421383647798742 0.07564484126984126
260 0.9376310272536688 0.4541170634920635 0.11740041928721175 0.0625
315 0.8223270440251572 0.44915674603174605 0.13522012578616352 0.07242063492063493
315 0.7209119496855346 0.44816468253968256 0.10744234800838574 0.0679563492063492
330 0.614517819706499 0.43936011904761907 0.1420335429769392 0.08159722222222222
50 0.4942348008385744 0.43439980158730157 0.1310272536687631 0.08209325396825397
50 0.37631027253668764 0.43439980158730157 0.1310272536687631 0.07762896825396826
330 0.24423480083857443 0.43253968253968256 0.14150943396226415 0.0798611111111111
330 0.11058700209643606 0.43154761904761907 0.1509433962264151 0.08234126984126984
164 0.06577568134171907 0.5546875 0.13155136268343814 0.08754960317460317
108 0.1750524109014675 0.5713045634920635 0.09643605870020965 0.05431547619047619
223 0.3480083857442348 0.5595238095238095 0.1509433962264151 0.08581349206349206
201 0.48453878406708595 0.5380704365079365 0.10744234800838574 0.06820436507936507
201 0.5773060796645703 0.542906746031746 0.10744234800838574 0.06498015873015874
201 0.6593291404612159 0.542906746031746 0.09643605870020965 0.06349206349206349
261 0.7492138364779874 0.5438988095238095 0.10744234800838574 0.0679563492063492
261 0.8448637316561844 0.5458829365079365 0.1069182389937107 0.06597222222222222
61 0.9365828092243187 0.546875 0.1069182389937107 0.06597222222222222
181 0.08778825995807128 0.6903521825396826 0.13679245283018868 0.10441468253968254
121 0.2209119496855346 0.6893601190476191 0.15251572327044025 0.10590277777777778
121 0.3556079664570231 0.691344246031746 0.14622641509433962 0.1039186507936508
35 0.48846960167714887 0.6240079365079365 0.1289308176100629 0.08630952380952381
35 0.6016771488469602 0.6228918650793651 0.1289308176100629 0.0920138888888889
205 0.05607966457023061 0.8045634920634921 0.11215932914046121 0.10912698412698413
205 0.17033542976939203 0.818328373015873 0.149895178197065 0.12425595238095238
15 0.2969077568134172 0.8055555555555556 0.12945492662473795 0.08630952380952381
15 0.3977987421383648 0.8377976190476191 0.11320754716981132 0.07093253968253968
15 0.48453878406708595 0.8143601190476191 0.10744234800838574 0.060267857142857144
7 0.5927672955974843 0.8349454365079365 0.16666666666666666 0.07118055555555555
7 0.6886792452830188 0.8329613095238095 0.15828092243186584 0.060267857142857144
268 0.6876310272536688 0.6496775793650794 0.07547169811320754 0.037450396825396824
268 0.7541928721174004 0.6527777777777778 0.07651991614255765 0.033234126984126984
268 0.7562893081761006 0.6293402777777778 0.07861635220125786 0.035962301587301584
268 0.8199685534591195 0.6303323412698413 0.07914046121593292 0.03447420634920635
268 0.8165618448637316 0.6546378968253969 0.07547169811320754 0.031001984126984128
186 0.8839098532494759 0.6560019841269841 0.07285115303983228 0.030257936507936508
186 0.8867924528301887 0.6314484126984127 0.07547169811320754 0.034722222222222224
186 0.9426100628930818 0.6552579365079365 0.08123689727463312 0.03373015873015873
186 0.9633123689727463 0.6320684523809523 0.07337526205450734 0.03447420634920635
85 0.9300314465408805 0.8546626984126984 0.13784067085953877 0.06547619047619048
85 0.8045073375262054 0.8344494047619048 0.1069182389937107 0.06374007936507936
