269 0.1589648798521257 0.5040064102564102 0.17966728280961183 0.05096153846153846
269 0.1589648798521257 0.5477564102564103 0.17301293900184844 0.05448717948717949
139 0.27264325323475047 0.5177884615384616 0.12754158964879853 0.05929487179487179
139 0.27264325323475047 0.5665064102564102 0.1756007393715342 0.05480769230769231
139 0.2855822550831793 0.46762820512820513 0.14972273567467653 0.06794871794871794
139 0.3939001848428835 0.465224358974359 0.15711645101663585 0.06762820512820512
139 0.4253234750462107 0.5240384615384616 0.1534195933456562 0.06217948717948718
139 0.4286506469500924 0.5690705128205128 0.16007393715341958 0.06506410256410257
185 0.04805914972273567 0.11025641025641025 0.09537892791127542 0.13076923076923078
185 0.12606284658040665 0.1094551282051282 0.10277264325323475 0.13237179487179487
253 0.4504621072088725 0.366025641025641 0.11719038817005545 0.04551282051282051
253 0.45526802218114604 0.33621794871794874 0.10536044362292052 0.038461538461538464
253 0.45526802218114604 0.3075320512820513 0.10609981515711644 0.04391025641025641
253 0.4619223659889094 0.2825320512820513 0.09279112754158965 0.030448717948717948
232 0.322735674676525 0.35160256410256413 0.1589648798521257 0.052564102564102565
232 0.31829944547134936 0.30673076923076925 0.1523105360443623 0.06923076923076923
232 0.17966728280961183 0.3504807692307692 0.1567467652495379 0.05480769230769231
232 0.15933456561922366 0.30096153846153845 0.1589648798521257 0.0685897435897436
232 0.05767097966728281 0.35224358974358977 0.11090573012939002 0.06153846153846154
232 0.051940850277264326 0.3 0.09870609981515711 0.06794871794871794
232 0.05341959334565619 0.2419871794871795 0.10166358595194085 0.07307692307692308
232 0.16173752310536044 0.24375 0.1578558225508318 0.0733974358974359
253 0.6828096118299446 0.23333333333333334 0.1323475046210721 0.046794871794871795
253 0.6828096118299446 0.2673076923076923 0.1323475046210721 0.046794871794871795
253 0.6815157116451017 0.30096153846153845 0.1268022181146026 0.04423076923076923
253 0.6817005545286506 0.3334935897435897 0.1256931608133087 0.04391025641025641
253 0.6813308687615527 0.3663461538461538 0.12421441774491682 0.04294871794871795
253 0.8009242144177449 0.2676282051282051 0.12975970425138633 0.04551282051282051
253 0.7994454713493531 0.3017628205128205 0.12754158964879853 0.04391025641025641
253 0.7985212569316081 0.3349358974358974 0.12643253234750462 0.04358974358974359
253 0.7972273567467653 0.36666666666666664 0.12754158964879853 0.041025641025641026
253 0.5728280961182994 0.274198717948718 0.09279112754158965 0.025961538461538463
253 0.578003696857671 0.2988782051282051 0.10314232902033271 0.04391025641025641
253 0.577818853974122 0.33221153846153845 0.10277264325323475 0.04326923076923077
253 0.577818853974122 0.3657051282051282 0.10425138632162662 0.04423076923076923
155 0.19907578558225508 0.08605769230769231 0.08465804066543438 0.16826923076923078
155 0.2645101663585952 0.08685897435897436 0.08317929759704251 0.17051282051282052
155 0.3306839186691312 0.08685897435897436 0.08317929759704251 0.17051282051282052
295 0.400184842883549 0.08685897435897436 0.08317929759704251 0.17051282051282052
295 0.4696857670979667 0.08653846153846154 0.08317929759704251 0.16923076923076924
295 0.5530499075785582 0.09375 0.05249537892791128 0.15352564102564104
295 0.6118299445471349 0.08605769230769231 0.07985212569316082 0.16955128205128206
175 0.8432532347504621 0.07628205128205129 0.11534195933456562 0.05705128205128205
175 0.8343807763401109 0.12147435897435897 0.10425138632162662 0.04935897435897436
175 0.8343807763401109 0.15240384615384617 0.09537892791127542 0.03173076923076923
175 0.9308687615526802 0.15128205128205127 0.11016635859519408 0.03205128205128205
175 0.933271719038817 0.11923076923076924 0.11275415896487985 0.051923076923076926
175 0.9317929759704251 0.07852564102564102 0.10905730129390019 0.04807692307692308
283 0.665804066543438 0.46073717948717946 0.21811460258780038 0.061217948717948716
283 0.8918669131238447 0.47596153846153844 0.21626617375231053 0.07435897435897436
283 0.65637707948244 0.517147435897436 0.26358595194085027 0.0733974358974359
283 0.6624768946395564 0.5725961538461538 0.24029574861367836 0.061217948717948716
283 0.8839186691312384 0.5721153846153846 0.23216266173752312 0.06666666666666667
283 0.8835489833641405 0.5208333333333334 0.23290203327171904 0.07243589743589744
80 0.6364140480591497 0.6472756410256411 0.23179297597042514 0.05480769230769231
80 0.6345656192236598 0.6895833333333333 0.22587800369685768 0.052884615384615384
80 0.6327171903881701 0.7290064102564102 0.2243992606284658 0.05673076923076923
80 0.8547134935304991 0.73125 0.23512014787430685 0.05480769230769231
80 0.8565619223659889 0.6899038461538461 0.23807763401109058 0.05608974358974359
80 0.8606284658040665 0.6509615384615385 0.24621072088724585 0.0532051282051282
72 0.6543438077634011 0.8461538461538461 0.2166358595194085 0.05576923076923077
72 0.8619223659889095 0.8511217948717948 0.21922365988909426 0.0516025641025641
72 0.6487985212569316 0.8822115384615384 0.18114602587800369 0.05608974358974359
72 0.8615526802218114 0.8873397435897435 0.22365988909426987 0.0733974358974359
275 0.12865064695009243 0.746474358974359 0.23512014787430685 0.06987179487179487
275 0.1521256931608133 0.6399038461538461 0.23844731977818853 0.052243589743589745
275 0.3798521256931608 0.6413461538461539 0.22292051756007394 0.05128205128205128
275 0.3728280961182994 0.6834935897435898 0.22587800369685768 0.0516025641025641
275 0.35508317929759703 0.749198717948718 0.2465804066543438 0.06955128205128205
72 0.17929759704251386 0.8514423076923077 0.23955637707948244 0.07852564102564102
72 0.18040665434380776 0.8927884615384616 0.23955637707948244 0.07083333333333333
72 0.18502772643253235 0.9365384615384615 0.24288354898336414 0.0685897435897436
72 0.41312384473197783 0.8278846153846153 0.1866913123844732 0.026282051282051282
72 0.4121996303142329 0.8552884615384615 0.18706099815157118 0.0483974358974359
72 0.411645101663586 0.896474358974359 0.18817005545286505 0.05448717948717949
72 0.3966728280961183 0.9713141025641026 0.21959334565619223 0.05737179487179487
275 0.15064695009242143 0.6798076923076923 0.23179297597042514 0.05641025641025641
269 0.13253234750462106 0.4528846153846154 0.15489833641404807 0.046794871794871795
