342 0.13697916666666668 0.75546875 0.21770833333333334 0.1703125
342 0.25677083333333334 0.719140625 0.146875 0.17265625
23 0.55 0.800390625 0.1 0.15078125
23 0.615625 0.77421875 0.09166666666666666 0.1390625
205 0.6651041666666667 0.733203125 0.090625 0.16328125
205 0.7135416666666666 0.703515625 0.0625 0.13828125
181 0.6973958333333333 0.581640625 0.07395833333333333 0.12421875
181 0.6515625 0.59453125 0.07604166666666666 0.1328125
29 0.6651041666666667 0.151953125 0.08854166666666667 0.12890625
29 0.5510416666666667 0.11484375 0.09791666666666667 0.1484375
29 0.4786458333333333 0.090234375 0.12395833333333334 0.18046875
330 0.43072916666666666 0.288671875 0.13854166666666667 0.13203125
50 0.515625 0.295703125 0.08958333333333333 0.11796875
50 0.5760416666666667 0.2984375 0.08958333333333333 0.115625
187 0.44427083333333334 0.469140625 0.13229166666666667 0.14453125
187 0.534375 0.469140625 0.12083333333333333 0.12421875
223 0.596875 0.45859375 0.07708333333333334 0.115625
164 0.6651041666666667 0.45390625 0.08854166666666667 0.1109375
330 0.34479166666666666 0.2828125 0.08958333333333333 0.1234375
34 0.153125 0.495703125 0.2604166666666667 0.22109375
30 0.36666666666666664 0.083984375 0.12708333333333333 0.16796875
30 0.24166666666666667 0.070703125 0.15208333333333332 0.14140625
130 0.7223958333333333 0.1671875 0.065625 0.0984375
130 0.7604166666666666 0.179296875 0.05416666666666667 0.08984375
75 0.8192708333333333 0.21015625 0.05520833333333333 0.078125
194 0.8479166666666667 0.217578125 0.04375 0.07109375
194 0.8833333333333333 0.225390625 0.058333333333333334 0.07578125
78 0.7911458333333333 0.322265625 0.06354166666666666 0.07265625
47 0.8265625 0.325 0.04479166666666667 0.06875
47 0.8520833333333333 0.326171875 0.04375 0.06640625
61 0.9125 0.334375 0.0375 0.0515625
261 0.7588541666666667 0.449609375 0.04479166666666667 0.06015625
261 0.7291666666666666 0.451171875 0.03958333333333333 0.06484375
97 0.45208333333333334 0.662109375 0.09583333333333334 0.15078125
97 0.5171875 0.637890625 0.09895833333333333 0.13828125
181 0.5864583333333333 0.618359375 0.0625 0.12578125
35 0.7515625 0.700390625 0.04479166666666667 0.09453125
218 0.14947916666666666 0.9296875 0.184375 0.1390625
218 0.27760416666666665 0.905078125 0.15520833333333334 0.18984375
218 0.37604166666666666 0.8703125 0.13333333333333333 0.1703125
78 0.6380208333333334 0.30703125 0.051041666666666666 0.08125
78 0.6739583333333333 0.310546875 0.041666666666666664 0.07578125
305 0.7072916666666667 0.3125 0.041666666666666664 0.071875
305 0.7401041666666667 0.31328125 0.040625 0.0703125
85 0.8317708333333333 0.617578125 0.103125 0.03046875
7 0.7989583333333333 0.678515625 0.04375 0.06171875
268 0.8541666666666666 0.46015625 0.027083333333333334 0.0234375
268 0.8734375 0.459375 0.019791666666666666 0.0296875
186 0.8526041666666667 0.56015625 0.03229166666666667 0.0265625
186 0.871875 0.555859375 0.027083333333333334 0.01796875
201 0.871875 0.40703125 0.03333333333333333 0.05625
61 0.8432291666666667 0.406640625 0.019791666666666666 0.04609375
61 0.8182291666666667 0.410546875 0.023958333333333335 0.05390625
170 0.7791666666666667 0.40546875 0.029166666666666667 0.0453125
170 0.7442708333333333 0.40390625 0.03854166666666667 0.0421875
