25 0.03680555555555556 0.05546875 0.07361111111111111 0.0640625
339 0.1440972222222222 0.054427083333333334 0.1451388888888889 0.08697916666666666
198 0.2708333333333333 0.07083333333333333 0.12916666666666668 0.06875
198 0.3909722222222222 0.08359375 0.12916666666666668 0.06197916666666667
215 0.8909722222222223 0.21354166666666666 0.0375 0.035416666666666666
89 0.8013888888888889 0.2125 0.04583333333333333 0.035416666666666666
24 0.7614583333333333 0.21354166666666666 0.04236111111111111 0.0375
24 0.7118055555555556 0.21354166666666666 0.04583333333333333 0.0375
83 0.6527777777777778 0.21380208333333334 0.0375 0.0390625
83 0.6118055555555556 0.21354166666666666 0.04861111111111111 0.041666666666666664
64 0.3121527777777778 0.19609375 0.11180555555555556 0.0765625
64 0.18333333333333332 0.18932291666666667 0.12916666666666668 0.08697916666666666
31 0.05555555555555555 0.18333333333333332 0.1111111111111111 0.09791666666666667
344 0.019444444444444445 0.23515625 0.03888888888888889 0.027604166666666666
196 0.03263888888888889 0.3380208333333333 0.06527777777777778 0.090625
332 0.09722222222222222 0.33567708333333335 0.07777777777777778 0.0921875
210 0.1763888888888889 0.3346354166666667 0.07777777777777778 0.08697916666666666
58 0.24479166666666666 0.3328125 0.06875 0.08333333333333333
137 0.6048611111111111 0.321875 0.04583333333333333 0.053125
137 0.6434027777777778 0.31796875 0.03680555555555556 0.05677083333333333
215 0.8645833333333334 0.30234375 0.04583333333333333 0.05677083333333333
299 0.9114583333333334 0.29973958333333334 0.05347222222222222 0.049479166666666664
192 0.8208333333333333 0.384375 0.043055555555555555 0.053125
192 0.778125 0.39140625 0.052083333333333336 0.06197916666666667
206 0.7270833333333333 0.3953125 0.04583333333333333 0.058333333333333334
206 0.6763888888888889 0.4 0.04583333333333333 0.059375
142 0.634375 0.40598958333333335 0.050694444444444445 0.06197916666666667
142 0.5805555555555556 0.41171875 0.05138888888888889 0.06197916666666667
324 0.5260416666666666 0.41875 0.05347222222222222 0.06458333333333334
324 0.4652777777777778 0.42265625 0.05277777777777778 0.06614583333333333
222 0.40694444444444444 0.42942708333333335 0.058333333333333334 0.0765625
222 0.3385416666666667 0.434375 0.06180555555555556 0.07604166666666666
178 0.7357638888888889 0.48802083333333335 0.03958333333333333 0.07395833333333333
182 0.715625 0.5963541666666666 0.03958333333333333 0.07604166666666666
171 0.653125 0.6080729166666666 0.052083333333333336 0.0828125
171 0.6052083333333333 0.6200520833333333 0.05625 0.0890625
171 0.5534722222222223 0.6307291666666667 0.043055555555555555 0.08020833333333334
63 0.5201388888888889 0.6442708333333333 0.06111111111111111 0.08020833333333334
63 0.46145833333333336 0.65703125 0.05625 0.0828125
63 0.4079861111111111 0.6705729166666666 0.06041666666666667 0.0921875
171 0.32395833333333335 0.68046875 0.06041666666666667 0.0921875
171 0.2652777777777778 0.6971354166666667 0.05416666666666667 0.0953125
111 0.5322916666666667 0.53984375 0.04513888888888889 0.06822916666666666
111 0.56875 0.5330729166666667 0.04583333333333333 0.06822916666666666
111 0.4409722222222222 0.5567708333333333 0.04583333333333333 0.07395833333333333
111 0.48368055555555556 0.5494791666666666 0.04652777777777778 0.07083333333333333
146 0.6444444444444445 0.5158854166666667 0.041666666666666664 0.0703125
106 0.6635416666666667 0.50703125 0.04375 0.0703125
146 0.6930555555555555 0.503125 0.03333333333333333 0.06875
106 0.6010416666666667 0.5192708333333333 0.04375 0.07291666666666667
178 0.7746527777777777 0.48359375 0.02847222222222222 0.0734375
178 0.7979166666666667 0.47942708333333334 0.05 0.07447916666666667
355 0.5319444444444444 0.3190104166666667 0.10277777777777777 0.0796875
304 0.23194444444444445 0.58203125 0.0875 0.10364583333333334
304 0.30416666666666664 0.5658854166666667 0.0875 0.1140625
171 0.11736111111111111 0.72890625 0.09583333333333334 0.09739583333333333
171 0.1829861111111111 0.7140625 0.06458333333333334 0.08958333333333333
304 0.10590277777777778 0.60703125 0.10486111111111111 0.1171875
304 0.140625 0.5809895833333333 0.09375 0.10885416666666667
40 0.6475694444444444 0.7684895833333333 0.05347222222222222 0.0609375
40 0.6857638888888888 0.7549479166666667 0.06180555555555556 0.07864583333333333
40 0.7329861111111111 0.7440104166666667 0.049305555555555554 0.06927083333333334
118 0.5895833333333333 0.7994791666666666 0.0625 0.10520833333333333
118 0.5381944444444444 0.81796875 0.06666666666666667 0.11197916666666667
112 0.41354166666666664 0.865625 0.07569444444444444 0.11666666666666667
112 0.47465277777777776 0.8481770833333333 0.0798611111111111 0.10052083333333334
106 0.5111111111111111 0.8361979166666667 0.015277777777777777 0.0765625
171 0.278125 0.8984375 0.07291666666666667 0.10833333333333334
171 0.3267361111111111 0.88515625 0.06597222222222222 0.0984375
171 0.2142361111111111 0.9216145833333333 0.08402777777777778 0.11302083333333333
160 0.165625 0.93203125 0.06041666666666667 0.09739583333333333
46 0.7451388888888889 0.29401041666666666 0.06111111111111111 0.0390625
46 0.7447916666666666 0.3265625 0.059027777777777776 0.03229166666666667
45 0.8072916666666666 0.2908854166666667 0.06180555555555556 0.03697916666666667
45 0.8072916666666666 0.321875 0.05486111111111111 0.030208333333333334
144 0.7916666666666666 0.7208333333333333 0.05 0.06041666666666667
144 0.8461805555555556 0.6895833333333333 0.03958333333333333 0.05625
40 0.8065972222222222 0.5541666666666667 0.03819444444444445 0.05625
40 0.8645833333333334 0.5494791666666666 0.030555555555555555 0.07291666666666667
40 0.8934027777777778 0.53984375 0.027083333333333334 0.08489583333333334
