30 0.04538690476190476 0.26421957671957674 0.0882936507936508 0.13955026455026456
30 0.10664682539682539 0.26355820105820105 0.08085317460317461 0.13690476190476192
30 0.17981150793650794 0.26322751322751325 0.08978174603174603 0.13690476190476192
29 0.28137400793650796 0.28273809523809523 0.05431547619047619 0.09854497354497355
29 0.34486607142857145 0.28273809523809523 0.06274801587301587 0.09656084656084656
29 0.39459325396825395 0.28075396825396826 0.06299603174603174 0.10449735449735449
29 0.45126488095238093 0.27976190476190477 0.060267857142857144 0.10119047619047619
130 0.5127728174603174 0.2700066137566138 0.06820436507936507 0.12665343915343916
130 0.5744047619047619 0.2690145502645503 0.0679563492063492 0.12334656084656084
75 0.6397569444444444 0.2787698412698413 0.060267857142857144 0.09986772486772487
75 0.6944444444444444 0.2787698412698413 0.05704365079365079 0.09854497354497355
75 0.7482638888888888 0.2787698412698413 0.05704365079365079 0.10317460317460317
194 0.8009672619047619 0.27976190476190477 0.060267857142857144 0.10317460317460317
194 0.8565228174603174 0.2769510582010582 0.060267857142857144 0.10681216931216932
194 0.9043898809523809 0.27976190476190477 0.05431547619047619 0.09722222222222222
315 0.8839285714285714 0.4437830687830688 0.06001984126984127 0.07208994708994709
315 0.8195684523809523 0.4417989417989418 0.05084325396825397 0.07208994708994709
78 0.7755456349206349 0.43799603174603174 0.046130952380952384 0.08234126984126984
78 0.7374751984126984 0.43799603174603174 0.04935515873015873 0.08366402116402116
117 0.6915922619047619 0.43898809523809523 0.04141865079365079 0.08101851851851852
117 0.6535218253968254 0.43898809523809523 0.046130952380952384 0.08101851851851852
305 0.6065228174603174 0.43799603174603174 0.046378968253968256 0.0796957671957672
305 0.5656001984126984 0.43898809523809523 0.04290674603174603 0.0796957671957672
305 0.5215773809523809 0.4399801587301587 0.046130952380952384 0.08101851851851852
47 0.4756944444444444 0.43898809523809523 0.046130952380952384 0.08101851851851852
47 0.42981150793650796 0.43898809523809523 0.046130952380952384 0.08101851851851852
50 0.3810763888888889 0.4330357142857143 0.060267857142857144 0.09490740740740741
50 0.32924107142857145 0.43601190476190477 0.060267857142857144 0.09556878306878307
330 0.2853422619047619 0.43799603174603174 0.03993055555555555 0.08366402116402116
330 0.24925595238095238 0.43898809523809523 0.046130952380952384 0.08630952380952381
53 0.15873015873015872 0.43154761904761907 0.06001984126984127 0.09854497354497355
53 0.09089781746031746 0.4322089947089947 0.07465277777777778 0.09722222222222222
34 0.12227182539682539 0.5709325396825397 0.09325396825396826 0.11607142857142858
34 0.18080357142857142 0.5689484126984127 0.07093253968253968 0.11607142857142858
34 0.2394593253968254 0.5689484126984127 0.06820436507936507 0.11607142857142858
187 0.29898313492063494 0.5777116402116402 0.06522817460317461 0.0992063492063492
187 0.3566468253968254 0.5777116402116402 0.07093253968253968 0.10119047619047619
223 0.42497519841269843 0.5914351851851852 0.060267857142857144 0.05257936507936508
223 0.4835069444444444 0.5658068783068783 0.057291666666666664 0.08994708994708994
164 0.5362103174603174 0.5747354497354498 0.05704365079365079 0.10251322751322751
145 0.5822172619047619 0.5727513227513228 0.05133928571428571 0.10648148148148148
260 0.6319444444444444 0.5327380952380952 0.04513888888888889 0.06746031746031746
260 0.6759672619047619 0.5297619047619048 0.04836309523809524 0.07208994708994709
61 0.7442956349206349 0.5345568783068783 0.04513888888888889 0.059854497354497355
201 0.8526785714285714 0.5287698412698413 0.05555555555555555 0.06746031746031746
15 0.7521081349206349 0.6089616402116402 0.04141865079365079 0.06779100529100529
15 0.7256944444444444 0.6197089947089947 0.049107142857142856 0.08531746031746032
108 0.6799355158730159 0.6089616402116402 0.04389880952380952 0.06779100529100529
108 0.6359126984126984 0.6215277777777778 0.046130952380952384 0.08101851851851852
181 0.5772569444444444 0.7172619047619048 0.05828373015873016 0.10648148148148148
181 0.5255456349206349 0.7212301587301587 0.05704365079365079 0.0958994708994709
181 0.4738343253968254 0.7192460317460317 0.05431547619047619 0.09523809523809523
97 0.41617063492063494 0.7202380952380952 0.06001984126984127 0.10317460317460317
97 0.37115575396825395 0.7096560846560847 0.05431547619047619 0.08994708994708994
97 0.32142857142857145 0.7134589947089947 0.06001984126984127 0.09556878306878307
342 0.27356150793650796 0.6927910052910053 0.05109126984126984 0.09722222222222222
342 0.21986607142857142 0.7134589947089947 0.07465277777777778 0.10681216931216932
342 0.15339781746031747 0.7261904761904762 0.0726686507936508 0.10119047619047619
218 0.1896081349206349 0.8237433862433863 0.06522817460317461 0.07605820105820106
218 0.25992063492063494 0.8364748677248677 0.05704365079365079 0.10681216931216932
23 0.31547619047619047 0.8639219576719577 0.06299603174603174 0.09226190476190477
23 0.369171626984127 0.8404431216931217 0.05530753968253968 0.09490740740740741
205 0.42199900793650796 0.8374669312169312 0.060267857142857144 0.10681216931216932
205 0.46688988095238093 0.8384589947089947 0.05431547619047619 0.10681216931216932
35 0.5215773809523809 0.8819444444444444 0.05257936507936508 0.0787037037037037
35 0.5606398809523809 0.8237433862433863 0.04141865079365079 0.083994708994709
7 0.6535218253968254 0.8569775132275133 0.07093253968253968 0.144510582010582
7 0.6994047619047619 0.8442460317460317 0.046130952380952384 0.10648148148148148
85 0.7540922619047619 0.8667328042328042 0.060267857142857144 0.12103174603174603
85 0.8028273809523809 0.8627645502645502 0.05704365079365079 0.12103174603174603
214 0.6810515873015873 0.7217261904761905 0.039186507936507936 0.07175925925925926
214 0.7094494047619048 0.7124669312169312 0.03794642857142857 0.06845238095238096
204 0.9574652777777778 0.29712301587301587 0.04538690476190476 0.059854497354497355
204 0.9895833333333334 0.2924933862433862 0.015873015873015872 0.05654761904761905
264 0.9510168650793651 0.3792989417989418 0.03794642857142857 0.061507936507936505
355 0.9856150793650794 0.3817791005291005 0.02628968253968254 0.06316137566137567
303 0.9456845238095238 0.5704365079365079 0.03125 0.047619047619047616
303 0.9730902777777778 0.5770502645502645 0.02703373015873016 0.04431216931216931
109 0.9737103174603174 0.6669973544973545 0.041666666666666664 0.05555555555555555
109 0.9298115079365079 0.6635251322751323 0.04365079365079365 0.0539021164021164
132 0.947296626984127 0.7503306878306878 0.06125992063492063 0.05555555555555555
329 0.8840525793650794 0.7308201058201058 0.03794642857142857 0.05886243386243386
329 0.8519345238095238 0.7466931216931217 0.036210317460317464 0.05489417989417989
62 0.8638392857142857 0.8240740740740741 0.07242063492063493 0.0787037037037037
62 0.9045138888888888 0.8865740740740741 0.054563492063492064 0.09259259259259259
268 0.814484126984127 0.5879629629629629 0.03125 0.03505291005291005
268 0.8426339285714286 0.6187169312169312 0.021577380952380952 0.04431216931216931
268 0.8142361111111112 0.623181216931217 0.028273809523809524 0.028769841269841268
268 0.8107638888888888 0.6506283068783069 0.028769841269841268 0.026124338624338623
268 0.832093253968254 0.6471560846560847 0.03125 0.02447089947089947
186 0.7810019841269841 0.6984126984126984 0.025793650793650792 0.03042328042328042
186 0.7972470238095238 0.7217261904761905 0.019097222222222224 0.036044973544973546
186 0.8160962301587301 0.7136243386243386 0.029513888888888888 0.037698412698412696
186 0.816344246031746 0.7495039682539683 0.024057539682539684 0.03935185185185185
186 0.7942708333333334 0.7495039682539683 0.024057539682539684 0.026124338624338623
