323 0.12152777777777778 0.1185515873015873 0.103505291005291 0.14732142857142858
109 0.20403439153439154 0.1341765873015873 0.06547619047619048 0.13095238095238096
323 0.32953042328042326 0.12524801587301587 0.14186507936507936 0.1636904761904762
270 0.6375661375661376 0.13045634920634921 0.13624338624338625 0.1498015873015873
11 0.7931547619047619 0.1232638888888889 0.12003968253968254 0.17113095238095238
11 0.9115410052910053 0.13082837301587302 0.11011904761904762 0.18328373015873015
333 0.609457671957672 0.34077380952380953 0.09259259259259259 0.08581349206349206
333 0.513558201058201 0.34486607142857145 0.09722222222222222 0.08754960317460317
311 0.4113756613756614 0.31436011904761907 0.10251322751322751 0.057291666666666664
311 0.4173280423280423 0.3637152777777778 0.09722222222222222 0.04985119047619048
38 0.32572751322751325 0.330109126984127 0.07539682539682539 0.1185515873015873
38 0.2564484126984127 0.3294890873015873 0.08300264550264551 0.11383928571428571
38 0.1886574074074074 0.3335813492063492 0.054563492063492064 0.11706349206349206
38 0.13260582010582012 0.3342013888888889 0.07738095238095238 0.12028769841269842
250 0.052744708994709 0.4459325396825397 0.08167989417989419 0.060515873015873016
250 0.16302910052910052 0.4479166666666667 0.07076719576719577 0.053075396825396824
250 0.045304232804232805 0.5114087301587301 0.04894179894179894 0.05406746031746032
250 0.10896164021164022 0.5205853174603174 0.06977513227513228 0.049107142857142856
250 0.17840608465608465 0.513640873015873 0.06448412698412699 0.051587301587301584
82 0.3878968253968254 0.5131448412698413 0.07076719576719577 0.06547619047619048
82 0.3888888888888889 0.4497767857142857 0.06878306878306878 0.06473214285714286
82 0.32076719576719576 0.5107886904761905 0.0787037037037037 0.05084325396825397
82 0.31646825396825395 0.45424107142857145 0.08068783068783068 0.057291666666666664
82 0.25165343915343913 0.45870535714285715 0.062169312169312166 0.06473214285714286
82 0.2531415343915344 0.5143849206349206 0.06977513227513228 0.041666666666666664
0 0.5200066137566137 0.5083085317460317 0.06448412698412699 0.06721230158730158
0 0.460978835978836 0.5155009920634921 0.062169312169312166 0.06721230158730158
92 0.847718253968254 0.5121527777777778 0.06977513227513228 0.05555555555555555
92 0.7769510582010583 0.5101686507936508 0.06117724867724868 0.05803571428571429
345 0.7260251322751323 0.5204613095238095 0.05787037037037037 0.045882936507936505
345 0.6517857142857143 0.5163690476190477 0.05555555555555555 0.049107142857142856
345 0.5864748677248677 0.5081845238095238 0.05787037037037037 0.05555555555555555
296 0.6917989417989417 0.5727926587301587 0.07407407407407407 0.045882936507936505
296 0.6995701058201058 0.6370287698412699 0.09821428571428571 0.06125992063492063
296 0.6122685185185185 0.6316964285714286 0.08961640211640212 0.05555555555555555
296 0.611441798941799 0.5789930555555556 0.083994708994709 0.04985119047619048
349 0.521494708994709 0.5827132936507936 0.0873015873015873 0.06225198412698413
349 0.4254298941798942 0.5842013888888888 0.09821428571428571 0.06225198412698413
349 0.42956349206349204 0.6443452380952381 0.09722222222222222 0.04662698412698413
349 0.5186838624338624 0.6436011904761905 0.09490740740740741 0.05654761904761905
212 0.8510251322751323 0.6374007936507936 0.06779100529100529 0.05555555555555555
212 0.7767857142857143 0.6300843253968254 0.05026455026455026 0.05084325396825397
109 0.812334656084656 0.7659970238095238 0.0796957671957672 0.04092261904761905
109 0.8063822751322751 0.7033730158730159 0.0763888888888889 0.053075396825396824
109 0.7247023809523809 0.7012648809523809 0.08961640211640212 0.057291666666666664
109 0.7278439153439153 0.7637648809523809 0.08068783068783068 0.044890873015873016
152 0.6246693121693122 0.7217261904761905 0.07539682539682539 0.05555555555555555
152 0.6393849206349206 0.7752976190476191 0.08498677248677249 0.03670634920634921
152 0.5535714285714286 0.7718253968253969 0.083994708994709 0.04265873015873016
86 0.4489087301587302 0.7087053571428571 0.103505291005291 0.045882936507936505
86 0.44560185185185186 0.7655009920634921 0.103505291005291 0.054811507936507936
86 0.3343253968253968 0.7180059523809523 0.0992063492063492 0.05654761904761905
86 0.33878968253968256 0.7721974206349206 0.103505291005291 0.04836309523809524
86 0.22800925925925927 0.7216021825396826 0.11342592592592593 0.047371031746031744
86 0.226521164021164 0.7741815476190477 0.12764550264550265 0.05084325396825397
132 0.10796957671957672 0.7217261904761905 0.11342592592592593 0.05555555555555555
132 0.10102513227513228 0.7875744047619048 0.12334656084656084 0.06125992063492063
96 0.09788359788359788 0.8955853174603174 0.09457671957671958 0.060515873015873016
96 0.1970899470899471 0.8973214285714286 0.083994708994709 0.06299603174603174
96 0.1970899470899471 0.9448164682539683 0.09722222222222222 0.043402777777777776
96 0.10582010582010581 0.9469246031746031 0.10052910052910052 0.04265873015873016
235 0.298776455026455 0.9310515873015873 0.10945767195767196 0.10119047619047619
235 0.41418650793650796 0.9274553571428571 0.11673280423280423 0.1039186507936508
208 0.5138888888888888 0.880828373015873 0.0958994708994709 0.06125992063492063
208 0.5138888888888888 0.9448164682539683 0.07407407407407407 0.0597718253968254
21 0.23677248677248677 0.6334325396825397 0.07208994708994709 0.09176587301587301
21 0.17063492063492064 0.6273561507936508 0.062169312169312166 0.09250992063492064
21 0.11673280423280423 0.6245039682539683 0.052248677248677246 0.09176587301587301
349 0.3376322751322751 0.6252480158730159 0.083994708994709 0.060515873015873016
