68 0.2449156746031746 0.12483465608465609 0.045882936507936505 0.08564814814814815
68 0.28509424603174605 0.12483465608465609 0.04389880952380952 0.07242063492063493
68 0.2586805555555556 0.19113756613756613 0.04563492063492063 0.0701058201058201
68 0.29377480158730157 0.19411375661375663 0.03695436507936508 0.07605820105820106
188 0.45101686507936506 0.23627645502645503 0.036458333333333336 0.05654761904761905
280 0.48226686507936506 0.24603174603174602 0.029513888888888888 0.0496031746031746
280 0.48921130952380953 0.18353174603174602 0.045882936507936505 0.06878306878306878
280 0.5223214285714286 0.24983465608465608 0.03373015873015873 0.05324074074074074
239 0.5427827380952381 0.25380291005291006 0.024553571428571428 0.050595238095238096
333 0.630828373015873 0.2585978835978836 0.035962301587301584 0.09193121693121693
5 0.6532738095238095 0.2693452380952381 0.02628968253968254 0.07903439153439154
13 0.6688988095238095 0.27331349206349204 0.027281746031746032 0.0796957671957672
13 0.6903521825396826 0.2743055555555556 0.03050595238095238 0.07705026455026455
38 0.6619543650793651 0.361276455026455 0.025297619047619048 0.04794973544973545
38 0.6434771825396826 0.3602843915343915 0.02554563492063492 0.04794973544973545
3 0.6052827380952381 0.35730820105820105 0.036458333333333336 0.04927248677248677
3 0.5701884920634921 0.35631613756613756 0.03373015873015873 0.04794973544973545
0 0.49007936507936506 0.3551587301587302 0.03422619047619048 0.041666666666666664
66 0.44134424603174605 0.3396164021164021 0.045882936507936505 0.07605820105820106
244 0.19419642857142858 0.33878968253968256 0.06994047619047619 0.06646825396825397
244 0.1209077380952381 0.3368055555555556 0.10044642857142858 0.07308201058201058
307 0.3423859126984127 0.20982142857142858 0.03149801587301587 0.06316137566137567
307 0.36743551587301587 0.22106481481481483 0.019593253968253968 0.04728835978835979
188 0.3923611111111111 0.2316468253968254 0.02628968253968254 0.03869047619047619
316 0.27120535714285715 0.3063822751322751 0.09300595238095238 0.05787037037037037
316 0.27901785714285715 0.3521825396825397 0.09424603174603174 0.04497354497354497
243 0.3521825396825397 0.31812169312169314 0.0744047619047619 0.04034391534391534
243 0.3680555555555556 0.3566468253968254 0.08630952380952381 0.040013227513227514
143 0.5209573412698413 0.335978835978836 0.034970238095238096 0.032407407407407406
143 0.5296378968253969 0.36491402116402116 0.03695436507936508 0.028769841269841268
12 0.2759176587301587 0.43898809523809523 0.057291666666666664 0.05853174603174603
12 0.32700892857142855 0.4383267195767196 0.05679563492063492 0.05919312169312169
12 0.2845982142857143 0.4933862433862434 0.06324404761904762 0.05952380952380952
12 0.333953373015873 0.48842592592592593 0.04439484126984127 0.051587301587301584
52 0.13405257936507936 0.44460978835978837 0.08655753968253968 0.07374338624338625
52 0.14074900793650794 0.5061177248677249 0.08606150793650794 0.06316137566137567
52 0.21118551587301587 0.49950396825396826 0.06820436507936507 0.06316137566137567
207 0.37313988095238093 0.41980820105820105 0.02703373015873016 0.02414021164021164
207 0.3792162698412698 0.44576719576719576 0.039186507936507936 0.03042328042328042
207 0.38169642857142855 0.48148148148148145 0.04265873015873016 0.05026455026455026
207 0.41294642857142855 0.4728835978835979 0.027777777777777776 0.04431216931216931
207 0.40848214285714285 0.429728835978836 0.03422619047619048 0.044642857142857144
233 0.43712797619047616 0.4310515873015873 0.024057539682539684 0.045304232804232805
233 0.44221230158730157 0.4712301587301587 0.029265873015873016 0.04431216931216931
233 0.4603174603174603 0.4289021164021164 0.022817460317460316 0.041666666666666664
233 0.46763392857142855 0.4661044973544973 0.016617063492063492 0.03670634920634921
233 0.48561507936507936 0.4280753968253968 0.02976190476190476 0.04133597883597884
233 0.4861111111111111 0.4675925925925926 0.028769841269841268 0.03968253968253968
250 0.5190972222222222 0.46478174603174605 0.02628968253968254 0.036044973544973546
250 0.5190972222222222 0.42724867724867727 0.022321428571428572 0.03968253968253968
250 0.5400545634920635 0.46048280423280424 0.023561507936507936 0.03802910052910053
250 0.5562996031746031 0.4583333333333333 0.011408730158730158 0.03306878306878307
82 0.5699404761904762 0.4566798941798942 0.018849206349206348 0.032407407407407406
82 0.587921626984127 0.45601851851851855 0.018105158730158732 0.03306878306878307
82 0.6026785714285714 0.453207671957672 0.014384920634920634 0.034722222222222224
296 0.5555555555555556 0.5026455026455027 0.023313492063492064 0.037698412698412696
296 0.5545634920634921 0.5363756613756614 0.020337301587301588 0.037037037037037035
349 0.5753968253968254 0.5302579365079365 0.023313492063492064 0.040674603174603176
349 0.5812251984126984 0.5188492063492064 0.03298611111111111 0.03835978835978836
152 0.49888392857142855 0.5476190476190477 0.03298611111111111 0.04497354497354497
152 0.47953869047619047 0.5368716931216931 0.028025793650793652 0.04265873015873016
152 0.45622519841269843 0.5406746031746031 0.024553571428571428 0.03571428571428571
109 0.5074404761904762 0.5066137566137566 0.030257936507936508 0.027116402116402115
39 0.1566220238095238 0.6359126984126984 0.058779761904761904 0.10515873015873016
39 0.1980406746031746 0.6240079365079365 0.05282738095238095 0.09986772486772487
39 0.2300347222222222 0.6111111111111112 0.047371031746031744 0.09986772486772487
132 0.25756448412698413 0.7002314814814815 0.06473214285714286 0.06382275132275132
132 0.26178075396825395 0.7367724867724867 0.06125992063492063 0.062169312169312166
208 0.2296626984126984 0.7531415343915344 0.008928571428571428 0.04133597883597884
132 0.1888640873015873 0.7294973544973545 0.0716765873015873 0.061507936507936505
132 0.19605654761904762 0.7615740740740741 0.0726686507936508 0.05952380952380952
246 0.32080853174603174 0.687665343915344 0.05084325396825397 0.0625
246 0.36669146825396826 0.6628637566137566 0.03844246031746032 0.04861111111111111
271 0.40935019841269843 0.6258267195767195 0.025049603174603176 0.022156084656084655
271 0.44047619047619047 0.6188822751322751 0.03571428571428571 0.03802910052910053
271 0.4429563492063492 0.6575727513227513 0.039186507936507936 0.06117724867724868
86 0.4861111111111111 0.6334325396825397 0.025793650793650792 0.04332010582010582
86 0.4759424603174603 0.6121031746031746 0.02628968253968254 0.03902116402116402
86 0.5044642857142857 0.5958994708994709 0.030257936507936508 0.03373015873015873
86 0.5119047619047619 0.6245039682539683 0.030257936507936508 0.04662698412698413
208 0.5551835317460317 0.624834656084656 0.026041666666666668 0.04332010582010582
208 0.5784970238095238 0.6183862433862434 0.0220734126984127 0.041005291005291
235 0.5581597222222222 0.7109788359788359 0.035962301587301584 0.06746031746031746
235 0.5845734126984127 0.7037037037037037 0.034722222222222224 0.0582010582010582
96 0.5126488095238095 0.7566137566137566 0.021825396825396824 0.0582010582010582
96 0.5226934523809523 0.7199074074074074 0.026537698412698412 0.03902116402116402
338 0.44060019841269843 0.736441798941799 0.07961309523809523 0.07208994708994709
338 0.4439484126984127 0.7883597883597884 0.08581349206349206 0.10119047619047619
329 0.33023313492063494 0.8306878306878307 0.057291666666666664 0.11507936507936507
329 0.380828373015873 0.8191137566137566 0.050347222222222224 0.1111111111111111
62 0.26550099206349204 0.8831018518518519 0.06870039682539683 0.12334656084656084
62 0.20114087301587302 0.9262566137566137 0.07837301587301587 0.1335978835978836
