73 0.08961640211640212 0.04476686507936508 0.12235449735449735 0.07118055555555555
204 0.20386904761904762 0.04873511904761905 0.11673280423280423 0.06522817460317461
284 0.31812169312169314 0.042782738095238096 0.11838624338624339 0.08556547619047619
265 0.4462632275132275 0.04774305555555555 0.11210317460317461 0.07614087301587301
217 0.5740740740740741 0.05071924603174603 0.11838624338624339 0.07614087301587301
264 0.6931216931216931 0.051587301587301584 0.11375661375661375 0.08333333333333333
228 0.8837632275132276 0.3055555555555556 0.12665343915343916 0.09523809523809523
70 0.7733134920634921 0.30257936507936506 0.11342592592592593 0.09771825396825397
345 0.6590608465608465 0.31237599206349204 0.07738095238095238 0.0726686507936508
345 0.5868055555555556 0.31237599206349204 0.08035714285714286 0.07614087301587301
212 0.5067791005291006 0.31039186507936506 0.08035714285714286 0.07614087301587301
212 0.42857142857142855 0.31237599206349204 0.083994708994709 0.07465277777777778
92 0.18733465608465608 0.310515873015873 0.07705026455026455 0.06646825396825397
92 0.09358465608465609 0.3074156746031746 0.11177248677248677 0.06969246031746032
109 0.27033730158730157 0.4021577380952381 0.09424603174603174 0.0642361111111111
296 0.3748346560846561 0.40414186507936506 0.09490740740740741 0.060267857142857144
338 0.53505291005291 0.39831349206349204 0.1541005291005291 0.04662698412698413
338 0.562334656084656 0.46664186507936506 0.21329365079365079 0.07415674603174603
296 0.38078703703703703 0.47445436507936506 0.11210317460317461 0.08333333333333333
109 0.27033730158730157 0.47445436507936506 0.12400793650793651 0.0873015873015873
349 0.1306216931216931 0.47358630952380953 0.11838624338624339 0.08556547619047619
109 0.01951058201058201 0.5047123015873016 0.03902116402116402 0.05803571428571429
290 0.019345238095238096 0.6004464285714286 0.03869047619047619 0.06597222222222222
143 0.15608465608465608 0.5828373015873016 0.19642857142857142 0.0679563492063492
207 0.3063822751322751 0.5730406746031746 0.10482804232804233 0.07018849206349206
207 0.4150132275132275 0.5780009920634921 0.10052910052910052 0.06225198412698413
236 0.527281746031746 0.5672123015873016 0.09093915343915344 0.06597222222222222
236 0.6238425925925926 0.5673363095238095 0.09490740740740741 0.06225198412698413
82 0.736276455026455 0.6395089285714286 0.08961640211640212 0.06870039682539683
82 0.8346560846560847 0.6453373015873016 0.09457671957671958 0.06001984126984127
158 0.9227843915343915 0.6454613095238095 0.06977513227513228 0.057291666666666664
158 0.9821428571428571 0.6453373015873016 0.03373015873015873 0.05505952380952381
158 0.982308201058201 0.5896577380952381 0.03009259259259259 0.05927579365079365
158 0.925760582010582 0.5848214285714286 0.06977513227513228 0.06448412698412699
82 0.843584656084656 0.5868055555555556 0.08597883597883597 0.0689484126984127
82 0.7926587301587301 0.5828373015873016 0.0958994708994709 0.06646825396825397
39 0.9340277777777778 0.46552579365079366 0.09424603174603174 0.11061507936507936
39 0.8571428571428571 0.46068948412698413 0.06415343915343916 0.09995039682539683
21 0.7924933862433863 0.46044146825396826 0.07837301587301587 0.11135912698412699
21 0.7339616402116402 0.45436507936507936 0.05720899470899471 0.10912698412698413
207 0.3063822751322751 0.6424851190476191 0.09358465608465609 0.06324404761904762
207 0.4166666666666667 0.6421130952380952 0.10251322751322751 0.06299603174603174
12 0.5251322751322751 0.6418650793650794 0.08994708994708994 0.0625
12 0.6312830687830688 0.6418650793650794 0.11044973544973545 0.0625
143 0.15244708994708994 0.6532738095238095 0.17394179894179895 0.042162698412698416
271 0.11789021164021164 0.7791418650793651 0.11673280423280423 0.07663690476190477
271 0.22007275132275134 0.7657490079365079 0.09953703703703703 0.06919642857142858
271 0.22123015873015872 0.7165178571428571 0.12037037037037036 0.04513888888888889
132 0.33564814814814814 0.7630208333333334 0.11706349206349206 0.06919642857142858
132 0.33796296296296297 0.7075892857142857 0.1078042328042328 0.028273809523809524
86 0.45519179894179895 0.7240823412698413 0.12268518518518519 0.061755952380952384
86 0.4603174603174603 0.7788938492063492 0.12169312169312169 0.057291666666666664
86 0.580026455026455 0.7234623015873016 0.125 0.06101190476190476
86 0.5816798941798942 0.7779017857142857 0.12169312169312169 0.057291666666666664
246 0.6899801587301587 0.7240823412698413 0.103505291005291 0.06324404761904762
246 0.7971230158730159 0.7399553571428571 0.12334656084656084 0.0642361111111111
152 0.9449404761904762 0.7229662698412699 0.105489417989418 0.05803571428571429
152 0.9467592592592593 0.7828621031746031 0.10119047619047619 0.06473214285714286
329 0.2863756613756614 0.9143105158730159 0.13558201058201058 0.1267361111111111
84 0.4753637566137566 0.9151785714285714 0.2443783068783069 0.08680555555555555
84 0.47437169312169314 0.8675595238095238 0.23776455026455026 0.03521825396825397
243 0.6985780423280423 0.8728918650793651 0.20205026455026456 0.05084325396825397
243 0.6985780423280423 0.9211309523809523 0.1927910052910053 0.04811507936507937
