225 0.13513513513513514 0.23397150489759572 0.054954954954954956 0.07435440783615316
225 0.18400900900900902 0.23285841495992876 0.04099099099099099 0.07390917186108638
225 0.21734234234234234 0.23285841495992876 0.04279279279279279 0.07390917186108638
103 0.2572072072072072 0.23397150489759572 0.04684684684684685 0.07346393588601959
222 0.3099099099099099 0.23686553873552982 0.05225225225225225 0.06767586821015138
142 0.3587837837837838 0.23686553873552982 0.0472972972972973 0.06589492430988424
200 0.40945945945945944 0.2319679430097952 0.06306306306306306 0.07747105966162066
341 0.49752252252252255 0.22105966162065896 0.07432432432432433 0.10106856634016029
352 0.8304054054054054 0.23864648263579696 0.0509009009009009 0.07034728406055209
334 0.8745495495495496 0.23975957257346395 0.0509009009009009 0.07168299198575245
64 0.9310810810810811 0.22996438112199466 0.07027027027027027 0.08414959928762245
89 0.7945945945945946 0.38223508459483524 0.05315315315315315 0.052983081032947466
87 0.736936936936937 0.37065894924309883 0.07117117117117117 0.06990204808548531
304 0.6653153153153153 0.3539626001780944 0.06486486486486487 0.10151380231522707
341 0.5981981981981982 0.35284951024042743 0.06486486486486487 0.10106856634016029
341 0.5376126126126126 0.35284951024042743 0.06171171171171171 0.09661620658949244
281 0.475 0.3773374888691006 0.06621621621621622 0.06544968833481746
71 0.40945945945945944 0.3744434550311665 0.05855855855855856 0.05431878895814782
219 0.35202702702702704 0.35284951024042743 0.0518018018018018 0.09661620658949244
219 0.31283783783783786 0.35106856634016026 0.0472972972972973 0.09305431878895815
219 0.2650900900900901 0.3499554764024933 0.0518018018018018 0.09349955476402494
151 0.1900900900900901 0.3499554764024933 0.05315315315315315 0.0881567230632235
151 0.12162162162162163 0.3499554764024933 0.05225225225225225 0.08459483526268922
63 0.12725225225225226 0.4788512911843277 0.06171171171171171 0.09038290293855744
63 0.18806306306306306 0.47707034728406056 0.0472972972972973 0.08147818343722173
63 0.22409909909909909 0.47506678539626 0.052702702702702706 0.09349955476402494
63 0.2747747747747748 0.47684772929652713 0.04954954954954955 0.09349955476402494
49 0.32972972972972975 0.4790739091718611 0.05315315315315315 0.09349955476402494
49 0.3813063063063063 0.47684772929652713 0.052702702702702706 0.09349955476402494
49 0.4252252252252252 0.47684772929652713 0.04684684684684685 0.09349955476402494
49 0.47702702702702704 0.47684772929652713 0.04504504504504504 0.09349955476402494
49 0.522972972972973 0.4808548530721282 0.05315315315315315 0.0881567230632235
141 0.6175675675675676 0.4790739091718611 0.05315315315315315 0.09349955476402494
141 0.6664414414414415 0.4790739091718611 0.0472972972972973 0.08459483526268922
189 0.7279279279279279 0.5091273374888691 0.06756756756756757 0.04674977738201247
173 0.7981981981981981 0.5082368655387355 0.05855855855855856 0.05209260908281389
184 0.8628378378378379 0.4973285841495993 0.08513513513513514 0.07747105966162066
56 0.725 0.6010685663401603 0.0518018018018018 0.0819234194122885
56 0.6725225225225225 0.6019590382902938 0.05315315315315315 0.0819234194122885
32 0.6137387387387387 0.608860195903829 0.0545045045045045 0.07791629563668745
304 0.5542792792792792 0.6010685663401603 0.06171171171171171 0.09349955476402494
272 0.49932432432432433 0.6175422974176313 0.03558558558558558 0.11041852181656278
272 0.45653153153153153 0.6244434550311665 0.0518018018018018 0.10195903829029386
304 0.3119369369369369 0.6177649154051648 0.0545045045045045 0.09661620658949244
160 0.20945945945945946 0.6244434550311665 0.05045045045045045 0.08771148708815672
160 0.16261261261261262 0.6244434550311665 0.05315315315315315 0.09305431878895815
160 0.11171171171171171 0.6204363312555654 0.051351351351351354 0.10106856634016029
171 0.16463963963963965 0.7435440783615316 0.0472972972972973 0.0792520035618878
171 0.2045045045045045 0.742653606411398 0.04684684684684685 0.07747105966162066
171 0.24864864864864866 0.7417631344612645 0.044144144144144144 0.07747105966162066
171 0.29144144144144146 0.7466607301869991 0.04684684684684685 0.07747105966162066
171 0.16936936936936936 0.8470614425645592 0.04954954954954955 0.10195903829029386
171 0.21914414414414415 0.8521816562778273 0.0490990990990991 0.09349955476402494
171 0.26328828828828826 0.8557435440783615 0.0472972972972973 0.08459483526268922
100 0.31486486486486487 0.858860195903829 0.05405405405405406 0.08459483526268922
40 0.7513513513513513 0.8686553873552983 0.04054054054054054 0.0792520035618878
40 0.7896396396396397 0.8715494211932324 0.04954954954954955 0.09305431878895815
40 0.8373873873873874 0.8764470169189671 0.04954954954954955 0.08593054318788958
40 0.8792792792792793 0.8764470169189671 0.036036036036036036 0.07880676758682101
298 0.8128378378378378 0.7181656277827249 0.046396396396396394 0.07747105966162066
169 0.6078828828828828 0.7377560106856634 0.06351351351351352 0.07747105966162066
169 0.5481981981981981 0.7377560106856634 0.06306306306306306 0.07747105966162066
100 0.47702702702702704 0.7190560997328584 0.036036036036036036 0.06144256455921639
100 0.42905405405405406 0.7270703472840605 0.0472972972972973 0.06589492430988424
100 0.3918918918918919 0.7268477292965272 0.044144144144144144 0.0609973285841496
100 0.35405405405405405 0.7190560997328584 0.04054054054054054 0.06322350845948353
229 0.6722972972972973 0.7339715048975958 0.06171171171171171 0.09038290293855744
229 0.7308558558558559 0.7339715048975958 0.06171171171171171 0.09038290293855744
292 0.4466216216216216 0.043410507569011575 0.038288288288288286 0.06455921638468388
292 0.4027027027027027 0.04452359750667854 0.03783783783783784 0.06322350845948353
137 0.4027027027027027 0.1097506678539626 0.04054054054054054 0.054764024933214604
292 0.4436936936936937 0.10886019590382903 0.04054054054054054 0.054764024933214604
325 0.5033783783783784 0.09817453250222619 0.04099099099099099 0.07524487978628673
325 0.5504504504504505 0.09706144256455922 0.04054054054054054 0.0792520035618878
178 0.5943693693693693 0.09038290293855744 0.0490990990990991 0.09528049866429207
111 0.6351351351351351 0.10685663401602849 0.03963963963963964 0.058771148708815675
306 0.6792792792792792 0.11175422974176313 0.04054054054054054 0.05075690115761353
1 0.7367117117117117 0.11487088156723063 0.0472972972972973 0.04719501335707925
1 0.7826576576576577 0.11464826357969723 0.0472972972972973 0.0458593054318789
282 0.1777027027027027 0.10463045414069456 0.08333333333333333 0.06233303650934995
282 0.09481981981981982 0.08904719501335707 0.07972972972972973 0.06856634016028496
151 0.16283783783783784 0.34795191451469276 0.04369369369369369 0.10017809439002671
37 0.9033783783783784 0.3748886910062333 0.038288288288288286 0.06411398040961709
37 0.9425675675675675 0.3777827248441674 0.04279279279279279 0.07346393588601959
100 0.3855855855855856 0.8294746215494212 0.03423423423423423 0.07479964381121995
100 0.41824324324324325 0.8459483526268923 0.0481981981981982 0.09884238646482636
40 0.5391891891891892 0.8544078361531612 0.04684684684684685 0.10596616206589493
40 0.5932432432432433 0.8608637577916296 0.06306306306306306 0.1126447016918967
40 0.6349099099099099 0.8490650044523598 0.0445945945945946 0.06322350845948353
40 0.668918918918919 0.8512911843276937 0.03873873873873874 0.06767586821015138
298 0.8612612612612612 0.7255120213713268 0.04504504504504504 0.08949243098842387
56 0.7804054054054054 0.6133125556544969 0.0445945945945946 0.085040071237756
259 0.9259009009009009 0.6231077471059662 0.0445945945945946 0.07702582368655388
259 0.8761261261261262 0.6184327693677649 0.05315315315315315 0.08103294746215495
259 0.8209459459459459 0.6186553873552983 0.0490990990990991 0.085040071237756
174 0.5547297297297298 0.22150489759572572 0.04369369369369369 0.043187889581478185
309 0.6412162162162162 0.22083704363312556 0.07972972972972973 0.04363312555654497
46 0.7198198198198198 0.2223953695458593 0.07747747747747748 0.04140694568121104
46 0.7153153153153153 0.2591273374888691 0.07927927927927927 0.031166518254674976
309 0.6382882882882883 0.2584594835262689 0.07567567567567568 0.03250222617987533
174 0.5558558558558558 0.2580142475512021 0.04504504504504504 0.03250222617987533
199 0.5563063063063063 0.27938557435440786 0.03783783783783784 0.012021371326803205
133 0.6373873873873874 0.280053428317008 0.03783783783783784 0.01068566340160285
133 0.7211711711711711 0.280053428317008 0.03873873873873874 0.009795191451469279
282 0.7583333333333333 0.280053428317008 0.01936936936936937 0.009795191451469279
272 0.40855855855855855 0.6244434550311665 0.05315315315315315 0.10463045414069456
122 0.8493243243243244 0.3568566340160285 0.06891891891891892 0.036064113980409616
122 0.8515765765765766 0.395146927871772 0.06891891891891892 0.036064113980409616
24 0.9378378378378378 0.4632680320569902 0.05225225225225225 0.05387355298308103
24 0.9378378378378378 0.5151380231522708 0.05225225225225225 0.04808548530721282
