271 0.6731150793650794 0.7353670634920635 0.0710978835978836 0.05257936507936508
271 0.7485119047619048 0.7547123015873016 0.08167989417989419 0.0496031746031746
271 0.6496362433862434 0.7924107142857143 0.07374338624338625 0.07688492063492064
271 0.6954365079365079 0.8111359126984127 0.056216931216931214 0.06770833333333333
96 0.595568783068783 0.9063740079365079 0.08465608465608465 0.05084325396825397
243 0.4771825396825397 0.8763640873015873 0.11970899470899471 0.09052579365079365
338 0.36177248677248675 0.8169642857142857 0.11375661375661375 0.08680555555555555
246 0.3029100529100529 0.740203373015873 0.0496031746031746 0.05084325396825397
132 0.48115079365079366 0.7374751984126984 0.09788359788359788 0.07465277777777778
132 0.49173280423280424 0.6930803571428571 0.07605820105820106 0.061755952380952384
132 0.3996362433862434 0.714905753968254 0.05720899470899471 0.05679563492063492
132 0.39798280423280424 0.6769593253968254 0.060515873015873016 0.057291666666666664
86 0.3126653439153439 0.6733630952380952 0.0539021164021164 0.049107142857142856
86 0.34507275132275134 0.6785714285714286 0.044642857142857144 0.05257936507936508
38 0.21891534391534392 0.5260416666666666 0.05026455026455026 0.06001984126984127
38 0.2523148148148148 0.5269097222222222 0.03373015873015873 0.046875
38 0.2824074074074074 0.5389384920634921 0.037698412698412696 0.05555555555555555
21 0.3239087301587302 0.5440228174603174 0.028769841269841268 0.05381944444444445
109 0.38095238095238093 0.5855654761904762 0.062169312169312166 0.047619047619047616
109 0.43154761904761907 0.5778769841269841 0.03439153439153439 0.032242063492063495
109 0.47172619047619047 0.6112351190476191 0.050595238095238096 0.05530753968253968
296 0.548776455026455 0.6344246031746031 0.08101851851851852 0.07936507936507936
296 0.5481150793650794 0.582093253968254 0.07903439153439154 0.05505952380952381
296 0.5998677248677249 0.6401289682539683 0.05952380952380952 0.07787698412698413
349 0.7159391534391535 0.6546378968253969 0.10052910052910052 0.0726686507936508
250 0.7061838624338624 0.5487351190476191 0.07705026455026455 0.05828373015873016
233 0.578042328042328 0.5159970238095238 0.06018518518518518 0.061755952380952384
233 0.5185185185185185 0.5141369047619048 0.06018518518518518 0.05952380952380952
233 0.4968584656084656 0.5089285714285714 0.07242063492063493 0.05505952380952381
82 0.3956679894179894 0.4964037698412698 0.06712962962962964 0.053323412698412696
82 0.4356812169312169 0.4965277777777778 0.040013227513227514 0.05357142857142857
12 0.27298280423280424 0.4756944444444444 0.044642857142857144 0.04712301587301587
207 0.1865079365079365 0.4304315476190476 0.08465608465608465 0.024553571428571428
207 0.20750661375661375 0.4615575396825397 0.05588624338624339 0.04365079365079365
207 0.1650132275132275 0.46044146825396826 0.03571428571428571 0.043402777777777776
17 0.2261904761904762 0.4663938492063492 0.017857142857142856 0.044890873015873016
204 0.2015542328042328 0.16431051587301587 0.04133597883597884 0.043402777777777776
204 0.24503968253968253 0.16121031746031747 0.05092592592592592 0.03968253968253968
204 0.2478505291005291 0.22110615079365079 0.044642857142857144 0.050347222222222224
204 0.20949074074074073 0.22036210317460317 0.03935185185185185 0.040426587301587304
284 0.3219246031746032 0.21316964285714285 0.027447089947089946 0.03794642857142857
284 0.3549933862433862 0.20932539682539683 0.04332010582010582 0.04017857142857143
109 0.31382275132275134 0.2361111111111111 0.012566137566137565 0.007936507936507936
284 0.38492063492063494 0.14186507936507936 0.04894179894179894 0.05505952380952381
280 0.39897486772486773 0.20560515873015872 0.04398148148148148 0.06746031746031746
280 0.43617724867724866 0.20250496031746032 0.041666666666666664 0.06969246031746032
60 0.4538690476190476 0.20089285714285715 0.018187830687830687 0.06944444444444445
307 0.48396164021164023 0.1987847222222222 0.045965608465608467 0.07068452380952381
280 0.470734126984127 0.13529265873015872 0.05191798941798942 0.061755952380952384
280 0.5056216931216931 0.13665674603174602 0.02513227513227513 0.053075396825396824
280 0.5400132275132276 0.1324404761904762 0.04894179894179894 0.059027777777777776
307 0.5348875661375662 0.19481646825396826 0.059854497354497355 0.07217261904761904
239 0.6770833333333334 0.1708829365079365 0.06514550264550265 0.10069444444444445
239 0.7301587301587301 0.16431051587301587 0.046296296296296294 0.10590277777777778
239 0.6008597883597884 0.17683531746031747 0.06084656084656084 0.0992063492063492
11 0.8510251322751323 0.12338789682539683 0.1207010582010582 0.1783234126984127
52 0.7779431216931217 0.2958829365079365 0.09490740740740741 0.06944444444444445
52 0.8822751322751323 0.29575892857142855 0.11904761904761904 0.0716765873015873
265 0.22288359788359788 0.2934027777777778 0.03439153439153439 0.037698412698412696
265 0.25810185185185186 0.29303075396825395 0.044642857142857144 0.038938492063492064
217 0.34093915343915343 0.29017857142857145 0.04298941798941799 0.03571428571428571
