139 0.1947211155378486 0.12880833011955264 0.16334661354581673 0.06556112610875434
139 0.19571713147410358 0.06903200925568839 0.16235059760956175 0.06787504820671038
139 0.3695219123505976 0.0759737755495565 0.2061752988047809 0.0717315850366371
139 0.37126494023904383 0.1355572695719244 0.20368525896414344 0.07365985345160046
139 0.3732569721115538 0.1897416120323949 0.1947211155378486 0.053220208252988815
139 0.17455179282868527 0.1837639799460085 0.21762948207171315 0.0605476282298496
102 0.6810258964143426 0.0717315850366371 0.3351593625498008 0.06016197454685692
102 0.7054282868525896 0.13999228692634014 0.375 0.08561511762437331
102 0.7046812749003984 0.1991901272657154 0.3754980079681275 0.04666409564211338
185 0.9467131474103586 0.15850366370998842 0.10657370517928287 0.13035094485152332
285 0.2133964143426295 0.3729271114539144 0.3092629482071713 0.08947165445430004
285 0.21638446215139442 0.4261473197069032 0.3092629482071713 0.06170458927882761
283 0.49850597609561753 0.435210181257231 0.19322709163346613 0.045892788276128034
283 0.499003984063745 0.38507520246818355 0.19322709163346613 0.07443116081758581
283 0.4982569721115538 0.305630543771693 0.19571713147410358 0.10759737755495564
283 0.7863545816733067 0.3181642884689549 0.3784860557768924 0.09487080601619745
283 0.7895916334661355 0.392209795603548 0.375996015936255 0.07404550713459314
283 0.7821215139442231 0.43366756652526034 0.3710159362549801 0.05977632086386425
80 0.2771414342629482 0.6629386810644041 0.3500996015936255 0.08947165445430004
80 0.2756474103585657 0.5728885460856151 0.323207171314741 0.06209024296182029
80 0.2577191235059761 0.5208252988816043 0.325199203187251 0.07134593135364442
80 0.7694223107569721 0.6853065946779792 0.3595617529880478 0.0701889703046664
275 0.262699203187251 0.7822984959506363 0.3500996015936255 0.08831469340532203
275 0.260707171314741 0.8382182799845739 0.3451195219123506 0.08214423447743927
275 0.2612051792828685 0.886424990358658 0.3451195219123506 0.08522946394138065
275 0.2694223107569721 0.930582337061319 0.33167330677290835 0.059390667180871576
275 0.4917828685258964 0.93578866178172 0.1299800796812749 0.05900501349787891
275 0.49925298804780877 0.8829541072117238 0.13197211155378485 0.07520246818357115
275 0.5032370517928287 0.8330119552641728 0.12898406374501992 0.06787504820671038
275 0.5032370517928287 0.7761280370227536 0.1349601593625498 0.07057462398765908
283 0.75 0.866949479367528 0.34760956175298807 0.12032394909371384
283 0.7475099601593626 0.9460084843810258 0.34063745019920316 0.06170458927882761
