247 0.03903958944281525 0.13115942028985508 0.048020527859237536 0.1
353 0.08302785923753665 0.13115942028985508 0.050953079178885634 0.10193236714975845
219 0.1218841642228739 0.13405797101449277 0.045087976539589444 0.1067632850241546
219 0.16110703812316715 0.13502415458937198 0.04288856304985337 0.10483091787439613
151 0.20399560117302054 0.13502415458937198 0.04728739002932551 0.11545893719806763
151 0.24211876832844575 0.13405797101449277 0.04728739002932551 0.11932367149758454
339 0.28903958944281527 0.07053140096618357 0.04875366568914956 0.05603864734299517
339 0.29197214076246336 0.12246376811594203 0.048020527859237536 0.0642512077294686
339 0.29197214076246336 0.17198067632850242 0.050219941348973604 0.0463768115942029
25 0.3409090909090909 0.17415458937198067 0.05571847507331378 0.050724637681159424
25 0.34274193548387094 0.12222222222222222 0.05278592375366569 0.06570048309178744
200 0.45197947214076245 0.1321256038647343 0.05498533724340176 0.06328502415458938
200 0.45216275659824046 0.18188405797101448 0.05828445747800586 0.050724637681159424
281 0.5027492668621701 0.17705314009661835 0.048020527859237536 0.059420289855072465
281 0.5027492668621701 0.12415458937198068 0.048020527859237536 0.06280193236714976
16 0.5496700879765396 0.18285024154589372 0.048020527859237536 0.05652173913043478
19 0.594758064516129 0.18478260869565216 0.048020527859237536 0.05652173913043478
71 0.5975073313782991 0.1280193236714976 0.04618768328445748 0.06183574879227053
71 0.6453445747800587 0.1289855072463768 0.048020527859237536 0.05990338164251208
71 0.6446114369501467 0.18478260869565216 0.048020527859237536 0.05652173913043478
37 0.718658357771261 0.193719806763285 0.0531524926686217 0.06280193236714976
20 0.9803885630498533 0.29806763285024157 0.03775659824046921 0.07149758454106281
355 0.9462976539589443 0.3038647342995169 0.03482404692082111 0.057004830917874394
355 0.9151392961876833 0.3038647342995169 0.03482404692082111 0.05603864734299517
297 0.8718841642228738 0.2932367149758454 0.062683284457478 0.07149758454106281
174 0.8174486803519062 0.2893719806763285 0.05571847507331378 0.07729468599033816
46 0.7626466275659824 0.2893719806763285 0.05901759530791789 0.07922705314009662
46 0.7060117302052786 0.28840579710144926 0.060117302052785926 0.07922705314009662
210 0.5722140762463344 0.28429951690821254 0.038856304985337244 0.06521739130434782
55 0.5417888563049853 0.2823671497584541 0.038856304985337244 0.06618357487922705
196 0.5067815249266863 0.2785024154589372 0.04142228739002932 0.07198067632850241
58 0.4776392961876833 0.278743961352657 0.038856304985337244 0.06859903381642513
55 0.4539956011730205 0.27560386473429954 0.03848973607038123 0.07391304347826087
225 0.4178885630498534 0.2698067632850242 0.04472140762463343 0.08164251207729468
103 0.3817815249266862 0.2678743961352657 0.03995601173020528 0.08357487922705314
272 0.34475806451612906 0.27560386473429954 0.04288856304985337 0.09710144927536232
272 0.3037023460410557 0.2746376811594203 0.045087976539589444 0.09516908212560386
272 0.27034457478005863 0.2717391304347826 0.04142228739002932 0.09323671497584542
304 0.2285557184750733 0.2823671497584541 0.045087976539589444 0.06618357487922705
347 0.18841642228739003 0.26594202898550723 0.04105571847507331 0.0893719806763285
347 0.15047653958944282 0.26594202898550723 0.04142228739002932 0.09516908212560386
141 0.11620234604105571 0.26304347826086955 0.038856304985337244 0.09613526570048309
141 0.08486070381231671 0.26304347826086955 0.03848973607038123 0.09516908212560386
141 0.043804985337243404 0.2579710144927536 0.045087976539589444 0.09758454106280193
352 0.011730205278592375 0.2758454106280193 0.02346041055718475 0.06763285024154589
248 0.012646627565982404 0.3635265700483092 0.024560117302052785 0.10483091787439613
118 0.04875366568914956 0.3888888888888889 0.0593841642228739 0.12270531400966184
112 0.10245601173020528 0.39468599033816426 0.05461876832844575 0.11980676328502415
341 0.15047653958944282 0.39565217391304347 0.05535190615835777 0.11980676328502415
341 0.20307917888563048 0.39951690821256036 0.054252199413489736 0.11400966183574879
341 0.24120234604105573 0.40458937198067635 0.03812316715542522 0.10966183574879228
340 0.28024193548387094 0.40942028985507245 0.048020527859237536 0.09710144927536232
340 0.3278958944281525 0.40942028985507245 0.048020527859237536 0.09806763285024155
192 0.3817815249266862 0.372463768115942 0.048020527859237536 0.07922705314009662
222 0.4246700879765396 0.37028985507246376 0.04142228739002932 0.07101449275362319
206 0.46462609970674484 0.3714975845410628 0.04142228739002932 0.06859903381642513
142 0.5038489736070382 0.37415458937198065 0.03848973607038123 0.06521739130434782
324 0.5417888563049853 0.3760869565217391 0.038856304985337244 0.06714975845410628
355 0.5877932551319648 0.3751207729468599 0.05168621700879766 0.0748792270531401
64 0.6464442815249267 0.3782608695652174 0.05168621700879766 0.06956521739130435
45 0.6981304985337243 0.38019323671497585 0.056818181818181816 0.06956521739130435
46 0.7538489736070382 0.3782608695652174 0.05755131964809384 0.07149758454106281
309 0.8134164222873901 0.38309178743961353 0.0593841642228739 0.07149758454106281
173 0.8682184750733137 0.3879227053140097 0.05901759530791789 0.06763285024154589
46 0.9149560117302052 0.3927536231884058 0.038856304985337244 0.06280193236714976
87 0.9424486803519062 0.39371980676328505 0.03592375366568915 0.06280193236714976
184 0.9715909090909091 0.39492753623188404 0.036290322580645164 0.06135265700483092
24 0.9715909090909091 0.4632850241545894 0.042155425219941346 0.05217391304347826
83 0.9188049853372434 0.4601449275362319 0.045087976539589444 0.050724637681159424
215 0.8524560117302052 0.4601449275362319 0.042155425219941346 0.050724637681159424
20 0.8027859237536656 0.48743961352657006 0.05278592375366569 0.06956521739130435
189 0.7479838709677419 0.4855072463768116 0.056085043988269793 0.06956521739130435
27 0.6924486803519062 0.4893719806763285 0.05498533724340176 0.0647342995169082
65 0.6502932551319648 0.48381642512077294 0.0373900293255132 0.06811594202898551
65 0.6171187683284457 0.4758454106280193 0.036290322580645164 0.07922705314009662
182 0.5839442815249267 0.4758454106280193 0.03519061583577713 0.07536231884057971
182 0.5507697947214076 0.47391304347826085 0.03262463343108504 0.07632850241545894
325 0.5214442815249267 0.47198067632850244 0.033357771260997066 0.07632850241545894
325 0.48826979472140764 0.46980676328502413 0.0344574780058651 0.08067632850241546
306 0.4501466275659824 0.4681159420289855 0.04472140762463343 0.08309178743961353
111 0.41019061583577715 0.47004830917874396 0.038856304985337244 0.07922705314009662
111 0.37591642228739003 0.47198067632850244 0.03848973607038123 0.07342995169082125
325 0.37298387096774194 0.5550724637681159 0.03409090909090909 0.07922705314009662
325 0.39644428152492667 0.5548309178743961 0.03409090909090909 0.07681159420289856
325 0.4219208211143695 0.5599033816425121 0.03519061583577713 0.07149758454106281
325 0.45197947214076245 0.5606280193236715 0.0344574780058651 0.0748792270531401
325 0.47562316715542524 0.5606280193236715 0.03262463343108504 0.0748792270531401
292 0.5027492668621701 0.5628019323671497 0.03262463343108504 0.07149758454106281
292 0.529142228739003 0.5657004830917874 0.03262463343108504 0.07149758454106281
292 0.5654325513196481 0.5657004830917874 0.03262463343108504 0.07149758454106281
292 0.5819281524926686 0.5657004830917874 0.03262463343108504 0.07149758454106281
1 0.6112536656891495 0.5705314009661836 0.03482404692082111 0.0647342995169082
1 0.6446114369501467 0.572463768115942 0.03482404692082111 0.06280193236714976
334 0.6854838709677419 0.5705314009661836 0.038856304985337244 0.06763285024154589
177 0.7157258064516129 0.5714975845410628 0.036290322580645164 0.06763285024154589
352 0.75 0.5727053140096618 0.038856304985337244 0.06714975845410628
190 0.782991202346041 0.572463768115942 0.038856304985337244 0.0647342995169082
147 0.8517228739002932 0.5792270531400966 0.023826979472140762 0.06280193236714976
122 0.8876466275659824 0.5956521739130435 0.056085043988269793 0.03768115942028986
320 0.9375 0.5852657004830918 0.048020527859237536 0.05748792270531401
355 0.9362170087976539 0.6780193236714975 0.06598240469208211 0.06908212560386473
266 0.8817815249266863 0.6751207729468599 0.04288856304985337 0.07391304347826087
136 0.8486070381231672 0.6751207729468599 0.0344574780058651 0.07198067632850241
136 0.8143328445747801 0.6751207729468599 0.033357771260997066 0.07198067632850241
56 0.781158357771261 0.6731884057971015 0.03812316715542522 0.07198067632850241
56 0.75 0.6700483091787439 0.036656891495601175 0.07342995169082125
32 0.7148093841642229 0.6700483091787439 0.036656891495601175 0.06859903381642513
32 0.6796187683284457 0.6690821256038647 0.038856304985337244 0.06859903381642513
46 0.6317815249266863 0.6690821256038647 0.05901759530791789 0.06859903381642513
215 0.5789956011730205 0.6632850241545893 0.048020527859237536 0.07439613526570048
355 0.5419721407624634 0.6632850241545893 0.03409090909090909 0.07149758454106281
355 0.5067815249266863 0.6632850241545893 0.03262463343108504 0.06956521739130435
355 0.46957478005865105 0.6603864734299517 0.04325513196480939 0.07342995169082125
160 0.3280791788856305 0.6507246376811594 0.041788856304985335 0.08309178743961353
160 0.2899560117302053 0.6497584541062802 0.041788856304985335 0.08309178743961353
160 0.25476539589442815 0.6507246376811594 0.038856304985337244 0.08309178743961353
304 0.20986070381231672 0.6466183574879227 0.04582111436950147 0.08357487922705314
304 0.17082111436950145 0.6446859903381642 0.038856304985337244 0.07391304347826087
304 0.11803519061583578 0.6468599033816426 0.041788856304985335 0.08599033816425121
304 0.08284457478005865 0.6468599033816426 0.04105571847507331 0.08599033816425121
304 0.043804985337243404 0.6468599033816426 0.0406891495601173 0.08599033816425121
215 0.8530058651026393 0.5 0.03812316715542522 0.04541062801932367
89 0.8870967741935484 0.5053140096618357 0.0344574780058651 0.04541062801932367
83 0.9230205278592375 0.5057971014492754 0.03519061583577713 0.044444444444444446
24 0.9605938416422287 0.5055555555555555 0.03848973607038123 0.042995169082125605
171 0.33651026392961875 0.5442028985507247 0.03812316715542522 0.09516908212560386
171 0.30058651026392963 0.5442028985507247 0.03519061583577713 0.09710144927536232
171 0.2663123167155425 0.5449275362318841 0.036290322580645164 0.10434782608695652
63 0.22763929618768328 0.5444444444444444 0.03519061583577713 0.10821256038647344
63 0.19134897360703812 0.5415458937198068 0.0344574780058651 0.1072463768115942
63 0.15542521994134897 0.5405797101449276 0.039589442815249266 0.10821256038647344
63 0.11913489736070382 0.5466183574879228 0.036656891495601175 0.10193236714975845
63 0.0813782991202346 0.5403381642512077 0.04105571847507331 0.10193236714975845
63 0.04233870967741935 0.5384057971014493 0.04142228739002932 0.10579710144927536
100 0.14094574780058652 0.7900966183574879 0.033357771260997066 0.08550724637681159
100 0.10465542521994135 0.7922705314009661 0.025293255131964808 0.09178743961352658
100 0.07441348973607038 0.7900966183574879 0.03519061583577713 0.08743961352657005
100 0.03848973607038123 0.7871980676328503 0.0344574780058651 0.08647342995169083
100 0.13581378299120234 0.8833333333333333 0.023826979472140762 0.07777777777777778
100 0.10685483870967742 0.883816425120773 0.03555718475073314 0.07198067632850241
100 0.07423020527859238 0.8903381642512077 0.03262463343108504 0.08405797101449275
100 0.04307184750733138 0.8886473429951691 0.02749266862170088 0.078743961352657
100 0.28152492668621704 0.7842995169082125 0.03225806451612903 0.09806763285024155
100 0.24175219941348974 0.7961352657004831 0.048020527859237536 0.09951690821256039
100 0.1973973607038123 0.7893719806763285 0.04142228739002932 0.08888888888888889
100 0.28060850439882695 0.8903381642512077 0.03995601173020528 0.08115942028985507
100 0.23918621700879766 0.8852657004830918 0.0531524926686217 0.07971014492753623
100 0.1975806451612903 0.8886473429951691 0.04105571847507331 0.078743961352657
40 0.43530058651026393 0.7963768115942029 0.03848973607038123 0.09033816425120773
40 0.4015762463343108 0.7835748792270532 0.033357771260997066 0.08888888888888889
40 0.37353372434017595 0.7939613526570048 0.03812316715542522 0.09420289855072464
40 0.3407258064516129 0.7898550724637681 0.026759530791788857 0.07632850241545894
206 0.43273460410557185 0.8823671497584541 0.025293255131964808 0.07391304347826087
40 0.40505865102639294 0.8891304347826087 0.03519061583577713 0.078743961352657
40 0.37335043988269795 0.8859903381642512 0.03555718475073314 0.08019323671497584
40 0.3418255131964809 0.8814009661835749 0.02969208211143695 0.08260869565217391
40 0.562866568914956 0.8881642512077295 0.039222873900293255 0.07198067632850241
40 0.5216275659824047 0.8842995169082125 0.0373900293255132 0.07004830917874397
40 0.48552052785923755 0.8922705314009662 0.04582111436950147 0.08115942028985507
282 0.6354472140762464 0.9084541062801932 0.04875366568914956 0.058454106280193235
282 0.6737536656891495 0.907487922705314 0.05278592375366569 0.05458937198067633
282 0.7085777126099707 0.9067632850241546 0.0344574780058651 0.057971014492753624
282 0.7675953079178885 0.9152173913043479 0.05865102639296188 0.0748792270531401
54 0.8148826979472141 0.9009661835748792 0.04618768328445748 0.09758454106280193
298 0.8733504398826979 0.9016908212560386 0.048020527859237536 0.10193236714975845
298 0.9276026392961877 0.9002415458937199 0.053885630498533725 0.1067632850241546
169 0.7961876832844574 0.7835748792270532 0.04398826979472141 0.0647342995169082
169 0.7547653958944281 0.7814009661835749 0.0344574780058651 0.059420289855072465
56 0.7214076246334311 0.7777777777777778 0.03519061583577713 0.06956521739130435
56 0.6856671554252199 0.778743961352657 0.039222873900293255 0.07729468599033816
355 0.8361436950146628 0.7756038647342995 0.03152492668621701 0.06618357487922705
229 0.8640029325513197 0.7673913043478261 0.05865102639296188 0.08743961352657005
298 0.9160557184750733 0.770048309178744 0.045454545454545456 0.08599033816425121
298 0.9508797653958945 0.770048309178744 0.026392961876832845 0.08019323671497584
238 0.8220307917888563 0.5618357487922705 0.03482404692082111 0.03188405797101449
238 0.8211143695014663 0.5978260869565217 0.036656891495601175 0.028502415458937197
122 0.8867302052785924 0.5596618357487922 0.04472140762463343 0.036231884057971016
