11 0.14715608465608465 0.13082837301587302 0.12235449735449735 0.10838293650793651
239 0.2058531746031746 0.1297123015873016 0.06580687830687831 0.10416666666666667
239 0.289021164021164 0.1267361111111111 0.06746031746031746 0.10615079365079365
188 0.37003968253968256 0.13950892857142858 0.05357142857142857 0.07316468253968254
188 0.42939814814814814 0.1375248015873016 0.07771164021164022 0.07514880952380952
188 0.501818783068783 0.13950892857142858 0.06183862433862434 0.06671626984126984
307 0.5595238095238095 0.13566468253968253 0.056878306878306875 0.06547619047619048
307 0.6190476190476191 0.1277281746031746 0.07473544973544974 0.07886904761904762
307 0.6903108465608465 0.12487599206349206 0.07705026455026455 0.08159722222222222
280 0.763558201058201 0.12487599206349206 0.06746031746031746 0.06870039682539683
280 0.8298611111111112 0.12586805555555555 0.06977513227513228 0.06870039682539683
280 0.9031084656084656 0.11904761904761904 0.08333333333333333 0.08333333333333333
280 0.968584656084656 0.11408730158730158 0.06018518518518518 0.09027777777777778
204 0.9236111111111112 0.31535218253968256 0.10052910052910052 0.07018849206349206
204 0.8250661375661376 0.31535218253968256 0.10052910052910052 0.07068452380952381
157 0.7235449735449735 0.31535218253968256 0.09788359788359788 0.07068452380952381
157 0.6238425925925926 0.3133680555555556 0.09490740740740741 0.06522817460317461
217 0.5398478835978836 0.3133680555555556 0.08366402116402116 0.06225198412698413
217 0.45105820105820105 0.31237599206349204 0.08664021164021164 0.0642361111111111
284 0.3621031746031746 0.31237599206349204 0.083994708994709 0.06225198412698413
284 0.28406084656084657 0.31039186507936506 0.07936507936507936 0.0597718253968254
265 0.1658399470899471 0.31237599206349204 0.12268518518518519 0.06225198412698413
284 0.3630952380952381 0.24206349206349206 0.08134920634920635 0.06646825396825397
92 0.5398478835978836 0.39347718253968256 0.05588624338624339 0.04241071428571429
92 0.5995370370370371 0.39831349206349204 0.056878306878306875 0.04513888888888889
92 0.5115740740740741 0.46279761904761907 0.057539682539682536 0.04117063492063492
92 0.5712632275132276 0.46279761904761907 0.060515873015873016 0.04117063492063492
212 0.6658399470899471 0.4636656746031746 0.0710978835978836 0.04836309523809524
212 0.7273478835978836 0.46081349206349204 0.05191798941798942 0.053075396825396824
345 0.8093584656084656 0.4021577380952381 0.07043650793650794 0.04241071428571429
345 0.8738425925925926 0.3993055555555556 0.06183862433862434 0.04265873015873016
345 0.8113425925925926 0.46664186507936506 0.08167989417989419 0.047867063492063495
345 0.8708664021164021 0.46862599206349204 0.05191798941798942 0.04439484126984127
38 0.6970899470899471 0.6044146825396826 0.06349206349206349 0.09474206349206349
3 0.6083002645502645 0.5477430555555556 0.11144179894179894 0.04836309523809524
3 0.607308201058201 0.6072668650793651 0.11210317460317461 0.07366071428571429
3 0.49702380952380953 0.5417906746031746 0.10052910052910052 0.03943452380952381
3 0.4958664021164021 0.5944940476190477 0.11673280423280423 0.0798611111111111
296 0.39533730158730157 0.542906746031746 0.11144179894179894 0.053075396825396824
296 0.39533730158730157 0.5985863095238095 0.08961640211640212 0.061755952380952384
296 0.3368055555555556 0.5349702380952381 0.08366402116402116 0.05654761904761905
296 0.30853174603174605 0.589781746031746 0.08597883597883597 0.06001984126984127
109 0.23429232804232805 0.5829613095238095 0.06977513227513228 0.05431547619047619
109 0.15906084656084657 0.5770089285714286 0.0958994708994709 0.06225198412698413
38 0.7713293650793651 0.6163194444444444 0.05191798941798942 0.10119047619047619
38 0.8240740740740741 0.6169394841269841 0.0701058201058201 0.10243055555555555
21 0.9618055555555556 0.5954861111111112 0.07572751322751323 0.09424603174603174
271 0.9568452380952381 0.7348710317460317 0.08630952380952381 0.0763888888888889
271 0.9624669312169312 0.8009672619047619 0.07506613756613757 0.07068452380952381
109 0.9184854497354498 0.7879464285714286 0.014219576719576719 0.06746031746031746
152 0.783068783068783 0.7736855158730159 0.09193121693121693 0.07217261904761904
152 0.7958002645502645 0.7034970238095238 0.09358465608465609 0.05927579365079365
152 0.8695436507936508 0.7848462301587301 0.09358465608465609 0.07316468253968254
349 0.6044973544973545 0.7261904761904762 0.083994708994709 0.057539682539682536
349 0.6843584656084656 0.7310267857142857 0.08300264550264551 0.06721230158730158
62 0.19212962962962962 0.6834077380952381 0.0992063492063492 0.10094246031746032
62 0.2748015873015873 0.6995287698412699 0.10978835978835978 0.09300595238095238
86 0.3978174603174603 0.6685267857142857 0.09854497354497355 0.06374007936507936
86 0.49520502645502645 0.6784474206349206 0.10681216931216932 0.06522817460317461
86 0.3801256613756614 0.7266865079365079 0.105489417989418 0.06994047619047619
86 0.4791666666666667 0.7385912698412699 0.10912698412698413 0.07242063492063493
329 0.2867063492063492 0.8249007936507936 0.0873015873015873 0.08680555555555555
329 0.21478174603174602 0.8000992063492064 0.0625 0.07043650793650794
86 0.4565145502645503 0.8250248015873016 0.1736111111111111 0.07217261904761904
338 0.6516203703703703 0.8286210317460317 0.20006613756613756 0.07539682539682539
338 0.6481481481481481 0.8821924603174603 0.207010582010582 0.08978174603174603
279 0.685681216931217 0.7585565476190477 0.0796957671957672 0.010168650793650794
204 0.9366732804232805 0.2361111111111111 0.10813492063492064 0.09077380952380952
109 0.21610449735449735 0.5307539682539683 0.08961640211640212 0.06299603174603174
