208 0.730375 0.8766666666666667 0.05275 0.10266666666666667
8 0.6815 0.8698333333333333 0.0585 0.07766666666666666
130 0.968625 0.6188333333333333 0.06275 0.11433333333333333
53 0.968125 0.49983333333333335 0.06375 0.093
53 0.883625 0.497 0.07775 0.09333333333333334
53 0.811375 0.493 0.07775 0.08933333333333333
53 0.754875 0.493 0.06175 0.08333333333333333
243 0.6855 0.5096666666666667 0.0915 0.07066666666666667
243 0.674625 0.5243333333333333 0.07725 0.042666666666666665
235 0.530125 0.7946666666666666 0.05175 0.04933333333333333
235 0.530125 0.8346666666666667 0.04575 0.04933333333333333
96 0.4745 0.7635 0.0655 0.049666666666666665
96 0.4745 0.8113333333333334 0.0685 0.06666666666666667
84 0.393375 0.7313333333333333 0.06575 0.03933333333333333
84 0.393375 0.7615 0.07325 0.041
84 0.395375 0.7801666666666667 0.07225 0.06633333333333333
338 0.31725 0.7635 0.073 0.05433333333333333
338 0.319125 0.7185 0.08775 0.05433333333333333
62 0.247 0.701 0.064 0.04933333333333333
158 0.4745 0.6053333333333333 0.0535 0.051333333333333335
158 0.50475 0.6023333333333334 0.039 0.051333333333333335
345 0.438125 0.5131666666666667 0.02225 0.035
345 0.46125 0.5068333333333334 0.027 0.037
345 0.4715 0.477 0.023 0.042666666666666665
345 0.486125 0.51 0.02275 0.032
345 0.495125 0.4785 0.02275 0.033
92 0.509375 0.5103333333333333 0.02425 0.030666666666666665
92 0.519375 0.471 0.02275 0.028666666666666667
92 0.53325 0.5128333333333334 0.025 0.031
92 0.542875 0.47583333333333333 0.02675 0.035
212 0.557625 0.5118333333333334 0.02225 0.03833333333333333
212 0.5765 0.5138333333333334 0.02 0.03966666666666667
239 0.42075 0.26566666666666666 0.022 0.05733333333333333
239 0.41825 0.31033333333333335 0.022 0.052
239 0.397875 0.31166666666666665 0.01875 0.05
239 0.38525 0.31616666666666665 0.008 0.042333333333333334
239 0.389375 0.26466666666666666 0.02175 0.056
239 0.40375 0.268 0.0105 0.042666666666666665
188 0.458875 0.31266666666666665 0.02025 0.044
188 0.47975 0.3085 0.023 0.050333333333333334
188 0.50075 0.30883333333333335 0.019 0.047
244 0.5415 0.2675 0.038 0.031
52 0.53225 0.31116666666666665 0.0375 0.034333333333333334
52 0.5705 0.31016666666666665 0.0395 0.036333333333333336
333 0.6115 0.30433333333333334 0.0355 0.04933333333333333
143 0.661375 0.2841666666666667 0.06525 0.03766666666666667
143 0.665375 0.31166666666666665 0.06825 0.03266666666666666
143 0.665625 0.255 0.06475 0.03866666666666667
109 0.632625 0.25933333333333336 0.00625 0.023333333333333334
11 0.714875 0.288 0.04475 0.072
236 0.33375 0.583 0.0295 0.03866666666666667
236 0.353625 0.5701666666666667 0.01975 0.03233333333333333
92 0.366625 0.5613333333333334 0.00625 0.012666666666666666
82 0.298625 0.5701666666666667 0.02175 0.03233333333333333
109 0.279625 0.5703333333333334 0.02325 0.03266666666666666
207 0.403625 0.5638333333333333 0.02525 0.06166666666666667
296 0.3035 0.4945 0.026 0.031
296 0.330125 0.49633333333333335 0.02675 0.03
296 0.342625 0.4666666666666667 0.02125 0.035333333333333335
132 0.3635 0.5046666666666667 0.03 0.03
132 0.396625 0.507 0.03275 0.03
38 0.245875 0.48633333333333334 0.02675 0.050666666666666665
3 0.2105 0.4775 0.039 0.035666666666666666
265 0.22125 0.416 0.027 0.034666666666666665
265 0.24075 0.41683333333333333 0.0205 0.034333333333333334
73 0.2635 0.417 0.022 0.034666666666666665
284 0.314 0.4171666666666667 0.034 0.033666666666666664
157 0.33875 0.41683333333333333 0.032 0.034333333333333334
280 0.336125 0.32233333333333336 0.01675 0.034
280 0.353375 0.32166666666666666 0.01875 0.034
307 0.287125 0.32466666666666666 0.02225 0.03266666666666666
329 0.237875 0.6246666666666667 0.04025 0.04466666666666667
86 0.265125 0.6531666666666667 0.03325 0.03766666666666667
86 0.2765 0.6178333333333333 0.03 0.031
152 0.316125 0.664 0.02925 0.036
152 0.34175 0.6685 0.033 0.033666666666666664
349 0.46325 0.6648333333333334 0.0325 0.044333333333333336
349 0.494125 0.6696666666666666 0.03125 0.04533333333333334
349 0.4645 0.699 0.03 0.03133333333333333
349 0.494375 0.7026666666666667 0.03025 0.030666666666666665
109 0.528375 0.677 0.03475 0.042
109 0.52725 0.7116666666666667 0.0325 0.038
109 0.560625 0.7163333333333334 0.03575 0.032
109 0.5615 0.6811666666666667 0.036 0.050333333333333334
271 0.59775 0.6793333333333333 0.034 0.03666666666666667
271 0.59775 0.7108333333333333 0.034 0.039
271 0.63325 0.6781666666666667 0.033 0.031
132 0.630625 0.7118333333333333 0.03575 0.047
355 0.668875 0.7213333333333334 0.03425 0.037333333333333336
355 0.668875 0.7503333333333333 0.03475 0.032
355 0.70025 0.755 0.0325 0.036
355 0.70025 0.7215 0.031 0.042333333333333334
21 0.68775 0.5986666666666667 0.052 0.032
355 0.69125 0.6368333333333334 0.0575 0.03766666666666667
29 0.769375 0.604 0.06275 0.10533333333333333
29 0.82125 0.6051666666666666 0.069 0.10833333333333334
29 0.880375 0.6135 0.07075 0.11033333333333334
97 0.751125 0.7228333333333333 0.06725 0.11166666666666666
97 0.811 0.7325 0.072 0.113
97 0.87 0.741 0.07 0.122
181 0.95 0.7578333333333334 0.0835 0.12833333333333333
2 0.792875 0.8851666666666667 0.07075 0.12366666666666666
2 0.854625 0.8963333333333333 0.07125 0.12466666666666666
109 0.787125 0.829 0.05975 0.015333333333333332
34 0.9085 0.8901666666666667 0.0625 0.09833333333333333
34 0.962375 0.9223333333333333 0.07025 0.11866666666666667
342 0.961125 0.2585 0.07775 0.113
342 0.89275 0.265 0.08 0.10533333333333333
331 0.8845 0.3875 0.01 0.037
170 0.8985 0.38533333333333336 0.038 0.059333333333333335
170 0.938875 0.38483333333333336 0.05175 0.061
170 0.97775 0.38416666666666666 0.036 0.06166666666666667
250 0.576 0.615 0.0255 0.042666666666666665
250 0.597875 0.623 0.02875 0.04066666666666666
250 0.619375 0.6248333333333334 0.02675 0.03833333333333333
