73 0.059333333333333335 0.279125 0.07066666666666667 0.03925
73 0.12683333333333333 0.27925 0.07033333333333333 0.038
73 0.18333333333333332 0.27625 0.07066666666666667 0.0425
284 0.248 0.27325 0.07066666666666667 0.045
284 0.30933333333333335 0.272375 0.07066666666666667 0.04275
284 0.37766666666666665 0.269375 0.07066666666666667 0.04475
284 0.37783333333333335 0.220625 0.07366666666666667 0.04925
284 0.30933333333333335 0.218625 0.07066666666666667 0.04775
284 0.243 0.2235 0.06666666666666667 0.0485
204 0.25666666666666665 0.348 0.07733333333333334 0.0425
204 0.18633333333333332 0.3505 0.06666666666666667 0.045
204 0.06616666666666667 0.352375 0.06166666666666667 0.04575
204 0.12683333333333333 0.354375 0.07233333333333333 0.04275
204 0.324 0.347 0.07066666666666667 0.0425
265 0.39916666666666667 0.344625 0.07366666666666667 0.04475
265 0.4686666666666667 0.344625 0.06666666666666667 0.04675
284 0.4061666666666667 0.2685 0.051666666666666666 0.045
280 0.4871666666666667 0.2665 0.051666666666666666 0.041
217 0.5418333333333333 0.333125 0.06633333333333333 0.05675
217 0.618 0.332 0.07933333333333334 0.0565
157 0.6903333333333334 0.333875 0.07133333333333333 0.04775
157 0.7615 0.330875 0.071 0.04925
52 0.8426666666666667 0.332875 0.086 0.03325
52 0.9128333333333334 0.332875 0.07166666666666667 0.03725
92 0.07183333333333333 0.538 0.049 0.0355
92 0.12216666666666667 0.538 0.050333333333333334 0.036
131 0.169 0.537 0.04533333333333334 0.036
131 0.20833333333333334 0.53575 0.043333333333333335 0.0365
212 0.25083333333333335 0.535625 0.04833333333333333 0.03475
212 0.2911666666666667 0.535625 0.058333333333333334 0.03325
212 0.3436666666666667 0.537 0.051333333333333335 0.0275
212 0.391 0.536 0.04933333333333333 0.0305
345 0.43466666666666665 0.535375 0.05266666666666667 0.03025
345 0.4871666666666667 0.5315 0.051 0.036
38 0.6418333333333334 0.50475 0.05433333333333333 0.0665
38 0.6881666666666667 0.502125 0.05366666666666667 0.07225
21 0.7556666666666667 0.499875 0.058 0.07675
21 0.8138333333333333 0.503125 0.060333333333333336 0.06975
21 0.8616666666666667 0.502125 0.05533333333333333 0.07175
349 0.44583333333333336 0.5865 0.06566666666666666 0.0425
349 0.44483333333333336 0.6295 0.069 0.0465
349 0.37583333333333335 0.591125 0.07633333333333334 0.05075
349 0.37633333333333335 0.63375 0.06933333333333333 0.038
296 0.30833333333333335 0.635 0.074 0.0385
296 0.30333333333333334 0.59275 0.074 0.049
296 0.24416666666666667 0.59225 0.055 0.046
296 0.24416666666666667 0.6325 0.06366666666666666 0.046
109 0.17583333333333334 0.589875 0.085 0.04775
109 0.17683333333333334 0.6345 0.08433333333333333 0.051
109 0.0985 0.63575 0.07833333333333334 0.0505
109 0.11233333333333333 0.589875 0.048666666666666664 0.04225
82 0.5076666666666667 0.6275 0.05 0.0475
250 0.5645 0.6275 0.052333333333333336 0.0455
250 0.5725 0.586625 0.06633333333333333 0.05025
235 0.7651666666666667 0.607875 0.105 0.08525
233 0.6615 0.62525 0.05366666666666667 0.0455
96 0.9078333333333334 0.619125 0.09566666666666666 0.04875
96 0.8378333333333333 0.61675 0.042333333333333334 0.0425
207 0.5378333333333334 0.724 0.06166666666666667 0.0505
207 0.6091666666666666 0.728125 0.067 0.04175
207 0.68 0.728125 0.07066666666666667 0.04175
207 0.7516666666666667 0.722125 0.07066666666666667 0.05425
207 0.6775 0.685 0.06766666666666667 0.048
101 0.6026666666666667 0.685625 0.06666666666666667 0.04725
109 0.7373333333333333 0.677625 0.044 0.03725
208 0.8225 0.725875 0.06833333333333333 0.04025
33 0.8943333333333333 0.821 0.11466666666666667 0.0905
33 0.7963333333333333 0.80325 0.08666666666666667 0.08
243 0.5908333333333333 0.841 0.133 0.0375
243 0.5906666666666667 0.80275 0.132 0.044
338 0.2981666666666667 0.7955 0.129 0.0485
271 0.435 0.840875 0.06666666666666667 0.04975
246 0.21266666666666667 0.692375 0.1 0.04825
86 0.2945 0.729375 0.07633333333333334 0.05225
132 0.3785 0.729875 0.097 0.05475
132 0.3863333333333333 0.688625 0.09666666666666666 0.04075
271 0.46316666666666667 0.728 0.07433333333333333 0.0565
