209 0.04488357843137255 0.4540441176470588 0.05361519607843137 0.04779411764705882
296 0.0975796568627451 0.41094771241830064 0.060355392156862746 0.05065359477124183
296 0.14721200980392157 0.411968954248366 0.05177696078431373 0.04861111111111111
296 0.14721200980392157 0.45874183006535946 0.05177696078431373 0.0457516339869281
296 0.0974264705882353 0.4569035947712418 0.05392156862745098 0.04534313725490196
349 0.0196078431372549 0.5232843137254902 0.0392156862745098 0.0392156862745098
349 0.02420343137254902 0.5641339869281046 0.04840686274509804 0.042483660130718956
349 0.07506127450980392 0.565359477124183 0.056372549019607844 0.0457516339869281
349 0.07123161764705882 0.5222630718954249 0.05177696078431373 0.04370915032679738
132 0.023284313725490197 0.6286764705882353 0.04656862745098039 0.042483660130718956
132 0.02420343137254902 0.6658496732026143 0.04840686274509804 0.04330065359477124
132 0.07306985294117647 0.630718954248366 0.057291666666666664 0.04411764705882353
132 0.07306985294117647 0.6666666666666666 0.06158088235294118 0.041666666666666664
132 0.13066789215686275 0.6266339869281046 0.06158088235294118 0.0392156862745098
132 0.13556985294117646 0.6658496732026143 0.05667892156862745 0.03758169934640523
132 0.19132965686274508 0.6617647058823529 0.05667892156862745 0.04003267973856209
132 0.19424019607843138 0.630718954248366 0.0545343137254902 0.03594771241830065
3 0.19408700980392157 0.5582107843137255 0.05177696078431373 0.06004901960784314
3 0.22533700980392157 0.5563725490196079 0.057291666666666664 0.06454248366013073
3 0.27818627450980393 0.5563725490196079 0.061887254901960786 0.06454248366013073
38 0.3241421568627451 0.5535130718954249 0.03676470588235294 0.06862745098039216
38 0.34957107843137253 0.5535130718954249 0.03431372549019608 0.06862745098039216
38 0.37974877450980393 0.5535130718954249 0.03278186274509804 0.0661764705882353
38 0.40609681372549017 0.5535130718954249 0.03216911764705882 0.0661764705882353
38 0.4257046568627451 0.5535130718954249 0.030330882352941176 0.06535947712418301
38 0.45098039215686275 0.5535130718954249 0.029411764705882353 0.06535947712418301
21 0.48713235294117646 0.5535130718954249 0.03676470588235294 0.06454248366013073
21 0.5261948529411765 0.5514705882352942 0.03216911764705882 0.06862745098039216
21 0.5574448529411765 0.5514705882352942 0.03216911764705882 0.06862745098039216
39 0.5759803921568627 0.5535130718954249 0.029411764705882353 0.06209150326797386
39 0.6052389705882353 0.5535130718954249 0.030330882352941176 0.058823529411764705
39 0.6366421568627451 0.5535130718954249 0.03370098039215686 0.059640522875817
39 0.6591605392156863 0.5535130718954249 0.030330882352941176 0.058823529411764705
39 0.6746323529411765 0.5535130718954249 0.027573529411764705 0.06209150326797386
66 0.7118566176470589 0.5535130718954249 0.04932598039215686 0.06045751633986928
66 0.750765931372549 0.5535130718954249 0.045649509803921566 0.058823529411764705
66 0.7928921568627451 0.5535130718954249 0.04595588235294118 0.056372549019607844
66 0.8339460784313726 0.5535130718954249 0.0428921568627451 0.056372549019607844
0 0.5664828431372549 0.34620098039215685 0.028186274509803922 0.05269607843137255
0 0.5413602941176471 0.3459967320261438 0.026348039215686275 0.051470588235294115
0 0.514859068627451 0.3457924836601307 0.026041666666666668 0.04861111111111111
0 0.48943014705882354 0.34477124183006536 0.029105392156862746 0.04820261437908497
92 0.46047794117647056 0.3449754901960784 0.028799019607843136 0.0428921568627451
92 0.4322916666666667 0.3355800653594771 0.03370098039215686 0.060866013071895424
92 0.40701593137254904 0.3402777777777778 0.027879901960784315 0.04820261437908497
92 0.3716299019607843 0.3347630718954248 0.04656862745098039 0.056781045751633986
345 0.3336397058823529 0.3355800653594771 0.026348039215686275 0.0494281045751634
345 0.3160232843137255 0.3349673202614379 0.029105392156862746 0.04820261437908497
345 0.2965686274509804 0.3284313725490196 0.04595588235294118 0.061274509803921566
345 0.25735294117647056 0.3286356209150327 0.0428921568627451 0.056781045751633986
212 0.22487745098039216 0.3263888888888889 0.03370098039215686 0.05718954248366013
212 0.1953125 0.32802287581699346 0.03278186274509804 0.049836601307189546
212 0.1636029411764706 0.32516339869281047 0.03982843137254902 0.051470588235294115
183 0.12791053921568626 0.3243464052287582 0.04381127450980392 0.05065359477124183
355 0.5997242647058824 0.3241421568627451 0.036458333333333336 0.04044117647058824
355 0.6329656862745098 0.32679738562091504 0.03553921568627451 0.04003267973856209
355 0.6646752450980392 0.3290441176470588 0.035845588235294115 0.04044117647058824
355 0.6329656862745098 0.36090686274509803 0.03370098039215686 0.03308823529411765
355 0.5989583333333334 0.35866013071895425 0.03431372549019608 0.032679738562091505
355 0.6654411764705882 0.3631535947712418 0.03125 0.032679738562091505
243 0.6946997549019608 0.36090686274509803 0.029105392156862746 0.04044117647058824
246 0.7201286764705882 0.36213235294117646 0.026041666666666668 0.04125816993464052
243 0.7435661764705882 0.36437908496732024 0.024509803921568627 0.04003267973856209
109 0.7662377450980392 0.3660130718954248 0.024509803921568627 0.04003267973856209
343 0.7896752450980392 0.32598039215686275 0.04197303921568627 0.04656862745098039
343 0.8158700980392157 0.3286356209150327 0.030637254901960783 0.04616013071895425
343 0.8357843137254902 0.3292483660130719 0.03370098039215686 0.0457516339869281
343 0.7892156862745098 0.3678513071895425 0.03125 0.03799019607843137
343 0.8115808823529411 0.36887254901960786 0.03125 0.04003267973856209
343 0.8314950980392157 0.37050653594771243 0.028186274509803922 0.03839869281045752
68 0.19883578431372548 0.45445261437908496 0.034926470588235295 0.05923202614379085
68 0.22794117647058823 0.45526960784313725 0.03553921568627451 0.05841503267973856
68 0.25643382352941174 0.4556781045751634 0.03370098039215686 0.05841503267973856
68 0.28768382352941174 0.4564950980392157 0.03370098039215686 0.0559640522875817
68 0.3161764705882353 0.45751633986928103 0.03125 0.05555555555555555
188 0.3446691176470588 0.45812908496732024 0.028799019607843136 0.05514705882352941
307 0.37025122549019607 0.4585375816993464 0.02971813725490196 0.05514705882352941
307 0.39767156862745096 0.46017156862745096 0.028799019607843136 0.054330065359477125
307 0.42386642156862747 0.46017156862745096 0.029105392156862746 0.0559640522875817
307 0.4479166666666667 0.4605800653594771 0.025122549019607844 0.05514705882352941
188 0.47640931372549017 0.4622140522875817 0.02696078431372549 0.05514705882352941
188 0.5027573529411765 0.46262254901960786 0.02696078431372549 0.05514705882352941
188 0.5283394607843137 0.46262254901960786 0.027879901960784315 0.0559640522875817
188 0.5574448529411765 0.46343954248366015 0.027879901960784315 0.05514705882352941
239 0.5893075980392157 0.4585375816993464 0.030943627450980393 0.06495098039215687
239 0.6127450980392157 0.45894607843137253 0.029411764705882353 0.06576797385620915
239 0.6334252450980392 0.460375816993464 0.02297794117647059 0.06535947712418301
239 0.6545649509803921 0.4618055555555556 0.027879901960784315 0.06413398692810457
345 0.6747855392156863 0.46262254901960786 0.024816176470588234 0.06413398692810457
131 0.6937806372549019 0.46343954248366015 0.02297794117647059 0.0625
280 0.7607230392156863 0.46977124183006536 0.025122549019607844 0.05228758169934641
280 0.796875 0.4707924836601307 0.03370098039215686 0.051879084967320264
280 0.8204656862745098 0.4707924836601307 0.025735294117647058 0.053513071895424834
280 0.8377757352941176 0.471609477124183 0.026041666666666668 0.051879084967320264
280 0.8521752450980392 0.4722222222222222 0.036458333333333336 0.05310457516339869
280 0.8708639705882353 0.47487745098039214 0.021139705882352942 0.04861111111111111
52 0.9669117647058824 0.48223039215686275 0.03002450980392157 0.03880718954248366
52 0.9903492647058824 0.48284313725490197 0.019301470588235295 0.0392156862745098
239 0.7290134803921569 0.4636437908496732 0.04381127450980392 0.06372549019607843
101 0.8484987745098039 0.3278186274509804 0.007659313725490196 0.039624183006535946
42 0.8622855392156863 0.3327205882352941 0.03462009803921569 0.04616013071895425
42 0.8572303921568627 0.37254901960784315 0.025122549019607844 0.03758169934640523
42 0.8783700980392157 0.3737745098039216 0.027573529411764705 0.03758169934640523
42 0.8892463235294118 0.3341503267973856 0.03462009803921569 0.04656862745098039
42 0.9004289215686274 0.3756127450980392 0.028799019607843136 0.0363562091503268
42 0.9091605392156863 0.3368055555555556 0.026041666666666668 0.04370915032679738
355 0.9327512254901961 0.3492647058823529 0.0389093137254902 0.03594771241830065
355 0.9272365196078431 0.38112745098039214 0.03278186274509804 0.029411764705882353
355 0.9598651960784313 0.383374183006536 0.03615196078431373 0.02900326797385621
355 0.9656862745098039 0.3519199346405229 0.03676470588235294 0.0363562091503268
316 0.8811274509803921 0.5447303921568627 0.05024509803921569 0.0298202614379085
316 0.8769914215686274 0.5727124183006536 0.04197303921568627 0.027777777777777776
143 0.9227941176470589 0.5716911764705882 0.049019607843137254 0.028186274509803922
143 0.9267769607843137 0.5445261437908496 0.05330882352941176 0.029411764705882353
233 0.7239583333333334 0.6184640522875817 0.025735294117647058 0.0392156862745098
233 0.7487745098039216 0.6184640522875817 0.03002450980392157 0.04003267973856209
233 0.7752757352941176 0.6184640522875817 0.02849264705882353 0.0392156862745098
158 0.7982536764705882 0.6200980392156863 0.024816176470588234 0.0392156862745098
158 0.8226102941176471 0.6184640522875817 0.025735294117647058 0.0392156862745098
82 0.8462009803921569 0.6205065359477124 0.02696078431372549 0.04003267973856209
82 0.8800551470588235 0.6184640522875817 0.029105392156862746 0.0392156862745098
208 0.9073223039215687 0.6137663398692811 0.03462009803921569 0.03880718954248366
208 0.9385723039215687 0.6133578431372549 0.033394607843137254 0.03799019607843137
96 0.9661458333333334 0.6154003267973857 0.03707107843137255 0.039624183006535946
96 0.9909620098039216 0.6154003267973857 0.017463235294117647 0.037173202614379085
96 0.9846813725490197 0.6472630718954249 0.028186274509803922 0.028186274509803922
96 0.9607843137254902 0.6474673202614379 0.03431372549019608 0.03022875816993464
208 0.9348958333333334 0.6472630718954249 0.030330882352941176 0.03308823529411765
208 0.9041053921568627 0.6484885620915033 0.03553921568627451 0.03308823529411765
82 0.8748468137254902 0.6517565359477124 0.027879901960784315 0.02900326797385621
82 0.8402267156862745 0.6523692810457516 0.022365196078431373 0.028594771241830064
158 0.8212316176470589 0.6517565359477124 0.027879901960784315 0.02900326797385621
158 0.7930453431372549 0.6521650326797386 0.02420343137254902 0.028186274509803922
271 0.24433210784313725 0.6258169934640523 0.047487745098039214 0.04656862745098039
271 0.28599877450980393 0.6254084967320261 0.04932598039215686 0.04656862745098039
271 0.32950367647058826 0.6229575163398693 0.03829656862745098 0.04411764705882353
271 0.3713235294117647 0.6233660130718954 0.04411764705882353 0.04493464052287582
236 0.41253063725490197 0.6223447712418301 0.04381127450980392 0.04534313725490196
236 0.45036764705882354 0.6207107843137255 0.04105392156862745 0.04370915032679738
236 0.49004289215686275 0.6200980392156863 0.03829656862745098 0.041666666666666664
207 0.578890931372549 0.6194852941176471 0.04932598039215686 0.04370915032679738
207 0.6415441176470589 0.6196895424836601 0.04411764705882353 0.04411764705882353
207 0.608609068627451 0.6178513071895425 0.03462009803921569 0.042075163398692814
250 0.6712622549019608 0.6184640522875817 0.027573529411764705 0.042483660130718956
250 0.6977634803921569 0.6196895424836601 0.02542892156862745 0.03594771241830065
250 0.6985294117647058 0.6548202614379085 0.024509803921568627 0.03431372549019608
250 0.6703431372549019 0.6548202614379085 0.024509803921568627 0.035130718954248366
207 0.6450674019607843 0.6574754901960784 0.030330882352941176 0.037173202614379085
207 0.608609068627451 0.6566584967320261 0.03216911764705882 0.03880718954248366
207 0.5768995098039216 0.6574754901960784 0.032475490196078434 0.0363562091503268
236 0.5298713235294118 0.6550245098039216 0.03462009803921569 0.042075163398692814
236 0.49050245098039214 0.6574754901960784 0.0392156862745098 0.0363562091503268
271 0.24662990196078433 0.6674836601307189 0.0428921568627451 0.0392156862745098
271 0.28722426470588236 0.6662581699346405 0.03952205882352941 0.03839869281045752
271 0.3287377450980392 0.6638071895424836 0.03553921568627451 0.0392156862745098
271 0.36933210784313725 0.6627859477124183 0.035845588235294115 0.03880718954248366
236 0.4106924019607843 0.6652369281045751 0.03707107843137255 0.04370915032679738
236 0.4492953431372549 0.6638071895424836 0.033394607843137254 0.04084967320261438
246 0.18504901960784315 0.7730800653594772 0.05392156862745098 0.030637254901960783
246 0.18596813725490197 0.7383578431372549 0.05392156862745098 0.046977124183006536
246 0.18489583333333334 0.7087418300653595 0.04871323529411765 0.02287581699346405
246 0.23131127450980393 0.7087418300653595 0.04656862745098039 0.025326797385620915
246 0.2345281862745098 0.7383578431372549 0.04993872549019608 0.03880718954248366
246 0.2345281862745098 0.772671568627451 0.047487745098039214 0.03145424836601307
246 0.2835477941176471 0.7708333333333334 0.04871323529411765 0.03594771241830065
246 0.2849264705882353 0.735498366013072 0.05024509803921569 0.042075163398692814
246 0.2800245098039216 0.7066993464052288 0.05392156862745098 0.022058823529411766
86 0.33409926470588236 0.7655228758169934 0.05116421568627451 0.04656862745098039
86 0.3785232843137255 0.7706290849673203 0.046875 0.034722222222222224
86 0.3785232843137255 0.7342728758169934 0.04871323529411765 0.044526143790849675
86 0.3785232843137255 0.7036356209150327 0.045649509803921566 0.02165032679738562
86 0.42800245098039214 0.7687908496732027 0.044730392156862746 0.03349673202614379
86 0.42800245098039214 0.7340686274509803 0.04718137254901961 0.0392156862745098
86 0.42800245098039214 0.7036356209150327 0.04411764705882353 0.023284313725490197
84 0.49433210784313725 0.7632761437908496 0.08731617647058823 0.03553921568627451
84 0.4947916666666667 0.7314133986928104 0.08946078431372549 0.037173202614379085
84 0.4947916666666667 0.704452614379085 0.09068627450980392 0.024918300653594773
132 0.6660539215686274 0.6950571895424836 0.0778186274509804 0.024101307189542485
84 0.6654411764705882 0.7218137254901961 0.07659313725490197 0.03758169934640523
84 0.6620710784313726 0.7514297385620915 0.06985294117647059 0.03227124183006536
243 0.7348345588235294 0.7491830065359477 0.06525735294117647 0.032679738562091505
243 0.7342218137254902 0.7222222222222222 0.06770833333333333 0.03431372549019608
243 0.7366727941176471 0.6952614379084967 0.0628063725490196 0.029411764705882353
243 0.7954963235294118 0.693218954248366 0.057904411764705885 0.025326797385620915
243 0.7951899509803921 0.7193627450980392 0.060355392156862746 0.03022875816993464
243 0.7941176470588235 0.7459150326797386 0.061274509803921566 0.028594771241830064
235 0.8534007352941176 0.727328431372549 0.040747549019607844 0.05514705882352941
235 0.8871017156862745 0.7254901960784313 0.04258578431372549 0.056372549019607844
235 0.9201899509803921 0.7228349673202614 0.046262254901960786 0.056781045751633986
235 0.9574142156862745 0.7207924836601307 0.04411764705882353 0.054330065359477125
235 0.9854473039215687 0.7201797385620915 0.02849264705882353 0.05310457516339869
355 0.014552696078431373 0.7530637254901961 0.029105392156862746 0.034722222222222224
355 0.04978553921568627 0.7536764705882353 0.050551470588235295 0.03594771241830065
355 0.05575980392156863 0.7849264705882353 0.04350490196078431 0.0363562091503268
355 0.0194546568627451 0.7871732026143791 0.0389093137254902 0.03594771241830065
109 0.0934436274509804 0.7514297385620915 0.04718137254901961 0.03145424836601307
109 0.09880514705882353 0.7828839869281046 0.045649509803921566 0.0363562091503268
109 0.13633578431372548 0.7816584967320261 0.03982843137254902 0.03553921568627451
109 0.13434436274509803 0.7495915032679739 0.043198529411764705 0.027777777777777776
329 0.1948529411764706 0.8870506535947712 0.052083333333333336 0.07475490196078431
329 0.14368872549019607 0.8870506535947712 0.05514705882352941 0.07475490196078431
329 0.09114583333333333 0.8909313725490197 0.057291666666666664 0.08333333333333333
329 0.04350490196078431 0.8909313725490197 0.05514705882352941 0.08333333333333333
62 0.24923406862745098 0.8770424836601307 0.053002450980392156 0.0857843137254902
62 0.2945772058823529 0.8772467320261438 0.04871323529411765 0.08374183006535947
62 0.34175857843137253 0.8709150326797386 0.04993872549019608 0.07761437908496732
62 0.3864889705882353 0.8688725490196079 0.04503676470588235 0.07352941176470588
338 0.45588235294117646 0.8780637254901961 0.06985294117647059 0.024101307189542485
338 0.4566482843137255 0.8457924836601307 0.0897671568627451 0.04616013071895425
338 0.45588235294117646 0.8184232026143791 0.08823529411764706 0.05269607843137255
338 0.5485600490196079 0.8102532679738562 0.09037990196078431 0.0363562091503268
338 0.546109068627451 0.8431372549019608 0.08731617647058823 0.03839869281045752
338 0.5454963235294118 0.8719362745098039 0.06587009803921569 0.03227124183006536
338 0.6306678921568627 0.806781045751634 0.07935049019607843 0.029411764705882353
338 0.6312806372549019 0.8345588235294118 0.08118872549019608 0.03839869281045752
338 0.6303615196078431 0.8647875816993464 0.06709558823529412 0.03104575163398693
338 0.7167585784313726 0.7998366013071896 0.0818014705882353 0.041666666666666664
338 0.7162990196078431 0.8282271241830066 0.08088235294117647 0.034722222222222224
338 0.7133884803921569 0.8547794117647058 0.07506127450980392 0.0298202614379085
338 0.7833946078431373 0.8480392156862745 0.07291666666666667 0.0392156862745098
338 0.7884497549019608 0.8176062091503268 0.07322303921568628 0.044526143790849675
338 0.7869178921568627 0.7914624183006536 0.07689950980392157 0.024918300653594773
84 0.5814950980392157 0.71875 0.07904411764705882 0.046977124183006536
84 0.5814950980392157 0.7569444444444444 0.0778186274509804 0.03349673202614379
8 0.8489583333333334 0.8127042483660131 0.04411764705882353 0.03880718954248366
8 0.8800551470588235 0.8310866013071896 0.03707107843137255 0.0428921568627451
8 0.8452818627450981 0.8433415032679739 0.037377450980392156 0.026552287581699346
33 0.9223345588235294 0.8178104575163399 0.04503676470588235 0.06699346405228758
244 0.9116115196078431 0.43443627450980393 0.03707107843137255 0.044526143790849675
244 0.9466911764705882 0.4395424836601307 0.026348039215686275 0.03349673202614379
52 0.9718137254901961 0.44076797385620914 0.031862745098039214 0.041666666666666664
244 0.9031862745098039 0.4783496732026144 0.03553921568627451 0.04656862745098039
244 0.9359681372549019 0.48366013071895425 0.028799019607843136 0.04738562091503268
333 0.9623161764705882 0.5606617647058824 0.03002450980392157 0.05269607843137255
333 0.9895833333333334 0.5661764705882353 0.020833333333333332 0.058823529411764705
