62 0.033 0.873875 0.066 0.12325
62 0.10633333333333334 0.873875 0.112 0.11275
246 0.21866666666666668 0.8495 0.08733333333333333 0.0565
246 0.2976666666666667 0.851375 0.076 0.05425
246 0.38466666666666666 0.87575 0.10066666666666667 0.0665
243 0.49983333333333335 0.887625 0.149 0.07775
8 0.6346666666666667 0.834875 0.11133333333333334 0.04175
8 0.6346666666666667 0.872875 0.112 0.04675
8 0.6306666666666667 0.907125 0.116 0.04375
96 0.7283333333333334 0.894375 0.1 0.06225
96 0.7283333333333334 0.834875 0.086 0.06025
208 0.8093333333333333 0.833875 0.08 0.06225
208 0.8181666666666667 0.8915 0.07833333333333334 0.062
33 0.908 0.8475 0.11933333333333333 0.092
235 0.8875 0.732375 0.10833333333333334 0.08325
271 0.7956666666666666 0.750875 0.086 0.06025
271 0.7156666666666667 0.73225 0.08 0.0485
132 0.6346666666666667 0.745 0.08133333333333333 0.0515
132 0.5506666666666666 0.757625 0.10066666666666667 0.05325
349 0.827 0.646375 0.078 0.05125
349 0.9031666666666667 0.641375 0.077 0.05425
349 0.7576666666666667 0.64825 0.078 0.0455
296 0.6765 0.648375 0.07833333333333334 0.04925
296 0.6025 0.64925 0.07833333333333334 0.0515
109 0.5213333333333333 0.64925 0.07 0.0515
109 0.44916666666666666 0.655125 0.07366666666666667 0.05125
109 0.38083333333333336 0.657125 0.07366666666666667 0.05125
86 0.38166666666666665 0.750875 0.10066666666666667 0.04825
132 0.453 0.75475 0.08733333333333333 0.0455
86 0.281 0.75675 0.10066666666666667 0.0565
329 0.19116666666666668 0.75675 0.08366666666666667 0.0665
329 0.11116666666666666 0.750875 0.09966666666666667 0.08275
21 0.2275 0.649375 0.06166666666666667 0.07075
21 0.2771666666666667 0.648375 0.053 0.07075
21 0.324 0.645375 0.05266666666666667 0.07025
38 0.09183333333333334 0.65225 0.059666666666666666 0.0735
38 0.14016666666666666 0.652 0.04633333333333333 0.0735
38 0.17716666666666667 0.651875 0.05566666666666667 0.07225
207 0.08116666666666666 0.560125 0.06233333333333333 0.04775
207 0.1545 0.55875 0.06766666666666667 0.0495
12 0.24133333333333334 0.55675 0.06866666666666667 0.046
236 0.311 0.555875 0.06666666666666667 0.04425
82 0.3795 0.555125 0.057 0.04275
82 0.44716666666666666 0.55425 0.052333333333333336 0.0405
250 0.5021666666666667 0.549 0.041666666666666664 0.045
250 0.5523333333333333 0.547125 0.06333333333333334 0.04725
250 0.595 0.54725 0.019333333333333334 0.0475
250 0.6355 0.547125 0.063 0.04725
233 0.69 0.540625 0.050666666666666665 0.04325
233 0.7433333333333333 0.54025 0.06666666666666667 0.0435
233 0.8155 0.541125 0.033 0.04175
3 0.8903333333333333 0.52825 0.098 0.066
333 0.8948333333333334 0.42 0.08633333333333333 0.0595
52 0.763 0.341375 0.08666666666666667 0.04425
52 0.9173333333333333 0.340625 0.09533333333333334 0.05125
92 0.06216666666666667 0.45025 0.051 0.037
92 0.10866666666666666 0.448875 0.056666666666666664 0.03975
345 0.22583333333333333 0.444125 0.059 0.03475
109 0.29233333333333333 0.45125 0.05333333333333334 0.029
217 0.4056666666666667 0.351375 0.068 0.04925
217 0.3401666666666667 0.353875 0.067 0.04625
157 0.27116666666666667 0.3565 0.06566666666666666 0.0485
265 0.20533333333333334 0.360125 0.06533333333333333 0.04475
264 0.13283333333333333 0.360875 0.07233333333333333 0.04675
264 0.06366666666666666 0.362625 0.06866666666666667 0.04325
284 0.39416666666666667 0.219625 0.06366666666666666 0.04675
284 0.3328333333333333 0.226 0.060333333333333336 0.0395
284 0.3935 0.264 0.06966666666666667 0.0465
284 0.3258333333333333 0.266875 0.067 0.04575
204 0.2555 0.26625 0.067 0.0405
204 0.25633333333333336 0.214375 0.076 0.03675
204 0.19283333333333333 0.227625 0.06566666666666666 0.04975
204 0.1895 0.272375 0.065 0.04575
73 0.12283333333333334 0.220125 0.07633333333333334 0.04125
73 0.12283333333333334 0.27475 0.067 0.041
73 0.057 0.276375 0.06733333333333333 0.03725
280 0.4585 0.267125 0.041666666666666664 0.03025
280 0.5006666666666667 0.256 0.04533333333333334 0.0515
307 0.6113333333333333 0.253625 0.05 0.04775
239 0.7241666666666666 0.2055 0.043666666666666666 0.053
239 0.7706666666666667 0.202375 0.046 0.05325
239 0.792 0.248625 0.044 0.04675
239 0.7495 0.249375 0.04566666666666667 0.04775
239 0.6911666666666667 0.21625 0.023 0.0245
