261 0.06756756756756757 0.06484375 0.12681912681912683 0.0984375
61 0.2733887733887734 0.06328125 0.11850311850311851 0.0984375
260 0.581081081081081 0.05546875 0.11850311850311851 0.1109375
260 0.7151767151767152 0.05546875 0.13721413721413722 0.1109375
315 0.841995841995842 0.05546875 0.14137214137214138 0.1109375
315 0.9459459459459459 0.0546875 0.10810810810810811 0.109375
35 0.8877338877338877 0.2953125 0.1704781704781705 0.15625
23 0.739085239085239 0.28671875 0.18087318087318088 0.1734375
23 0.58004158004158 0.2859375 0.17463617463617465 0.175
187 0.4178794178794179 0.290625 0.17463617463617465 0.165625
342 0.25675675675675674 0.28671875 0.17671517671517672 0.1671875
34 0.09355509355509356 0.2703125 0.18711018711018712 0.19375
30 0.09355509355509356 0.5 0.18711018711018712 0.175
181 0.2515592515592516 0.5 0.18295218295218296 0.175
97 0.4178794178794179 0.4953125 0.16216216216216217 0.178125
75 0.5519750519750519 0.51015625 0.1392931392931393 0.1703125
194 0.6777546777546778 0.51875 0.1496881496881497 0.15625
330 0.8284823284823285 0.5265625 0.1683991683991684 0.15
108 0.8835758835758836 0.728125 0.14137214137214138 0.146875
336 0.7598752598752598 0.71875 0.13513513513513514 0.15625
223 0.6476091476091476 0.72578125 0.12681912681912683 0.1421875
50 0.5197505197505198 0.7140625 0.12474012474012475 0.15625
78 0.40540540540540543 0.7140625 0.11642411642411643 0.14375
117 0.31185031185031187 0.690625 0.1496881496881497 0.178125
305 0.20062370062370063 0.71640625 0.13097713097713098 0.1234375
305 0.09875259875259876 0.7140625 0.13097713097713098 0.125
7 0.2806652806652807 0.846875 0.19542619542619544 0.10625
15 0.7318087318087318 0.93515625 0.13721413721413722 0.1296875
15 0.8191268191268192 0.93671875 0.1496881496881497 0.1265625
85 0.4126819126819127 0.903125 0.13513513513513514 0.128125
85 0.5311850311850311 0.90625 0.15176715176715178 0.128125
