47 0.042708333333333334 0.502734375 0.08541666666666667 0.07578125
305 0.11510416666666666 0.498046875 0.096875 0.07265625
305 0.18229166666666666 0.498046875 0.09166666666666666 0.07265625
75 0.259375 0.49296875 0.09166666666666666 0.078125
75 0.3385416666666667 0.491015625 0.08541666666666667 0.07734375
194 0.415625 0.487890625 0.08541666666666667 0.07421875
194 0.4817708333333333 0.486328125 0.078125 0.07265625
194 0.54375 0.484375 0.07291666666666667 0.0703125
121 0.6119791666666666 0.4703125 0.08645833333333333 0.0875
121 0.6880208333333333 0.467578125 0.08645833333333333 0.08828125
191 0.7625 0.471484375 0.08541666666666667 0.07734375
191 0.825 0.471484375 0.08541666666666667 0.07734375
191 0.8875 0.46953125 0.09583333333333334 0.0734375
187 0.7401041666666667 0.346484375 0.115625 0.08359375
108 0.5859375 0.353515625 0.078125 0.07265625
108 0.5203125 0.353125 0.078125 0.075
328 0.24114583333333334 0.6109375 0.078125 0.075
148 0.30520833333333336 0.607421875 0.07291666666666667 0.07265625
14 0.36614583333333334 0.604296875 0.078125 0.06796875
223 0.4322916666666667 0.595703125 0.08125 0.07265625
223 0.5036458333333333 0.592578125 0.078125 0.06796875
330 0.5796875 0.587890625 0.08645833333333333 0.07265625
330 0.6442708333333333 0.587890625 0.078125 0.06015625
50 0.7057291666666666 0.576953125 0.065625 0.06640625
50 0.7546875 0.573046875 0.065625 0.06640625
30 0.8161458333333333 0.5671875 0.078125 0.075
30 0.8776041666666666 0.562109375 0.06979166666666667 0.07265625
53 0.7369791666666666 0.772265625 0.07395833333333333 0.08203125
53 0.6755208333333333 0.776171875 0.08645833333333333 0.08359375
197 0.5963541666666666 0.780078125 0.090625 0.08671875
197 0.5338541666666666 0.790625 0.08645833333333333 0.0828125
218 0.4578125 0.79765625 0.08645833333333333 0.10625
218 0.38125 0.8046875 0.1 0.10625
205 0.2947916666666667 0.80234375 0.09166666666666666 0.0984375
205 0.21145833333333333 0.818359375 0.11458333333333333 0.11484375
181 0.10104166666666667 0.721484375 0.1 0.08203125
181 0.18229166666666666 0.71484375 0.09583333333333334 0.0828125
181 0.27395833333333336 0.7078125 0.09583333333333334 0.08125
342 0.35052083333333334 0.7046875 0.08645833333333333 0.0828125
342 0.4244791666666667 0.693359375 0.08229166666666667 0.08671875
29 0.5005208333333333 0.667578125 0.084375 0.07265625
29 0.5630208333333333 0.66796875 0.065625 0.071875
130 0.6442708333333333 0.670703125 0.090625 0.08203125
130 0.7057291666666666 0.66875 0.078125 0.08125
162 0.7682291666666666 0.66484375 0.07395833333333333 0.065625
162 0.8307291666666666 0.6609375 0.07395833333333333 0.065625
187 0.6484375 0.34921875 0.096875 0.084375
23 0.8302083333333333 0.34296875 0.08541666666666667 0.0875
23 0.8994791666666667 0.34375 0.08229166666666667 0.084375
23 0.9619791666666667 0.344140625 0.07604166666666666 0.08359375
34 0.8041666666666667 0.7609375 0.08333333333333333 0.084375
186 0.8510416666666667 0.712109375 0.0625 0.01953125
34 0.865625 0.753125 0.07708333333333334 0.0828125
117 0.0375 0.625390625 0.07083333333333333 0.06953125
117 0.0984375 0.621484375 0.08229166666666667 0.06953125
78 0.16614583333333333 0.6171875 0.07604166666666666 0.06875
