52 0.3914930555555556 0.1228505291005291 0.06919642857142858 0.08300264550264551
52 0.31721230158730157 0.11904761904761904 0.08333333333333333 0.08796296296296297
52 0.3914930555555556 0.1970899470899471 0.06473214285714286 0.07407407407407407
52 0.31237599206349204 0.1960978835978836 0.1267361111111111 0.07605820105820106
228 0.6531498015873016 0.34854497354497355 0.05282738095238095 0.082010582010582
70 0.6200396825396826 0.34937169312169314 0.050595238095238096 0.08300264550264551
228 0.662078373015873 0.34854497354497355 0.03794642857142857 0.0787037037037037
228 0.7010168650793651 0.3445767195767196 0.04290674603174603 0.07605820105820106
70 0.7362351190476191 0.3445767195767196 0.036458333333333336 0.07076719576719577
13 0.24268353174603174 0.3425925925925926 0.06374007936507936 0.1541005291005291
13 0.2916666666666667 0.34242724867724866 0.05357142857142857 0.15443121693121692
5 0.33544146825396826 0.3419312169312169 0.048859126984126984 0.1541005291005291
5 0.37549603174603174 0.3414351851851852 0.04265873015873016 0.1531084656084656
294 0.4149305555555556 0.3392857142857143 0.04365079365079365 0.15013227513227514
294 0.45349702380952384 0.33878968253968256 0.034970238095238096 0.14517195767195767
5 0.4800347222222222 0.33548280423280424 0.03794642857142857 0.14384920634920634
280 0.4956597222222222 0.19692460317460317 0.034970238095238096 0.08101851851851852
280 0.5270337301587301 0.1982473544973545 0.028769841269841268 0.07837301587301587
280 0.5520833333333334 0.19874338624338625 0.022817460317460316 0.07738095238095238
307 0.5603918650793651 0.12731481481481483 0.021081349206349208 0.046957671957671955
307 0.5859375 0.12037037037037036 0.031994047619047616 0.046957671957671955
307 0.6135912698412699 0.12152777777777778 0.023809523809523808 0.045304232804232805
307 0.5943700396825397 0.19262566137566137 0.03298611111111111 0.045965608465608467
307 0.5716765873015873 0.195271164021164 0.013888888888888888 0.04265873015873016
188 0.6212797619047619 0.19295634920634921 0.023313492063492064 0.045304232804232805
188 0.6458333333333334 0.19775132275132276 0.017857142857142856 0.03373015873015873
188 0.6646825396825397 0.20899470899470898 0.023313492063492064 0.06018518518518518
188 0.691344246031746 0.20734126984126985 0.03298611111111111 0.06481481481481481
188 0.7171378968253969 0.20899470899470898 0.026041666666666668 0.061507936507936505
188 0.7406994047619048 0.20221560846560846 0.04241071428571429 0.07572751322751323
131 0.5296378968253969 0.35978835978835977 0.047867063492063495 0.08531746031746032
21 0.2552083333333333 0.5428240740740741 0.047619047619047616 0.12334656084656084
21 0.29712301587301587 0.5481150793650794 0.0441468253968254 0.11276455026455026
21 0.33382936507936506 0.541005291005291 0.0441468253968254 0.1078042328042328
39 0.37487599206349204 0.5329034391534392 0.046378968253968256 0.103505291005291
39 0.4087301587301587 0.5271164021164021 0.03720238095238095 0.10052910052910052
39 0.44047619047619047 0.519510582010582 0.03125 0.0992063492063492
233 0.4781746031746032 0.47602513227513227 0.040674603174603176 0.06845238095238096
233 0.5150049603174603 0.4720568783068783 0.03695436507936508 0.06712962962962964
233 0.5341021825396826 0.466765873015873 0.047371031746031744 0.06316137566137567
233 0.5571676587301587 0.5168650793650794 0.03546626984126984 0.056878306878306875
233 0.515625 0.5218253968253969 0.03720238095238095 0.051587301587301584
233 0.4781746031746032 0.5256283068783069 0.03968253968253968 0.04398148148148148
250 0.6506696428571429 0.45205026455026454 0.035962301587301584 0.05423280423280423
250 0.6453373015873016 0.5023148148148148 0.03670634920634921 0.05026455026455026
250 0.6176835317460317 0.5056216931216931 0.022569444444444444 0.05092592592592592
250 0.5921378968253969 0.5052910052910053 0.03050595238095238 0.051587301587301584
207 0.6966765873015873 0.43716931216931215 0.042162698412698416 0.06018518518518518
207 0.6948164682539683 0.4912367724867725 0.03794642857142857 0.05720899470899471
207 0.7282986111111112 0.4859457671957672 0.03050595238095238 0.0539021164021164
207 0.7286706349206349 0.43270502645502645 0.02976190476190476 0.05720899470899471
236 0.7854662698412699 0.4234457671957672 0.036210317460317464 0.05257936507936508
236 0.7925347222222222 0.4710648148148148 0.0220734126984127 0.05125661375661376
236 0.7630208333333334 0.4722222222222222 0.028025793650793652 0.04894179894179894
66 0.8603670634920635 0.42576058201058203 0.040674603174603176 0.04662698412698413
66 0.8629712301587301 0.46164021164021163 0.03546626984126984 0.037698412698412696
82 0.8345734126984127 0.4642857142857143 0.0248015873015873 0.04431216931216931
82 0.8141121031746031 0.4669312169312169 0.018601190476190476 0.04563492063492063
82 0.8139880952380952 0.4226190476190476 0.018353174603174604 0.04828042328042328
82 0.8328373015873016 0.4201388888888889 0.022321428571428572 0.04728835978835979
243 0.9050099206349206 0.4479166666666667 0.05505952380952381 0.04398148148148148
243 0.8991815476190477 0.4113756613756614 0.04389880952380952 0.04431216931216931
3 0.4025297619047619 0.6666666666666666 0.07192460317460317 0.10515873015873016
3 0.46068948412698413 0.6570767195767195 0.058779761904761904 0.08597883597883597
38 0.2628968253968254 0.6949404761904762 0.04365079365079365 0.10482804232804233
38 0.2848462301587302 0.6780753968253969 0.04241071428571429 0.10615079365079365
38 0.31560019841269843 0.6608796296296297 0.03149801587301587 0.0796957671957672
132 0.5243055555555556 0.6466600529100529 0.0625 0.06845238095238096
132 0.5197172619047619 0.595734126984127 0.054811507936507936 0.06382275132275132
132 0.5699404761904762 0.5834986772486772 0.04712301587301587 0.05853174603174603
132 0.5760168650793651 0.6304563492063492 0.056299603174603176 0.06448412698412699
109 0.5985863095238095 0.5790343915343915 0.011160714285714286 0.0496031746031746
349 0.6238839285714286 0.574239417989418 0.03447420634920635 0.060515873015873016
349 0.6246279761904762 0.6240079365079365 0.035962301587301584 0.056878306878306875
349 0.65625 0.6107804232804233 0.03521825396825397 0.06018518518518518
349 0.6484375 0.562665343915344 0.022569444444444444 0.03736772486772487
236 0.6994047619047619 0.5519179894179894 0.036210317460317464 0.056878306878306875
236 0.7321428571428571 0.5458002645502645 0.029265873015873016 0.04662698412698413
236 0.7023809523809523 0.5942460317460317 0.042162698412698416 0.047619047619047616
236 0.7338789682539683 0.5907738095238095 0.03373015873015873 0.054563492063492064
296 0.7673611111111112 0.5724206349206349 0.03720238095238095 0.04365079365079365
296 0.7594246031746031 0.5322420634920635 0.021825396825396824 0.045304232804232805
296 0.7786458333333334 0.5266203703703703 0.019593253968253968 0.0419973544973545
296 0.7935267857142857 0.5661375661375662 0.036458333333333336 0.046296296296296294
109 0.8227926587301587 0.5219907407407407 0.026537698412698412 0.04861111111111111
109 0.8453621031746031 0.5180224867724867 0.023065476190476192 0.040674603174603176
109 0.8466021825396826 0.5547288359788359 0.026041666666666668 0.04398148148148148
109 0.8239087301587301 0.560515873015873 0.02628968253968254 0.04034391534391534
62 0.8772321428571429 0.53125 0.03571428571428571 0.07771164021164022
62 0.8984375 0.5231481481481481 0.03298611111111111 0.07671957671957672
329 0.8524305555555556 0.6258267195767195 0.02976190476190476 0.06845238095238096
329 0.8836805555555556 0.6246693121693122 0.043154761904761904 0.07473544973544974
84 0.7610367063492064 0.6458333333333334 0.07415674603174603 0.047619047619047616
84 0.7697172619047619 0.6810515873015873 0.05381944444444445 0.055224867724867725
86 0.6966765873015873 0.7043650793650794 0.033234126984126984 0.05092592592592592
86 0.6984126984126984 0.6636904761904762 0.03670634920634921 0.057539682539682536
152 0.5858134920634921 0.7081679894179894 0.03968253968253968 0.06977513227513228
152 0.5875496031746031 0.7544642857142857 0.043154761904761904 0.049933862433862435
152 0.6246279761904762 0.7417328042328042 0.040426587301587304 0.06481481481481481
86 0.6569940476190477 0.7180886243386243 0.03125 0.04794973544973545
86 0.6569940476190477 0.6803902116402116 0.03125 0.04861111111111111
338 0.6940724206349206 0.8341600529100529 0.078125 0.07043650793650794
338 0.6940724206349206 0.8005952380952381 0.078125 0.06944444444444445
246 0.6070188492063492 0.9029431216931217 0.05282738095238095 0.07572751322751323
246 0.5835813492063492 0.832010582010582 0.037698412698412696 0.05357142857142857
338 0.6223958333333334 0.8217592592592593 0.04439484126984127 0.05026455026455026
246 0.626984126984127 0.863260582010582 0.04513888888888889 0.06646825396825397
235 0.5450148809523809 0.9107142857142857 0.05927579365079365 0.12103174603174603
33 0.48053075396825395 0.9158399470899471 0.06770833333333333 0.1207010582010582
271 0.44320436507936506 0.7958002645502645 0.043154761904761904 0.0763888888888889
271 0.4837549603174603 0.7820767195767195 0.04836309523809524 0.07473544973544974
271 0.5230654761904762 0.7650462962962963 0.04712301587301587 0.07175925925925926
96 0.2725694444444444 0.8169642857142857 0.06349206349206349 0.06911375661375661
96 0.27566964285714285 0.8791335978835979 0.06919642857142858 0.05720899470899471
96 0.3366815476190476 0.8584656084656085 0.05381944444444445 0.062169312169312166
96 0.32328869047619047 0.7986111111111112 0.051835317460317464 0.06878306878306878
208 0.39112103174603174 0.8245701058201058 0.054563492063492064 0.07837301587301587
345 0.8515625 0.21825396825396826 0.02058531746031746 0.03042328042328042
345 0.8696676587301587 0.21875 0.021577380952380952 0.03009259259259259
92 0.8895089285714286 0.22007275132275134 0.02058531746031746 0.02943121693121693
92 0.9067460317460317 0.2197420634920635 0.025297619047619048 0.03009259259259259
345 0.8318452380952381 0.1714616402116402 0.021825396825396824 0.03802910052910053
345 0.8590029761904762 0.17080026455026456 0.031994047619047616 0.03406084656084656
92 0.8924851190476191 0.1744378306878307 0.031001984126984128 0.027447089947089946
12 0.8933531746031746 0.3361441798941799 0.031746031746031744 0.04861111111111111
12 0.9255952380952381 0.33878968253968256 0.02628968253968254 0.04265873015873016
