50 0.050375 0.236 0.06475 0.096
50 0.108 0.237 0.0725 0.094
50 0.20275 0.23316666666666666 0.079 0.09966666666666667
355 0.266125 0.237 0.03525 0.08733333333333333
355 0.29925 0.236 0.053 0.09066666666666667
214 0.34725 0.236 0.044 0.08466666666666667
22 0.392 0.235 0.051 0.08933333333333333
108 0.539625 0.234 0.02325 0.08466666666666667
108 0.59025 0.23316666666666666 0.059 0.08833333333333333
108 0.631375 0.24666666666666667 0.04425 0.06066666666666667
186 0.691875 0.2575 0.04725 0.035666666666666666
268 0.7515 0.24083333333333334 0.047 0.07233333333333333
268 0.7895 0.24083333333333334 0.042 0.07033333333333333
260 0.986125 0.3425 0.02775 0.07033333333333333
260 0.95175 0.3425 0.047 0.07033333333333333
260 0.898 0.3433333333333333 0.0375 0.066
22 0.86675 0.3425 0.044 0.07033333333333333
22 0.82575 0.3405 0.047 0.07233333333333333
261 0.73975 0.3425 0.047 0.07366666666666667
261 0.69975 0.3435 0.038 0.06833333333333333
261 0.662625 0.3453333333333333 0.03775 0.068
315 0.6225 0.3453333333333333 0.0435 0.068
315 0.5835 0.3453333333333333 0.038 0.07066666666666667
315 0.5425 0.3455 0.04 0.07233333333333333
315 0.5025 0.3473333333333333 0.038 0.068
201 0.462375 0.3473333333333333 0.03775 0.068
201 0.421375 0.3473333333333333 0.03775 0.06733333333333333
201 0.382375 0.34833333333333333 0.03775 0.06733333333333333
61 0.340375 0.34833333333333333 0.04175 0.068
61 0.299375 0.34833333333333333 0.04025 0.068
61 0.26325 0.34833333333333333 0.038 0.068
61 0.223125 0.34933333333333333 0.04425 0.07066666666666667
308 0.181125 0.34833333333333333 0.05075 0.07066666666666667
308 0.128375 0.3491666666666667 0.05475 0.07233333333333333
355 0.065 0.34933333333333333 0.08 0.07066666666666667
240 0.035625 0.4665 0.06475 0.079
277 0.096125 0.46266666666666667 0.06375 0.09066666666666667
277 0.147 0.4605 0.053 0.08833333333333333
277 0.202625 0.46166666666666667 0.05425 0.08466666666666667
305 0.23975 0.46166666666666667 0.0305 0.09
75 0.27975 0.46066666666666667 0.052 0.08466666666666667
75 0.3355 0.45966666666666667 0.053 0.088
194 0.38725 0.46066666666666667 0.051 0.08466666666666667
194 0.438 0.45966666666666667 0.047 0.08466666666666667
194 0.48775 0.45966666666666667 0.047 0.08466666666666667
355 0.537625 0.45966666666666667 0.04425 0.08466666666666667
355 0.579625 0.45866666666666667 0.04425 0.08133333333333333
355 0.619625 0.45766666666666667 0.04425 0.08333333333333333
355 0.65875 0.45766666666666667 0.044 0.082
355 0.70075 0.45666666666666667 0.044 0.08466666666666667
14 0.7895 0.4548333333333333 0.052 0.085
14 0.8385 0.4538333333333333 0.052 0.08833333333333333
328 0.88525 0.4518333333333333 0.052 0.08833333333333333
328 0.93125 0.4518333333333333 0.053 0.08833333333333333
328 0.97225 0.4508333333333333 0.047 0.09033333333333333
355 0.89725 0.572 0.0545 0.08466666666666667
355 0.834375 0.5768333333333333 0.06775 0.091
197 0.773875 0.5788333333333333 0.06775 0.08833333333333333
197 0.715375 0.5748333333333333 0.06175 0.08833333333333333
197 0.662625 0.5768333333333333 0.05875 0.08233333333333333
197 0.605875 0.5788333333333333 0.06775 0.085
23 0.532625 0.5738333333333333 0.06175 0.10166666666666667
23 0.479 0.5738333333333333 0.054 0.10166666666666667
23 0.421375 0.5748333333333333 0.05875 0.10166666666666667
342 0.356 0.5768333333333333 0.072 0.10166666666666667
342 0.30325 0.5778333333333333 0.061 0.099
342 0.2485 0.5778333333333333 0.061 0.10166666666666667
164 0.19775 0.5788333333333333 0.053 0.097
164 0.142125 0.5818333333333333 0.06175 0.097
145 0.0855 0.5836666666666667 0.061 0.096
145 0.03275 0.5855 0.065 0.09633333333333334
130 0.012375 0.7125 0.02475 0.09766666666666667
130 0.05325 0.7058333333333333 0.061 0.105
181 0.394125 0.7018333333333333 0.06175 0.10433333333333333
97 0.56 0.6998333333333333 0.052 0.097
191 0.789625 0.7058333333333333 0.06375 0.09366666666666666
191 0.848125 0.7058333333333333 0.06175 0.097
191 0.898 0.7008333333333333 0.064 0.09366666666666666
191 0.95275 0.6978333333333333 0.0335 0.09366666666666666
35 0.848125 0.8103333333333333 0.05475 0.07933333333333334
15 0.78275 0.8483333333333334 0.0695 0.104
15 0.743625 0.8463333333333334 0.05475 0.08466666666666667
15 0.8305 0.8678333333333333 0.079 0.10433333333333333
7 0.587375 0.8433333333333334 0.06675 0.07933333333333334
7 0.528875 0.8435 0.06175 0.071
7 0.48 0.8473333333333334 0.053 0.088
85 0.392125 0.8433333333333334 0.06175 0.06466666666666666
85 0.3365 0.8463333333333334 0.061 0.082
85 0.2915 0.8463333333333334 0.079 0.08466666666666667
85 0.429125 0.8258333333333333 0.05475 0.10233333333333333
211 0.106 0.7828333333333334 0.0625 0.029
205 0.0435 0.8561666666666666 0.0695 0.141
205 0.098125 0.8483333333333334 0.06975 0.12
205 0.15875 0.8435 0.0695 0.141
205 0.22025 0.8483333333333334 0.0695 0.13066666666666665
342 0.0435 0.7828333333333334 0.087 0.018333333333333333
223 0.00925 0.9031666666666667 0.018 0.04566666666666667
130 0.11675 0.7056666666666667 0.0695 0.11
34 0.173375 0.7008333333333333 0.06175 0.113
34 0.228125 0.701 0.06175 0.11
34 0.27975 0.701 0.0695 0.11
34 0.340375 0.701 0.06175 0.11
181 0.44375 0.7008333333333333 0.053 0.105
181 0.502375 0.7008333333333333 0.06175 0.10166666666666667
97 0.61575 0.7008333333333333 0.058 0.10433333333333333
97 0.672375 0.7008333333333333 0.05775 0.10166666666666667
97 0.725125 0.6978333333333333 0.06175 0.10433333333333333
35 0.898 0.8286666666666667 0.0785 0.12
355 0.95075 0.5735 0.057 0.103
