278 0.107375 0.159 0.04675 0.09533333333333334
239 0.167875 0.16283333333333333 0.04775 0.08833333333333333
239 0.203 0.16383333333333333 0.037 0.083
188 0.238125 0.07116666666666667 0.04275 0.09833333333333333
188 0.268375 0.071 0.02925 0.09533333333333334
188 0.302625 0.06633333333333333 0.03925 0.09466666666666666
188 0.3025 0.14133333333333334 0.04 0.05733333333333333
188 0.269375 0.1395 0.03425 0.053
188 0.23525 0.14133333333333334 0.0365 0.04933333333333333
307 0.372875 0.1825 0.03425 0.041666666666666664
307 0.413875 0.1865 0.04575 0.035666666666666666
233 0.499875 0.288 0.02625 0.06
233 0.537 0.28983333333333333 0.044 0.06233333333333333
233 0.577125 0.28883333333333333 0.04875 0.06233333333333333
82 0.655125 0.3416666666666667 0.04025 0.062
233 0.583875 0.3446666666666667 0.04575 0.06133333333333333
233 0.54475 0.3455 0.039 0.057
233 0.508625 0.3465 0.03925 0.05633333333333333
143 0.496875 0.4598333333333333 0.07825 0.043
143 0.493125 0.5046666666666667 0.08375 0.043333333333333335
243 0.40325 0.49983333333333335 0.1005 0.05633333333333333
243 0.410625 0.4483333333333333 0.08525 0.051333333333333335
244 0.31925 0.491 0.0655 0.06666666666666667
244 0.269375 0.492 0.06175 0.06666666666666667
52 0.2235 0.49216666666666664 0.0505 0.06433333333333334
52 0.172625 0.492 0.06175 0.06
52 0.168875 0.43333333333333335 0.06175 0.06
52 0.246875 0.4295 0.05775 0.058333333333333334
39 0.324125 0.3328333333333333 0.07175 0.09166666666666666
21 0.376875 0.3348333333333333 0.03425 0.081
21 0.409 0.3358333333333333 0.032 0.07966666666666666
38 0.216625 0.328 0.06175 0.09333333333333334
38 0.281125 0.329 0.05175 0.094
3 0.148375 0.31816666666666665 0.07775 0.060333333333333336
3 0.148375 0.3621666666666667 0.07675 0.030333333333333334
250 0.738 0.3458333333333333 0.0395 0.05366666666666667
250 0.698625 0.3461666666666667 0.04175 0.053
132 0.724875 0.44033333333333335 0.07675 0.06133333333333333
132 0.65625 0.441 0.0635 0.056
132 0.661125 0.4985 0.07275 0.061
132 0.729875 0.4995 0.06975 0.059666666666666666
236 0.59575 0.5001666666666666 0.0515 0.05566666666666667
296 0.216 0.5735 0.051 0.058333333333333334
296 0.167625 0.5726666666666667 0.06175 0.056666666666666664
296 0.16375 0.6233333333333333 0.062 0.05333333333333334
296 0.21525 0.6218333333333333 0.051 0.052333333333333336
349 0.314125 0.5648333333333333 0.05225 0.047
349 0.314 0.6138333333333333 0.0515 0.05566666666666667
349 0.2685 0.6131666666666666 0.047 0.057666666666666665
349 0.2685 0.564 0.0465 0.046
109 0.2465 0.5756666666666667 0.009 0.05
271 0.359 0.5615 0.034 0.044333333333333336
271 0.359125 0.6071666666666666 0.03625 0.051666666666666666
271 0.40125 0.5688333333333333 0.051 0.05566666666666667
271 0.401375 0.6186666666666667 0.05125 0.05466666666666667
109 0.452125 0.624 0.04825 0.056
109 0.453875 0.5803333333333334 0.04975 0.03866666666666667
109 0.502 0.5811666666666667 0.0505 0.04033333333333333
109 0.500625 0.6251666666666666 0.04825 0.055
152 0.551 0.625 0.048 0.052
152 0.59775 0.6243333333333333 0.0485 0.050666666666666665
207 0.650625 0.6193333333333333 0.05325 0.05266666666666667
231 0.866375 0.5913333333333334 0.05125 0.06933333333333333
231 0.906375 0.5895 0.03975 0.061
284 0.942625 0.5891666666666666 0.05075 0.06166666666666667
231 0.845 0.5108333333333334 0.042 0.037
284 0.881625 0.5193333333333333 0.04325 0.054
284 0.921375 0.5198333333333334 0.04925 0.05566666666666667
231 0.799 0.5815 0.038 0.05633333333333333
264 0.754875 0.581 0.03375 0.04733333333333333
246 0.32925 0.6806666666666666 0.049 0.034
246 0.324875 0.7343333333333333 0.06125 0.059333333333333335
246 0.37875 0.7371666666666666 0.0575 0.05566666666666667
246 0.380625 0.6868333333333333 0.05775 0.04766666666666667
86 0.436375 0.6885 0.05925 0.050333333333333334
86 0.4375 0.7451666666666666 0.063 0.065
86 0.497625 0.7485 0.06075 0.06366666666666666
86 0.493625 0.6898333333333333 0.05775 0.04833333333333333
329 0.205375 0.7115 0.03025 0.07166666666666667
329 0.251 0.7203333333333334 0.0655 0.10666666666666667
329 0.284875 0.7126666666666667 0.01975 0.09333333333333334
62 0.153875 0.8376666666666667 0.07775 0.096
62 0.210375 0.8306666666666667 0.06175 0.082
246 0.223125 0.8733333333333333 0.03675 0.024666666666666667
246 0.2305 0.853 0.0215 0.018
271 0.234875 0.8411666666666666 0.01275 0.025
338 0.26625 0.8945 0.1175 0.057
246 0.351 0.8993333333333333 0.0605 0.048
84 0.437 0.8948333333333334 0.1135 0.057666666666666665
86 0.352125 0.872 0.04925 0.012666666666666666
33 0.70625 0.8846666666666667 0.069 0.07933333333333334
33 0.644875 0.885 0.06725 0.08066666666666666
235 0.58225 0.8848333333333334 0.0615 0.08033333333333334
235 0.523125 0.8841666666666667 0.05675 0.079
345 0.763625 0.8685 0.04525 0.06633333333333333
345 0.818 0.864 0.0385 0.05733333333333333
208 0.55725 0.7381666666666666 0.048 0.051
208 0.606 0.7455 0.0505 0.05433333333333333
96 0.657625 0.7443333333333333 0.05475 0.056
96 0.7055 0.744 0.0515 0.05733333333333333
157 0.829625 0.37883333333333336 0.04575 0.059666666666666666
204 0.891 0.378 0.0485 0.06066666666666667
265 0.784625 0.44783333333333336 0.03975 0.065
157 0.82425 0.448 0.047 0.06333333333333334
217 0.867625 0.4465 0.05125 0.06433333333333334
204 0.904 0.44466666666666665 0.039 0.066
280 0.47775 0.18916666666666668 0.027 0.03233333333333333
280 0.504625 0.18933333333333333 0.02625 0.030666666666666665
280 0.531125 0.187 0.02725 0.034
