23 0.9602704987320372 0.03985507246376811 0.07945900253592561 0.07971014492753623
342 0.794167371090448 0.22061191626409019 0.09721048182586645 0.1529790660225443
342 0.6990701606086221 0.214170692431562 0.11158072696534235 0.1610305958132045
181 0.5929839391377852 0.19685990338164253 0.12764158918005072 0.19404186795491143
181 0.45815722738799664 0.1855877616747182 0.1437024513947591 0.21014492753623187
97 0.3072696534234996 0.17995169082125603 0.17328825021132713 0.21980676328502416
97 0.14750633981403213 0.1638486312399356 0.1834319526627219 0.24074074074074073
162 0.44843617920540996 0.45491143317230276 0.1665257819103973 0.18679549114331723
162 0.5519864750633982 0.4553140096618358 0.12848689771766694 0.16505636070853463
130 0.6610312764158918 0.4359903381642512 0.11834319526627218 0.1747181964573269
130 0.757396449704142 0.42914653784219003 0.10989010989010989 0.1642512077294686
30 0.8305156382079459 0.4243156199677939 0.08706677937447169 0.1529790660225443
30 0.9049027895181742 0.4190821256038647 0.0904480135249366 0.1457326892109501
121 0.967032967032967 0.41304347826086957 0.06593406593406594 0.13848631239935588
29 0.9353338968723585 0.5954106280193237 0.08199492814877431 0.13446054750402575
29 0.8672865595942519 0.6022544283413849 0.10481825866441251 0.1642512077294686
75 0.7734573119188504 0.6328502415458938 0.07776838546069316 0.13365539452495975
75 0.702028740490279 0.6509661835748792 0.0904480135249366 0.1392914653784219
194 0.6183431952662722 0.6727053140096618 0.08706677937447169 0.14251207729468598
194 0.5359256128486898 0.6876006441223832 0.09974640743871513 0.1529790660225443
289 0.42772612003381233 0.7008856682769726 0.12848689771766694 0.18276972624798712
289 0.28402366863905326 0.7282608695652174 0.14877430262045646 0.20209339774557167
289 0.12848689771766694 0.7632850241545893 0.17413355874894337 0.22544283413848631
218 0.2869822485207101 0.929549114331723 0.1665257819103973 0.14090177133655393
218 0.43110735418427726 0.9078099838969405 0.13693998309382924 0.18438003220611915
205 0.55156382079459 0.8913043478260869 0.12764158918005072 0.21739130434782608
205 0.658072696534235 0.8651368760064412 0.12764158918005072 0.24074074074074073
205 0.7497886728655959 0.8276972624798712 0.09467455621301775 0.2028985507246377
34 0.8275570583262891 0.8184380032206119 0.10481825866441251 0.1892109500805153
34 0.8943364327979713 0.8027375201288245 0.07776838546069316 0.1610305958132045
34 0.9573119188503804 0.7769726247987118 0.08199492814877431 0.1529790660225443
218 0.13482671174978866 0.9488727858293076 0.18681318681318682 0.10225442834138486
53 0.2907861369399831 0.4782608695652174 0.15384615384615385 0.18840579710144928
53 0.1242603550295858 0.4891304347826087 0.19103972950126796 0.20853462157809985
