239 0.28500954805856143 0.10617760617760617 0.058243157224697646 0.1246051246051246
239 0.32606619987269253 0.12671112671112672 0.03723742838956079 0.09055809055809055
239 0.3645767027371101 0.13794313794313795 0.043602800763844686 0.08775008775008775
188 0.41311266709102484 0.15654615654615656 0.046467218332272436 0.0723060723060723
188 0.45528325907065564 0.16374166374166374 0.043602800763844686 0.07265707265707266
188 0.49252068746021643 0.15952965952965953 0.043602800763844686 0.0845910845910846
307 0.5264162953532782 0.1740961740961741 0.041374920432845325 0.08775008775008775
280 0.5673138128580522 0.1840996840996841 0.04105665181413113 0.06914706914706915
280 0.5994589433481858 0.1955071955071955 0.03341820496499045 0.0723060723060723
280 0.6238064926798218 0.19954369954369955 0.036282622533418206 0.06914706914706915
280 0.6573838319541693 0.20691470691470693 0.03851050286441757 0.06142506142506143
143 0.7040101845957989 0.2048087048087048 0.06810948440483769 0.06984906984906986
143 0.7038510502864418 0.2285012285012285 0.06333545512412476 0.03931203931203931
92 0.4107256524506684 0.4534924534924535 0.0366008911521324 0.04633204633204633
92 0.4478039465308721 0.45366795366795365 0.0426479949077021 0.04668304668304668
92 0.48424570337364736 0.446998946998947 0.0366008911521324 0.03896103896103896
92 0.5186187141947803 0.446998946998947 0.03787396562698918 0.037557037557037556
345 0.5493316359007002 0.4506844506844507 0.02864417568427753 0.04633204633204633
212 0.6413112667091024 0.45033345033345035 0.03564608529598982 0.02808002808002808
21 0.7213558243157224 0.4326079326079326 0.030872056015276893 0.051597051597051594
21 0.7420432845321451 0.43295893295893295 0.03278166772756206 0.05089505089505089
21 0.7683004455760662 0.4359424359424359 0.02928071292170592 0.05124605124605124
21 0.7858052196053469 0.43418743418743416 0.025461489497135583 0.048438048438048435
207 0.8227243793761935 0.5036855036855037 0.02991725015913431 0.037206037206037205
207 0.8486632718014003 0.5031590031590032 0.04105665181413113 0.03615303615303615
207 0.8798535964353915 0.5021060021060021 0.028325907065563337 0.03404703404703405
207 0.8766709102482495 0.5361530361530361 0.034054742202418845 0.036855036855036855
207 0.8489815404201145 0.5386100386100386 0.034691279439847234 0.037557037557037556
207 0.82511139401655 0.5393120393120393 0.034691279439847234 0.036855036855036855
236 0.7547740292807129 0.5068445068445069 0.034054742202418845 0.03931203931203931
236 0.7837364735837047 0.5054405054405054 0.03214513049013367 0.0358020358020358
92 0.8021960534691279 0.5050895050895051 0.016231699554423933 0.032994032994032994
236 0.7926479949077021 0.5419445419445419 0.03532781667727562 0.03861003861003861
236 0.7710057288351368 0.5424710424710425 0.027689369828134944 0.037557037557037556
217 0.8063335455124124 0.5403650403650404 0.00859325270528326 0.03896103896103896
236 0.7068746021642266 0.5521235521235521 0.037555697008274984 0.044226044226044224
236 0.7289942711648632 0.5468585468585468 0.02132399745385105 0.04282204282204282
12 0.7068746021642266 0.5126360126360127 0.037555697008274984 0.04176904176904177
12 0.7297899427116487 0.508950508950509 0.019096117122851686 0.0343980343980344
243 0.6462444302991726 0.5607230607230608 0.07861234882240611 0.040365040365040364
3 0.5167091024824952 0.5596700596700597 0.054423933800127305 0.05861705861705862
3 0.5534691279439847 0.5422955422955423 0.046467218332272436 0.05616005616005616
38 0.39783577339274345 0.5570375570375571 0.036919159770846595 0.0680940680940681
38 0.4328453214513049 0.5552825552825553 0.03819223424570337 0.06388206388206388
38 0.4622851686823679 0.5545805545805546 0.03341820496499045 0.06318006318006318
109 0.20385105028644177 0.5319410319410319 0.06651814131126671 0.053703053703053706
109 0.13510502864417567 0.5338715338715339 0.07479312539783578 0.05896805896805897
109 0.2011457670273711 0.5903825903825903 0.08147676639083386 0.0716040716040716
109 0.12221514958625079 0.5958230958230958 0.08274984086569065 0.06844506844506844
296 0.33800127307447486 0.581958581958582 0.05856142584341184 0.044226044226044224
296 0.27768936982813497 0.5863460863460863 0.06142584341183959 0.040365040365040364
296 0.2818268618714195 0.5166725166725167 0.054423933800127305 0.044928044928044926
296 0.3392743475493316 0.5194805194805194 0.056015276893698285 0.05054405054405054
132 0.7864417568427753 0.5944190944190945 0.04010184595798854 0.03966303966303966
132 0.8158816040738384 0.5919620919620919 0.03150859325270528 0.03474903474903475
132 0.8155633354551242 0.6202176202176202 0.03150859325270528 0.029484029484029485
132 0.7861234882240611 0.6221481221481221 0.03819223424570337 0.026325026325026327
152 0.6378103119032463 0.6072306072306072 0.041374920432845325 0.036504036504036504
152 0.673297262889879 0.6042471042471043 0.0366008911521324 0.037557037557037556
152 0.6721833227243794 0.6384696384696384 0.036919159770846595 0.03861003861003861
152 0.6378103119032463 0.6416286416286416 0.04010184595798854 0.04282204282204282
349 0.7156269891788669 0.6333801333801333 0.03723742838956079 0.030537030537030538
349 0.7468173138128581 0.6326781326781327 0.03214513049013367 0.029133029133029134
246 0.4936346276257161 0.6223236223236224 0.0547422024188415 0.036504036504036504
246 0.5437619350732018 0.6182871182871182 0.04996817313812858 0.028431028431028432
246 0.5930935709739019 0.6481221481221481 0.05124124761298536 0.05089505089505089
246 0.5431253978357734 0.6479466479466479 0.05124124761298536 0.044928044928044926
246 0.49331635900700194 0.6556686556686556 0.05410566518141311 0.04352404352404352
86 0.3061744112030554 0.6921726921726922 0.07001909611712286 0.05896805896805897
86 0.307129217059198 0.6454896454896455 0.06938255887969447 0.037206037206037205
86 0.37444302991725015 0.641979641979642 0.06651814131126671 0.04563004563004563
86 0.3731699554423934 0.6821691821691822 0.06397199236155315 0.053703053703053706
86 0.4323679185232336 0.6716391716391716 0.058879694462126035 0.0522990522990523
86 0.4339592616168046 0.636012636012636 0.05569700827498408 0.0358020358020358
329 0.14369828134945895 0.7314847314847315 0.08943348185868873 0.06739206739206739
329 0.2266072565245067 0.7286767286767287 0.08465945257797582 0.06177606177606178
62 0.15913430935709738 0.8517023517023518 0.09484404837683004 0.10214110214110214
62 0.2449077021005729 0.8287118287118287 0.07542966263526417 0.09547209547209547
84 0.3668045830681095 0.8308178308178308 0.1346276257161044 0.10319410319410319
84 0.4910884786760025 0.7776412776412777 0.11839592616168046 0.06282906282906282
84 0.4958625079567155 0.8095823095823096 0.09484404837683004 0.05510705510705511
246 0.5950031826861871 0.7263952263952264 0.09261616804583069 0.06423306423306423
338 0.6826861871419478 0.6958581958581959 0.08211330362826226 0.05019305019305019
338 0.6892106938255887 0.7367497367497368 0.0671546785486951 0.053352053352053355
271 0.7943984723106302 0.6654966654966655 0.02928071292170592 0.030186030186030187
271 0.8184277530235519 0.663039663039663 0.030235518777848504 0.032994032994032994
271 0.8348185868873329 0.7030537030537031 0.028007638446849142 0.04001404001404001
271 0.821928707829408 0.7093717093717093 0.018777848504137492 0.036504036504036504
96 0.8761935073201782 0.6946296946296946 0.03819223424570337 0.044226044226044224
96 0.8983131763208148 0.6893646893646893 0.03723742838956079 0.044226044226044224
96 0.918364099299809 0.6833976833976834 0.030872056015276893 0.04282204282204282
96 0.9086569064290261 0.6486486486486487 0.02991725015913431 0.03790803790803791
96 0.8870146403564608 0.6521586521586522 0.02864417568427753 0.04001404001404001
96 0.8687141947803947 0.6563706563706564 0.023233609166136218 0.03931203931203931
265 0.1717059197963081 0.29641979641979643 0.07606619987269256 0.07686907686907687
284 0.24777211966900065 0.30256230256230254 0.06970082749840865 0.07300807300807301
284 0.3111075747931254 0.305019305019305 0.05187778485041375 0.04914004914004914
73 0.3666454487587524 0.3101088101088101 0.047740292807129214 0.04738504738504738
73 0.4204328453214513 0.3148473148473149 0.04010184595798854 0.044928044928044926
204 0.48329089751750476 0.26518076518076517 0.05251432208784214 0.06844506844506844
204 0.5265754296626353 0.27448227448227447 0.03851050286441757 0.061074061074061076
217 0.5681094844048377 0.2795717795717796 0.047103755569700825 0.05440505440505441
217 0.6032781667727563 0.33362583362583365 0.03150859325270528 0.03966303966303966
217 0.5677912157861235 0.3287118287118287 0.03882877148313176 0.04247104247104247
204 0.531031190324634 0.32958932958932957 0.044875875238701464 0.057564057564057566
204 0.48424570337364736 0.3257283257283257 0.05315085932527053 0.060372060372060374
264 0.6966900063653724 0.3402948402948403 0.03946530872056015 0.03825903825903826
264 0.6575429662635264 0.3371358371358371 0.04392106938255888 0.041067041067041066
264 0.7022597071928708 0.3034398034398034 0.03596435391470401 0.04598104598104598
212 0.6651814131126671 0.4306774306774307 0.031826861871419476 0.04001404001404001
208 0.8473901973265436 0.6168831168831169 0.02514322087842139 0.037557037557037556
208 0.8720560152768937 0.6138996138996139 0.022278803309993635 0.04141804141804142
33 0.9336409929980903 0.5896805896805897 0.028325907065563337 0.06458406458406458
33 0.9613303628262253 0.5905580905580906 0.02005092297899427 0.06142506142506143
33 0.9863144493952897 0.5868725868725869 0.02737110120942075 0.06388206388206388
157 0.797422024188415 0.35486135486135484 0.03341820496499045 0.04633204633204633
157 0.8322724379376194 0.35679185679185677 0.02737110120942075 0.04598104598104598
265 0.0852959898154042 0.2893997893997894 0.09038828771483132 0.09090909090909091
157 0.7848504137492043 0.3101088101088101 0.03946530872056015 0.05089505089505089
157 0.8262253341820497 0.3102843102843103 0.031826861871419476 0.044226044226044224
244 0.8613940165499682 0.2551772551772552 0.034054742202418845 0.04914004914004914
244 0.8919478039465308 0.26237276237276236 0.03723742838956079 0.051597051597051594
52 0.7999681731381286 0.19024219024219025 0.0429662635264163 0.0680940680940681
52 0.8352959898154042 0.20358020358020357 0.028962444302991726 0.06318006318006318
52 0.7936028007638447 0.2386802386802387 0.04232972628898791 0.04984204984204984
52 0.8262253341820497 0.25535275535275537 0.030553787396562698 0.0522990522990523
