191 0.09854497354497355 0.18303571428571427 0.1970899470899471 0.17559523809523808
191 0.23115079365079366 0.1996527777777778 0.13161375661375663 0.14831349206349206
191 0.3376322751322751 0.20461309523809523 0.12235449735449735 0.14037698412698413
197 0.4322089947089947 0.22991071428571427 0.09060846560846561 0.09375
197 0.515542328042328 0.23288690476190477 0.08531746031746032 0.09077380952380952
197 0.5906084656084656 0.23685515873015872 0.07671957671957672 0.09077380952380952
23 0.658068783068783 0.23983134920634921 0.07142857142857142 0.09275793650793651
23 0.7166005291005291 0.2435515873015873 0.06283068783068783 0.09027777777777778
23 0.7711640211640212 0.24851190476190477 0.05555555555555555 0.08432539682539683
23 0.8207671957671958 0.2524801587301587 0.05026455026455026 0.07936507936507936
187 0.871031746031746 0.2544642857142857 0.051587301587301584 0.07738095238095238
187 0.9146825396825397 0.2591765873015873 0.047619047619047616 0.07192460317460317
187 0.9556878306878307 0.2621527777777778 0.047619047619047616 0.07093253968253968
289 0.9497354497354498 0.40575396825396826 0.047619047619047616 0.06349206349206349
342 0.9090608465608465 0.40674603174603174 0.04431216931216931 0.06845238095238096
342 0.8690476190476191 0.4097222222222222 0.047619047619047616 0.07043650793650794
342 0.8207671957671958 0.4126984126984127 0.051587301587301584 0.07242063492063493
121 0.7711640211640212 0.4126984126984127 0.05423280423280423 0.08134920634920635
121 0.718584656084656 0.4174107142857143 0.05886243386243386 0.08779761904761904
30 0.6557539682539683 0.42137896825396826 0.06547619047619048 0.09375
30 0.5906084656084656 0.4263392857142857 0.062169312169312166 0.09672619047619048
30 0.5271164021164021 0.43005952380952384 0.07936507936507936 0.10119047619047619
34 0.4441137566137566 0.4320436507936508 0.083994708994709 0.11607142857142858
34 0.3627645502645503 0.4419642857142857 0.09722222222222222 0.12003968253968254
34 0.2662037037037037 0.4496527777777778 0.10912698412698413 0.13045634920634921
34 0.15211640211640212 0.45461309523809523 0.1349206349206349 0.1423611111111111
53 0.17923280423280424 0.7338789682539683 0.1349206349206349 0.11755952380952381
53 0.2771164021164021 0.7162698412698413 0.10846560846560846 0.11011904761904762
53 0.38062169312169314 0.6939484126984127 0.10251322751322751 0.11011904761904762
53 0.46064814814814814 0.6723710317460317 0.08796296296296297 0.10962301587301587
162 0.5406746031746031 0.6500496031746031 0.0787037037037037 0.08978174603174603
162 0.6091269841269841 0.6351686507936508 0.07936507936507936 0.09375
162 0.6696428571428571 0.6207837301587301 0.06415343915343916 0.08482142857142858
355 0.7281746031746031 0.6029265873015873 0.05423280423280423 0.07787698412698413
355 0.7711640211640212 0.5972222222222222 0.06349206349206349 0.07738095238095238
75 0.8210978835978836 0.5835813492063492 0.04563492063492063 0.06498015873015874
75 0.8581349206349206 0.5766369047619048 0.04563492063492063 0.06001984126984127
194 0.8951719576719577 0.5669642857142857 0.041666666666666664 0.06547619047619048
205 0.6941137566137566 0.7202380952380952 0.08531746031746032 0.125
205 0.6355820105820106 0.7388392857142857 0.07936507936507936 0.14037698412698413
205 0.5667989417989417 0.7641369047619048 0.07275132275132275 0.13442460317460317
218 0.22321428571428573 0.8774801587301587 0.15674603174603174 0.17956349206349206
130 0.6081349206349206 0.5404265873015873 0.08531746031746032 0.09672619047619048
97 0.6812169312169312 0.5310019841269841 0.0701058201058201 0.09672619047619048
97 0.7437169312169312 0.5250496031746031 0.06283068783068783 0.08978174603174603
97 0.8326719576719577 0.5062003968253969 0.05555555555555555 0.0818452380952381
181 0.8842592592592593 0.4935515873015873 0.05555555555555555 0.07043650793650794
181 0.9166666666666666 0.4888392857142857 0.04497354497354497 0.07192460317460317
181 0.9576719576719577 0.48288690476190477 0.051587301587301584 0.07192460317460317
194 0.9560185185185185 0.5649801587301587 0.037698412698412696 0.061507936507936505
194 0.9206349206349206 0.5649801587301587 0.03968253968253968 0.06349206349206349
130 0.5406746031746031 0.5483630952380952 0.08002645502645503 0.10962301587301587
29 0.4441137566137566 0.5647321428571429 0.10515873015873016 0.09672619047619048
29 0.3505291005291005 0.5835813492063492 0.10449735449735449 0.10962301587301587
29 0.26322751322751325 0.5873015873015873 0.11375661375661375 0.11607142857142858
29 0.14616402116402116 0.6118551587301587 0.12169312169312169 0.12450396825396826
218 0.4791666666666667 0.7876984126984127 0.10251322751322751 0.12301587301587301
218 0.32671957671957674 0.8462301587301587 0.11772486772486772 0.15674603174603174
218 0.38756613756613756 0.8256448412698413 0.11772486772486772 0.15327380952380953
186 0.6322751322751323 0.34077380952380953 0.031746031746031744 0.027777777777777776
186 0.6656746031746031 0.3400297619047619 0.028439153439153438 0.025297619047619048
186 0.7020502645502645 0.33804563492063494 0.027116402116402115 0.024305555555555556
186 0.7261904761904762 0.33705357142857145 0.031746031746031744 0.022321428571428572
186 0.7764550264550265 0.3375496031746032 0.031746031746031744 0.017361111111111112
186 0.8068783068783069 0.3375496031746032 0.031746031746031744 0.020337301587301588
186 0.8290343915343915 0.33705357142857145 0.03505291005291005 0.02132936507936508
268 0.8670634920634921 0.33705357142857145 0.03042328042328042 0.02132936507936508
268 0.8928571428571429 0.33606150793650796 0.026455026455026454 0.024305555555555556
268 0.9117063492063492 0.3345734126984127 0.0205026455026455 0.02132936507936508
268 0.9305555555555556 0.3368055555555556 0.01984126984126984 0.018849206349206348
268 0.9494047619047619 0.3353174603174603 0.0205026455026455 0.018849206349206348
268 0.9666005291005291 0.33581349206349204 0.01521164021164021 0.018849206349206348
85 0.7820767195767195 0.6872519841269841 0.07605820105820106 0.049107142857142856
85 0.8174603174603174 0.6706349206349206 0.0873015873015873 0.03869047619047619
7 0.8511904761904762 0.6488095238095238 0.08068783068783068 0.03869047619047619
7 0.9242724867724867 0.6339285714285714 0.10251322751322751 0.03670634920634921
