143 0.10739087301587301 0.17261904761904762 0.10912698412698413 0.061507936507936505
143 0.10726686507936507 0.22337962962962962 0.11135912698412699 0.045965608465608467
333 0.1922123015873016 0.20684523809523808 0.06845238095238096 0.0796957671957672
52 0.2595486111111111 0.1658399470899471 0.06473214285714286 0.04927248677248677
52 0.318328373015873 0.16385582010582012 0.061755952380952384 0.059854497354497355
52 0.31721230158730157 0.22056878306878308 0.060515873015873016 0.05291005291005291
52 0.26264880952380953 0.21858465608465608 0.06646825396825397 0.05291005291005291
280 0.44915674603174605 0.21461640211640212 0.041666666666666664 0.07407407407407407
239 0.6346726190476191 0.21858465608465608 0.03670634920634921 0.06878306878306878
239 0.6657986111111112 0.22056878306878308 0.036458333333333336 0.06547619047619048
239 0.6863839285714286 0.22255291005291006 0.03149801587301587 0.06415343915343916
217 0.7333829365079365 0.21461640211640212 0.039186507936507936 0.07605820105820106
284 0.8474702380952381 0.23131613756613756 0.05357142857142857 0.059854497354497355
265 0.9071180555555556 0.2273478835978836 0.045882936507936505 0.07308201058201058
264 0.7079613095238095 0.3103505291005291 0.045882936507936505 0.059854497354497355
264 0.7049851190476191 0.3698743386243386 0.045882936507936505 0.05919312169312169
233 0.22259424603174602 0.5036375661375662 0.05282738095238095 0.06018518518518518
250 0.27232142857142855 0.4685846560846561 0.05654761904761905 0.047619047619047616
207 0.3220486111111111 0.45982142857142855 0.045882936507936505 0.04728835978835979
207 0.37189980158730157 0.45882936507936506 0.04290674603174603 0.050595238095238096
207 0.32601686507936506 0.5057870370370371 0.05084325396825397 0.05324074074074074
250 0.28112599206349204 0.5085978835978836 0.051835317460317464 0.046957671957671955
207 0.37785218253968256 0.5067791005291006 0.045882936507936505 0.05324074074074074
236 0.41976686507936506 0.5047949735449735 0.045882936507936505 0.05324074074074074
236 0.46763392857142855 0.4998346560846561 0.045882936507936505 0.05324074074074074
236 0.46564980158730157 0.4558531746031746 0.045882936507936505 0.045304232804232805
236 0.42373511904761907 0.4538690476190476 0.04389880952380952 0.045965608465608467
188 0.6024305555555556 0.1583994708994709 0.031746031746031744 0.08134920634920635
188 0.6019345238095238 0.2240410052910053 0.03273809523809524 0.060515873015873016
188 0.5708085317460317 0.16435185185185186 0.029017857142857144 0.07539682539682539
188 0.5732886904761905 0.2261904761904762 0.018601190476190476 0.05555555555555555
307 0.5492311507936508 0.21412037037037038 0.031994047619047616 0.08035714285714286
307 0.5399305555555556 0.15492724867724866 0.02628968253968254 0.05787037037037037
307 0.5126488095238095 0.15492724867724866 0.03125 0.09027777777777778
307 0.5173611111111112 0.21726190476190477 0.031746031746031744 0.07208994708994709
53 0.9067460317460317 0.4340277777777778 0.053075396825396824 0.08498677248677249
53 0.9451884920634921 0.43287037037037035 0.060515873015873016 0.08333333333333333
29 0.8993055555555556 0.5343915343915344 0.10515873015873016 0.09126984126984126
29 0.9590773809523809 0.53125 0.059027777777777776 0.08564814814814815
2 0.8473462301587301 0.6362433862433863 0.05828373015873016 0.08068783068783068
2 0.8897569444444444 0.6335978835978836 0.06324404761904762 0.07738095238095238
97 0.9317956349206349 0.6316137566137566 0.06349206349206349 0.07539682539682539
97 0.9658978174603174 0.6292989417989417 0.05282738095238095 0.07142857142857142
218 0.9155505952380952 0.7273478835978836 0.0642361111111111 0.09226190476190477
218 0.9512648809523809 0.7223875661375662 0.061755952380952384 0.08961640211640212
218 0.9770585317460317 0.720568783068783 0.04538690476190476 0.08597883597883597
329 0.7836061507936508 0.6420304232804233 0.03943452380952381 0.05654761904761905
62 0.7374751984126984 0.7556216931216931 0.04141865079365079 0.07473544973544974
62 0.7788938492063492 0.751818783068783 0.045882936507936505 0.07374338624338625
34 0.8366815476190477 0.7554563492063492 0.05233134920634921 0.06514550264550265
34 0.873015873015873 0.7526455026455027 0.043154761904761904 0.06018518518518518
132 0.4771825396825397 0.7569444444444444 0.044642857142857144 0.03306878306878307
132 0.4791666666666667 0.7964616402116402 0.04563492063492063 0.045304232804232805
246 0.5684523809523809 0.7911706349206349 0.04365079365079365 0.04662698412698413
132 0.5245535714285714 0.792989417989418 0.04365079365079365 0.046296296296296294
132 0.5236855158730159 0.7705026455026455 0.04141865079365079 0.005952380952380952
246 0.6137152777777778 0.7875330687830688 0.04389880952380952 0.045965608465608467
208 0.43563988095238093 0.798776455026455 0.0339781746031746 0.05257936507936508
208 0.4398561507936508 0.7547949735449735 0.026041666666666668 0.03670634920634921
208 0.4026537698412698 0.7862103174603174 0.026537698412698412 0.04332010582010582
235 0.29637896825396826 0.814484126984127 0.06101190476190476 0.056216931216931214
96 0.20858134920634921 0.7078373015873016 0.05009920634920635 0.054563492063492064
96 0.1671626984126984 0.7192460317460317 0.04811507936507937 0.036375661375661374
96 0.16393849206349206 0.6793981481481481 0.0625 0.05324074074074074
96 0.21242559523809523 0.6661706349206349 0.04241071428571429 0.028108465608465607
271 0.33035714285714285 0.6989087301587301 0.044642857142857144 0.049933862433862435
132 0.3368055555555556 0.6526124338624338 0.03373015873015873 0.022817460317460316
271 0.29290674603174605 0.6588955026455027 0.04513888888888889 0.028769841269841268
271 0.2974950396825397 0.6832010582010583 0.03993055555555555 0.041005291005291
349 0.3835565476190476 0.6585648148148148 0.037450396825396824 0.04265873015873016
349 0.41703869047619047 0.656415343915344 0.03447420634920635 0.041005291005291
349 0.45126488095238093 0.6534391534391535 0.0339781746031746 0.04034391534391534
152 0.48722718253968256 0.6683201058201058 0.03546626984126984 0.05952380952380952
152 0.5246775793650794 0.6716269841269841 0.041914682539682536 0.07208994708994709
86 0.5691964285714286 0.6435185185185185 0.04563492063492063 0.03373015873015873
86 0.568328373015873 0.6749338624338624 0.04389880952380952 0.03439153439153439
86 0.6121031746031746 0.6795634920634921 0.04265873015873016 0.04563492063492063
86 0.6170634920634921 0.6431878306878307 0.032242063492063495 0.03439153439153439
296 0.4157986111111111 0.5992063492063492 0.040426587301587304 0.04431216931216931
52 0.4167906746031746 0.5753968253968254 0.034970238095238096 0.003968253968253968
296 0.45882936507936506 0.5973875661375662 0.03819444444444445 0.04794973544973545
109 0.5016121031746031 0.5963955026455027 0.03695436507936508 0.045965608465608467
109 0.5379464285714286 0.5950727513227513 0.03869047619047619 0.04332010582010582
38 0.3787202380952381 0.5891203703703703 0.031746031746031744 0.07572751322751323
38 0.35912698412698413 0.5912698412698413 0.020833333333333332 0.0667989417989418
38 0.3351934523809524 0.5929232804232805 0.037450396825396824 0.07208994708994709
21 0.1318204365079365 0.6030092592592593 0.05679563492063492 0.06845238095238096
21 0.18266369047619047 0.6016865079365079 0.04241071428571429 0.07175925925925926
3 0.2309027777777778 0.6020171957671958 0.06597222222222222 0.06977513227513228
3 0.28881448412698413 0.5791997354497355 0.041914682539682536 0.0625
66 0.5871775793650794 0.5006613756613757 0.05233134920634921 0.041005291005291
243 0.6375248015873016 0.49702380952380953 0.05431547619047619 0.046296296296296294
243 0.6860119047619048 0.49636243386243384 0.05109126984126984 0.04497354497354497
188 0.6473214285714286 0.5231481481481481 0.027777777777777776 0.007936507936507936
73 0.8271329365079365 0.37202380952380953 0.03869047619047619 0.05357142857142857
157 0.8628472222222222 0.3716931216931217 0.053075396825396824 0.05291005291005291
0 0.7958829365079365 0.4930555555555556 0.033234126984126984 0.05489417989417989
0 0.824280753968254 0.4935515873015873 0.019097222222222224 0.0539021164021164
0 0.8501984126984127 0.49272486772486773 0.020337301587301588 0.047619047619047616
