191 0.03546626984126984 0.29216269841269843 0.06349206349206349 0.0916005291005291
191 0.09114583333333333 0.29133597883597884 0.06473214285714286 0.09259259259259259
191 0.14000496031746032 0.29017857142857145 0.061755952380952384 0.08961640211640212
23 0.18985615079365079 0.2843915343915344 0.05679563492063492 0.09325396825396826
23 0.2425595238095238 0.2843915343915344 0.053075396825396824 0.09126984126984126
23 0.2934027777777778 0.2873677248677249 0.05853174603174603 0.08994708994708994
187 0.3549107142857143 0.29216269841269843 0.05853174603174603 0.08961640211640212
187 0.40662202380952384 0.2941468253968254 0.05282738095238095 0.08895502645502645
197 0.4584573412698413 0.2951388888888889 0.05084325396825397 0.08300264550264551
197 0.5023561507936508 0.29712301587301587 0.05084325396825397 0.0796957671957672
197 0.5482390873015873 0.296957671957672 0.048859126984126984 0.0787037037037037
223 0.5854414682539683 0.31845238095238093 0.044890873015873016 0.04828042328042328
223 0.6223958333333334 0.32159391534391535 0.05084325396825397 0.04398148148148148
355 0.6625744047619048 0.30869708994708994 0.04141865079365079 0.06580687830687831
355 0.6927083333333334 0.30869708994708994 0.03670634920634921 0.06580687830687831
355 0.7201140873015873 0.31084656084656087 0.037450396825396824 0.0667989417989418
214 0.7699652777777778 0.31283068783068785 0.04141865079365079 0.06084656084656084
214 0.8002232142857143 0.31382275132275134 0.037450396825396824 0.06084656084656084
78 0.9115823412698413 0.4093915343915344 0.036458333333333336 0.0667989417989418
78 0.8783482142857143 0.4093915343915344 0.036458333333333336 0.06084656084656084
305 0.8442460317460317 0.40658068783068785 0.039186507936507936 0.059854497354497355
78 0.8138640873015873 0.4054232804232804 0.03695436507936508 0.0667989417989418
47 0.7796378968253969 0.40343915343915343 0.03695436507936508 0.0667989417989418
308 0.7172619047619048 0.40459656084656087 0.03521825396825397 0.06382275132275132
342 0.6459573412698413 0.41534391534391535 0.047867063492063495 0.07738095238095238
342 0.6049107142857143 0.4181547619047619 0.047619047619047616 0.08035714285714286
342 0.5560515873015873 0.4191468253968254 0.049107142857142856 0.08101851851851852
289 0.5043402777777778 0.4201388888888889 0.047867063492063495 0.07705026455026455
289 0.4603174603174603 0.4201388888888889 0.049107142857142856 0.07705026455026455
289 0.41455853174603174 0.4211309523809524 0.05084325396825397 0.07903439153439154
289 0.36669146825396826 0.4191468253968254 0.05084325396825397 0.08300264550264551
181 0.3098958333333333 0.4123677248677249 0.057787698412698416 0.08994708994708994
181 0.2591765873015873 0.41435185185185186 0.053075396825396824 0.09193121693121693
181 0.21143353174603174 0.4123677248677249 0.057787698412698416 0.08994708994708994
97 0.15674603174603174 0.41435185185185186 0.061507936507936505 0.09854497354497355
97 0.1039186507936508 0.4123677248677249 0.06349206349206349 0.09854497354497355
97 0.053075396825396824 0.41517857142857145 0.05853174603174603 0.09887566137566138
53 0.0648561507936508 0.5276124338624338 0.06324404761904762 0.08300264550264551
53 0.12351190476190477 0.5246362433862434 0.06547619047619048 0.08300264550264551
53 0.18204365079365079 0.5198412698412699 0.05654761904761905 0.08267195767195767
50 0.23375496031746032 0.5198412698412699 0.05431547619047619 0.0787037037037037
50 0.2796378968253968 0.5218253968253969 0.05580357142857143 0.07738095238095238
50 0.32849702380952384 0.5168650793650794 0.05084325396825397 0.07738095238095238
50 0.3705357142857143 0.5188492063492064 0.047619047619047616 0.07539682539682539
14 0.40575396825396826 0.5168650793650794 0.041666666666666664 0.07539682539682539
14 0.4310515873015873 0.5158730158730159 0.0441468253968254 0.07539682539682539
14 0.4671378968253968 0.5138888888888888 0.04141865079365079 0.07076719576719577
14 0.4993799603174603 0.5138888888888888 0.04141865079365079 0.07341269841269842
328 0.5327380952380952 0.5138888888888888 0.039186507936507936 0.06812169312169312
328 0.5667162698412699 0.5138888888888888 0.03720238095238095 0.07076719576719577
162 0.6049107142857143 0.5100859788359788 0.047619047619047616 0.07308201058201058
162 0.6390128968253969 0.5081018518518519 0.047867063492063495 0.07308201058201058
36 0.6762152777777778 0.48561507936507936 0.03447420634920635 0.054563492063492064
36 0.6966765873015873 0.4826388888888889 0.03521825396825397 0.054563492063492064
36 0.7201140873015873 0.4836309523809524 0.03447420634920635 0.05191798941798942
36 0.7543402777777778 0.4826388888888889 0.03447420634920635 0.050595238095238096
61 0.7845982142857143 0.4826388888888889 0.03447420634920635 0.050595238095238096
61 0.8138640873015873 0.4826388888888889 0.03447420634920635 0.050595238095238096
61 0.8490823412698413 0.4816468253968254 0.03447420634920635 0.050595238095238096
201 0.8735119047619048 0.4806547619047619 0.032242063492063495 0.04794973544973545
201 0.9017857142857143 0.4806547619047619 0.032242063492063495 0.045965608465608467
260 0.8539186507936508 0.5431547619047619 0.032242063492063495 0.04398148148148148
260 0.8158482142857143 0.5471230158730159 0.03447420634920635 0.045965608465608467
261 0.7787698412698413 0.5479497354497355 0.039186507936507936 0.04828042328042328
261 0.7347470238095238 0.548941798941799 0.03695436507936508 0.04828042328042328
355 0.7044890873015873 0.548941798941799 0.03447420634920635 0.04828042328042328
355 0.6742311507936508 0.548941798941799 0.033482142857142856 0.04828042328042328
130 0.6370287698412699 0.6056547619047619 0.05084325396825397 0.07837301587301587
130 0.5921378968253969 0.6066468253968254 0.05084325396825397 0.07903439153439154
34 0.5482390873015873 0.6076388888888888 0.047867063492063495 0.08432539682539683
34 0.5073164682539683 0.6106150793650794 0.047867063492063495 0.08432539682539683
34 0.4642857142857143 0.6116071428571429 0.047619047619047616 0.08432539682539683
29 0.4212549603174603 0.6145833333333334 0.05084325396825397 0.08432539682539683
29 0.3723958333333333 0.6203703703703703 0.05084325396825397 0.08267195767195767
29 0.3324652777777778 0.6203703703703703 0.048859126984126984 0.08267195767195767
30 0.27666170634920634 0.6233465608465608 0.057787698412698416 0.08994708994708994
30 0.22991071428571427 0.625165343915344 0.053075396825396824 0.0916005291005291
121 0.1293402777777778 0.6321097883597884 0.05679563492063492 0.08961640211640212
121 0.1810515873015873 0.6291335978835979 0.05654761904761905 0.08697089947089948
121 0.08134920634920635 0.6378968253968254 0.05853174603174603 0.08862433862433862
218 0.09027777777777778 0.7708333333333334 0.06746031746031746 0.12103174603174603
218 0.14794146825396826 0.7668650793650794 0.06473214285714286 0.12103174603174603
218 0.1966765873015873 0.7668650793650794 0.05853174603174603 0.1164021164021164
218 0.24069940476190477 0.7619047619047619 0.057787698412698416 0.11507936507936507
205 0.2934027777777778 0.7561177248677249 0.05654761904761905 0.11805555555555555
205 0.3412698412698413 0.7571097883597884 0.05357142857142857 0.11342592592592593
205 0.38913690476190477 0.748181216931217 0.05357142857142857 0.12334656084656084
205 0.4310515873015873 0.7432208994708994 0.050595238095238096 0.12334656084656084
85 0.4809027777777778 0.7228835978835979 0.04662698412698413 0.08994708994708994
85 0.5179811507936508 0.71494708994709 0.043402777777777776 0.10383597883597884
85 0.5598958333333334 0.718915343915344 0.05084325396825397 0.08994708994708994
7 0.6331845238095238 0.7228835978835979 0.047619047619047616 0.11574074074074074
7 0.6830357142857143 0.7208994708994709 0.050595238095238096 0.06812169312169312
7 0.7270585317460317 0.7306547619047619 0.05431547619047619 0.08432539682539683
35 0.7543402777777778 0.7151124338624338 0.04141865079365079 0.08300264550264551
35 0.7982390873015873 0.7131283068783069 0.057291666666666664 0.09887566137566138
35 0.8324652777777778 0.7111441798941799 0.04985119047619048 0.08961640211640212
35 0.8617311507936508 0.7081679894179894 0.047867063492063495 0.08697089947089948
15 0.9164186507936508 0.7083333333333334 0.05853174603174603 0.06878306878306878
194 0.8556547619047619 0.6173941798941799 0.037698412698412696 0.061507936507936505
75 0.8818204365079365 0.6150793650793651 0.03844246031746032 0.06018518518518518
75 0.9076140873015873 0.6122685185185185 0.036458333333333336 0.059854497354497355
164 0.6743551587301587 0.6266534391534392 0.043154761904761904 0.06547619047619048
164 0.7041170634920635 0.624834656084656 0.04017857142857143 0.06779100529100529
145 0.736359126984127 0.623015873015873 0.040674603174603176 0.0667989417989418
145 0.7664930555555556 0.6221891534391535 0.03993055555555555 0.06448412698412699
145 0.7962549603174603 0.621031746031746 0.038938492063492064 0.06283068783068783
194 0.8211805555555556 0.6208664021164021 0.03125 0.05324074074074074
342 0.8353174603174603 0.6187169312169312 0.010416666666666666 0.0582010582010582
315 0.9578373015873016 0.5413359788359788 0.0248015873015873 0.04298941798941799
315 0.9399801587301587 0.5419973544973545 0.025297619047619048 0.04365079365079365
315 0.9229910714285714 0.5426587301587301 0.02703373015873016 0.04431216931216931
315 0.9020337301587301 0.5428240740740741 0.021825396825396824 0.045965608465608467
260 0.8829365079365079 0.544808201058201 0.025793650793650792 0.045304232804232805
36 0.9187748015873016 0.47883597883597884 0.01066468253968254 0.042328042328042326
