53 0.017063492063492062 0.17323290845886444 0.034126984126984124 0.08458864426419467
53 0.052116402116402116 0.17091541135573582 0.05291005291005291 0.08999613750482811
29 0.10013227513227513 0.16647354190807262 0.048412698412698414 0.09501738122827347
194 0.15423280423280422 0.164156044804944 0.04338624338624339 0.09347238315952106
75 0.18756613756613758 0.1629972962533797 0.040740740740740744 0.09501738122827347
75 0.2208994708994709 0.15952105059868676 0.04285714285714286 0.09501738122827347
75 0.25423280423280425 0.15952105059868676 0.04338624338624339 0.09501738122827347
75 0.29484126984126985 0.15739667825415218 0.046296296296296294 0.09694862881421398
148 0.5646825396825397 0.13093858632676708 0.05317460317460317 0.11741985322518347
148 0.6136243386243386 0.12321359598300502 0.05952380952380952 0.12437234453456933
14 0.6707671957671958 0.11954422556971804 0.060582010582010584 0.12862108922363846
14 0.7322751322751323 0.11394360757049053 0.07195767195767196 0.1328698339127076
328 0.8031746031746032 0.10486674391657011 0.07724867724867725 0.141753572808034
328 0.8824074074074074 0.09347238315952106 0.08121693121693122 0.14600231749710313
61 0.8865079365079365 0.2736577829277713 0.06455026455026455 0.10312862108922363
61 0.8261904761904761 0.27597528003089994 0.06455026455026455 0.10003862495171881
61 0.7698412698412699 0.2736577829277713 0.06455026455026455 0.10003862495171881
355 0.7146825396825397 0.2736577829277713 0.05317460317460317 0.10003862495171881
355 0.6625661375661376 0.2736577829277713 0.055291005291005293 0.10003862495171881
261 0.6157407407407407 0.27597528003089994 0.05317460317460317 0.09540363074546157
261 0.5708994708994709 0.2771340285824643 0.05291005291005291 0.09540363074546157
223 0.49074074074074076 0.3227114716106605 0.06455026455026455 0.11471610660486674
223 0.43333333333333335 0.3227114716106605 0.059788359788359786 0.10312862108922363
240 0.38756613756613756 0.3227114716106605 0.05291005291005291 0.09694862881421398
78 0.3208994708994709 0.32155272305909616 0.04338624338624339 0.0884511394360757
78 0.2833333333333333 0.3194283507145616 0.039153439153439155 0.08651989185013519
30 0.14166666666666666 0.29760525299343377 0.046296296296296294 0.10621861722672847
121 0.10423280423280423 0.29760525299343377 0.040740740740740744 0.09694862881421398
121 0.08015873015873017 0.29760525299343377 0.038624338624338624 0.09308613364233295
130 0.0458994708994709 0.29760525299343377 0.04312169312169312 0.09540363074546157
50 0.06362433862433862 0.42178447276940906 0.03783068783068783 0.08651989185013519
330 0.10211640211640212 0.43337195828505215 0.04285714285714286 0.08651989185013519
330 0.13346560846560845 0.43568945538818077 0.04312169312169312 0.08651989185013519
162 0.16560846560846562 0.4391657010428737 0.040740740740740744 0.09501738122827347
162 0.1917989417989418 0.4436075704905369 0.043915343915343914 0.09694862881421398
162 0.2302910052910053 0.44824256469679413 0.05 0.0992661259173426
47 0.2677248677248677 0.466396292004635 0.04338624338624339 0.0884511394360757
47 0.30317460317460315 0.4696794129007339 0.04338624338624339 0.08651989185013519
117 0.3490740740740741 0.4754731556585554 0.056878306878306875 0.09501738122827347
305 0.4115079365079365 0.48570876786404016 0.06904761904761905 0.10003862495171881
93 0.4781746031746032 0.49497875627655463 0.046296296296296294 0.0984936268829664
93 0.5178571428571429 0.5005793742757821 0.05317460317460317 0.10351487060641174
355 0.5584656084656084 0.5177674777906528 0.04338624338624339 0.09540363074546157
315 0.5937830687830687 0.5314793356508304 0.04576719576719577 0.09501738122827347
315 0.6375661375661376 0.5393974507531866 0.051322751322751325 0.09540363074546157
315 0.6958994708994709 0.5451911935110081 0.05317460317460317 0.09694862881421398
214 0.8552910052910053 0.7344534569331789 0.0656084656084656 0.1324835843955195
214 0.8031746031746032 0.7323290845886443 0.05291005291005291 0.11741985322518347
214 0.748015873015873 0.7311703360370799 0.05740740740740741 0.11741985322518347
164 0.523015873015873 0.6614522981846273 0.06455026455026455 0.12630359212050984
164 0.46984126984126984 0.645422943221321 0.05291005291005291 0.12591734260332174
145 0.423015873015873 0.6330629586713017 0.050793650793650794 0.12282734646581692
145 0.3843915343915344 0.6203167246040943 0.050793650793650794 0.11741985322518347
97 0.3427248677248677 0.5965623792970258 0.04576719576719577 0.10003862495171881
97 0.30317460317460315 0.5872923908845114 0.05291005291005291 0.11317110853611433
97 0.25833333333333336 0.5816917728852838 0.05 0.10351487060641174
97 0.2208994708994709 0.5814986481266898 0.04126984126984127 0.10003862495171881
181 0.18439153439153438 0.5565855542680571 0.046031746031746035 0.10351487060641174
181 0.15 0.5496330629586713 0.043915343915343914 0.10351487060641174
187 0.10621693121693122 0.5405561993047509 0.05582010582010582 0.10003862495171881
342 0.06349206349206349 0.5291618385477018 0.04497354497354497 0.10042487446890691
342 0.03650793650793651 0.5210505986867516 0.038624338624338624 0.09038238702201622
23 0.09484126984126984 0.6832753959057551 0.05052910052910053 0.11741985322518347
197 0.1437830687830688 0.7070297412128235 0.04576719576719577 0.10312862108922363
218 0.1791005291005291 0.7116647354190807 0.040740740740740744 0.10312862108922363
218 0.21785714285714286 0.7344534569331789 0.060582010582010584 0.1432985708767864
218 0.25423280423280425 0.7390884511394361 0.056084656084656084 0.14793356508304364
205 0.2916666666666667 0.7560834298957126 0.060582010582010584 0.16106604866743918
205 0.3427248677248677 0.7665121668597914 0.06534391534391534 0.17110853611432986
35 0.4031746031746032 0.7983777520278099 0.046031746031746035 0.12591734260332174
35 0.4458994708994709 0.8153727307840866 0.05317460317460317 0.12591734260332174
15 0.47394179894179894 0.8518733101583623 0.048412698412698414 0.1633835457705678
15 0.5093915343915344 0.8565083043646196 0.048412698412698414 0.1633835457705678
7 0.5583333333333333 0.8713789107763615 0.04206349206349207 0.1413673232908459
7 0.6136243386243386 0.8872151409810738 0.05634920634920635 0.14909231363460795
85 0.7031746031746032 0.8862495171881035 0.0761904761904762 0.09694862881421398
85 0.7698412698412699 0.9239088451139436 0.05291005291005291 0.14831981460023175
34 0.05515873015873016 0.6672460409424488 0.041534391534391535 0.10003862495171881
268 0.7417989417989418 0.540942448821939 0.04126984126984127 0.05368868288914639
268 0.7415343915343915 0.5824642719196601 0.039153439153439155 0.04943993820007725
268 0.7842592592592592 0.54480494399382 0.04470899470899471 0.06141367323290846
268 0.7797619047619048 0.5884511394360757 0.04312169312169312 0.052916183854770184
186 0.8275132275132275 0.5434530706836617 0.043915343915343914 0.06257242178447277
186 0.8238095238095238 0.5870992661259173 0.04285714285714286 0.06334492081884897
186 0.862037037037037 0.6021629972962533 0.053703703703703705 0.061027423715720355
186 0.8752645502645503 0.5390112012359984 0.0373015873015873 0.049053688682889146
260 0.7476190476190476 0.4387794515256856 0.056613756613756616 0.10042487446890691
260 0.801984126984127 0.44244882193897256 0.0626984126984127 0.11085361143298571
260 0.8601851851851852 0.4484356894553882 0.06693121693121692 0.11355735805330243
36 0.5658730158730159 0.41290073387408266 0.049206349206349205 0.10196987253765932
36 0.6076719576719577 0.42043259945925066 0.051322751322751325 0.0992661259173426
30 0.18214285714285713 0.2970258787176516 0.03783068783068783 0.10892236384704519
330 0.2048941798941799 0.3130552336809579 0.028835978835978836 0.08304364619544226
330 0.2291005291005291 0.31440710699111624 0.031216931216931216 0.08265739667825416
330 0.25423280423280425 0.3153727307840865 0.02962962962962963 0.08536114329857088
355 0.38465608465608464 0.1388567014291232 0.054497354497354496 0.11317110853611433
355 0.43743386243386245 0.13344920818848977 0.058994708994708996 0.11780610274237158
