14 0.9503457814661134 0.1143646408839779 0.0987551867219917 0.18011049723756906
14 0.8785615491009682 0.12762430939226518 0.09515905947441217 0.15948434622467772
328 0.7946058091286307 0.13406998158379374 0.08824343015214385 0.15101289134438306
328 0.724896265560166 0.1406998158379374 0.08160442600276625 0.1429097605893186
148 0.648686030428769 0.14604051565377532 0.07634854771784233 0.14475138121546963
262 0.5952973720608575 0.1558011049723757 0.065283540802213 0.13848987108655617
262 0.543015214384509 0.1591160220994475 0.08188105117565699 0.13627992633517497
262 0.4939142461964039 0.1580110497237569 0.04785615491009682 0.1406998158379374
336 0.4590594744121715 0.1591160220994475 0.056708160442600276 0.1443830570902394
214 0.18644536652835408 0.20294659300184162 0.046473029045643155 0.08913443830570902
214 0.15325034578146612 0.20368324125230203 0.03706777316735823 0.08987108655616943
121 0.030013831258644538 0.330939226519337 0.037897648686030426 0.10423572744014734
121 0.058367911479944676 0.330939226519337 0.04149377593360996 0.10791896869244935
194 0.08769017980636237 0.33848987108655615 0.03872752420470263 0.1001841620626151
194 0.1280774550484094 0.34401473296500923 0.04149377593360996 0.09723756906077348
194 0.15629322268326418 0.34493554327808473 0.04370677731673582 0.09392265193370165
75 0.19225449515905949 0.3462246777163904 0.04370677731673582 0.09650092081031307
75 0.23900414937759337 0.3462246777163904 0.04370677731673582 0.1001841620626151
50 0.276210235131397 0.34401473296500923 0.056708160442600276 0.1001841620626151
223 0.3763485477178423 0.34953959484346225 0.049515905947441215 0.11123388581952118
223 0.42655601659751036 0.3528545119705341 0.07302904564315353 0.11344383057090239
330 0.49405255878284926 0.3548802946593002 0.07302904564315353 0.11896869244935543
260 0.598478561549101 0.3395948434622468 0.056708160442600276 0.10313075506445672
355 0.9557399723374828 0.3462246777163904 0.07302904564315353 0.1281767955801105
201 0.94716459197787 0.547329650092081 0.08188105117565699 0.1281767955801105
201 0.8741355463347165 0.5377532228360957 0.07302904564315353 0.11860036832412522
201 0.8055325034578147 0.5267034990791897 0.0686030428769018 0.11860036832412522
261 0.7478561549100968 0.5191528545119706 0.06334716459197787 0.11012891344383056
261 0.6889349930843707 0.5125230202578269 0.06334716459197787 0.11012891344383056
261 0.637759336099585 0.5060773480662983 0.05892116182572614 0.10534069981583793
261 0.5843706777316736 0.5007366482504604 0.05449515905947441 0.10570902394106814
61 0.5843706777316736 0.6278084714548803 0.05338865836791148 0.09686924493554327
61 0.6344398340248962 0.6441988950276243 0.056708160442600276 0.09723756906077348
61 0.6824343015214385 0.6550644567219153 0.06085753803596127 0.11012891344383056
315 0.7477178423236515 0.6703499079189686 0.0636237897648686 0.11344383057090239
315 0.8065006915629322 0.6865561694290976 0.06445366528354081 0.11344383057090239
315 0.8708160442600277 0.7007366482504604 0.07302904564315353 0.12191528545119705
315 0.9503457814661134 0.7182320441988951 0.07607192254495158 0.12154696132596685
164 0.8980636237897649 0.8812154696132597 0.10262793914246196 0.18011049723756906
164 0.8164591977869986 0.8572744014732965 0.08492392807745505 0.16243093922651933
164 0.7390041493775934 0.8322283609576427 0.08160442600276625 0.16243093922651933
145 0.6661134163208852 0.8062615101289135 0.07634854771784233 0.1561694290976059
145 0.5919778699861687 0.7780847145488029 0.07192254495159059 0.1550644567219153
355 0.5365145228215767 0.7734806629834254 0.056708160442600276 0.12965009208103132
355 0.4852005532503458 0.7519337016574585 0.05975103734439834 0.12412523020257826
108 0.4384508990318119 0.7355432780847145 0.056431535269709544 0.12154696132596685
85 0.5385892116182572 0.9414364640883978 0.06085753803596127 0.11712707182320442
205 0.3153526970954357 0.878084714548803 0.0686030428769018 0.19079189686924494
205 0.2640387275242047 0.8541436464088398 0.06058091286307054 0.18047882136279927
205 0.22171507607192253 0.8324125230202578 0.05394190871369295 0.1723756906077348
218 0.1813278008298755 0.8149171270718232 0.060027662517289075 0.15948434622467772
218 0.14204702627939142 0.812707182320442 0.05560165975103734 0.13738489871086557
218 0.11051175656984785 0.7878453038674034 0.05172890733056708 0.14953959484346224
130 0.018257261410788383 0.5930018416206262 0.036514522821576766 0.1001841620626151
130 0.04730290456431535 0.6029465930018416 0.04149377593360996 0.10239410681399631
130 0.07786998616874136 0.6093922651933702 0.048409405255878286 0.11012891344383056
34 0.11065006915629322 0.6224677716390423 0.04204702627939143 0.11860036832412522
34 0.14218533886583679 0.6278084714548803 0.053112033195020746 0.12412523020257826
97 0.18146611341632088 0.6475138121546962 0.04426002766251729 0.11860036832412522
97 0.2260027662517289 0.6561694290976059 0.053112033195020746 0.12412523020257826
181 0.26957123098201935 0.6734806629834255 0.05172890733056708 0.13149171270718232
181 0.3164591977869986 0.6878453038674033 0.056431535269709544 0.13296500920810314
181 0.3644536652835408 0.7007366482504604 0.056708160442600276 0.14475138121546963
108 0.40359612724757954 0.6987108655616943 0.04979253112033195 0.13922651933701657
78 0.2293222683264177 0.5082872928176796 0.04370677731673582 0.09060773480662983
305 0.2641770401106501 0.5158379373848987 0.04591977869986169 0.09539594843462247
47 0.2990318118948824 0.5191528545119706 0.046473029045643155 0.09539594843462247
47 0.3338865836791148 0.5244935543278084 0.046473029045643155 0.09208103130755065
47 0.3731673582295989 0.5257826887661142 0.04923928077455048 0.09392265193370165
117 0.41327800829875516 0.5375690607734807 0.04923928077455048 0.11012891344383056
117 0.4590594744121715 0.5484346224677716 0.056708160442600276 0.11933701657458563
330 0.5473029045643154 0.3548802946593002 0.056708160442600276 0.12412523020257826
260 0.648686030428769 0.33848987108655615 0.06307053941908713 0.10902394106813997
260 0.703042876901798 0.3395948434622468 0.06334716459197787 0.10976058931860037
355 0.7728907330567082 0.3429097605893186 0.05975103734439834 0.1156537753222836
355 0.8327800829875519 0.341804788213628 0.06224066390041494 0.12154696132596685
355 0.8937759336099586 0.3419889502762431 0.0686030428769018 0.12559852670349908
85 0.49183955739972335 0.9287292817679558 0.08132780082987552 0.1425414364640884
187 0.05034578146611342 0.20423572744014734 0.04702627939142462 0.09686924493554327
187 0.08437067773167359 0.20202578268876611 0.037621023513139694 0.09907918968692449
187 0.11991701244813278 0.19686924493554328 0.05338865836791148 0.10644567219152855
214 0.14190871369294605 0.20626151012891344 0.014384508990318118 0.08103130755064457
53 0.013001383125864454 0.4666666666666667 0.02600276625172891 0.08766114180478822
53 0.03706777316735823 0.4718232044198895 0.035961272475795295 0.08913443830570902
342 0.07192254495159059 0.4736648250460405 0.04260027662517289 0.1001841620626151
342 0.10331950207468879 0.47808471454880297 0.04398340248962656 0.10165745856353592
342 0.14287690179806362 0.4852670349907919 0.05781466113416321 0.10718232044198896
78 0.19723374827109266 0.5058931860036833 0.03706777316735823 0.09171270718232044
78 0.169432918395574 0.5 0.03900414937759336 0.0858195211786372
205 0.37455048409405256 0.9092081031307551 0.08243430152143845 0.16906077348066298
29 0.019087136929460582 0.7488029465930018 0.036514522821576766 0.10755064456721915
29 0.04495159059474412 0.7622467771639042 0.040110650069156296 0.1138121546961326
29 0.06957123098201937 0.7766114180478821 0.032918395573997235 0.114548802946593
268 0.34080221300138314 0.13388581952117865 0.028769017980636236 0.04456721915285451
268 0.3702627939142462 0.13038674033149172 0.03568464730290456 0.043462246777163906
268 0.3731673582295989 0.17384898710865562 0.0326417704011065 0.038305709023941065
268 0.34716459197787 0.17790055248618786 0.027662517289073305 0.03535911602209945
268 0.35006915629322266 0.2139963167587477 0.030705394190871368 0.028729281767955802
268 0.3767634854771784 0.21344383057090238 0.027662517289073305 0.04088397790055249
186 0.3183955739972337 0.17771639042357273 0.0326417704011065 0.04088397790055249
186 0.3177040110650069 0.21878453038674034 0.031258644536652835 0.03683241252302026
129 0.41327800829875516 0.17808471454880295 0.04536652835408022 0.10570902394106814
