151 0.10900297619047619 0.09060846560846561 0.054811507936507936 0.11838624338624339
151 0.14893353174603174 0.09341931216931217 0.046875 0.11011904761904762
314 0.2943948412698413 0.11689814814814815 0.062003968253968256 0.07705026455026455
325 0.3423859126984127 0.11590608465608465 0.03546626984126984 0.0796957671957672
178 0.3784722222222222 0.10598544973544974 0.03720238095238095 0.09887566137566138
325 0.41257440476190477 0.11689814814814815 0.03050595238095238 0.08167989417989419
325 0.4418402777777778 0.11772486772486772 0.033482142857142856 0.07936507936507936
111 0.4790426587301587 0.12466931216931217 0.034970238095238096 0.07208994708994709
324 0.5209573412698413 0.12566137566137567 0.03794642857142857 0.07539682539682539
142 0.5649801587301587 0.12764550264550265 0.04117063492063492 0.07804232804232804
222 0.6078869047619048 0.12863756613756613 0.037698412698412696 0.07539682539682539
196 0.6443452380952381 0.13690476190476192 0.036210317460317464 0.06018518518518518
1 0.6793154761904762 0.1402116402116402 0.04265873015873016 0.05489417989417989
292 0.7242063492063492 0.13740079365079366 0.037698412698412696 0.060515873015873016
292 0.7573164682539683 0.13938492063492064 0.0339781746031746 0.06183862433862434
46 0.7826140873015873 0.27215608465608465 0.03546626984126984 0.07407407407407407
87 0.7455357142857143 0.2749669312169312 0.04265873015873016 0.07242063492063493
46 0.7104414682539683 0.27116402116402116 0.034970238095238096 0.07936507936507936
355 0.6752232142857143 0.2761243386243386 0.03794642857142857 0.0667989417989418
309 0.6411210317460317 0.27215608465608465 0.03571428571428571 0.07804232804232804
297 0.6078869047619048 0.27116402116402116 0.034722222222222224 0.07539682539682539
45 0.5736607142857143 0.2701719576719577 0.034722222222222224 0.07539682539682539
173 0.5355902777777778 0.2701719576719577 0.03794642857142857 0.07804232804232804
287 0.49950396825396826 0.2701719576719577 0.033234126984126984 0.07804232804232804
174 0.4663938492063492 0.2681878306878307 0.034970238095238096 0.07804232804232804
103 0.4330357142857143 0.2614087301587302 0.033234126984126984 0.08300264550264551
225 0.40476190476190477 0.2693452380952381 0.031746031746031744 0.07242063492063493
103 0.3706597222222222 0.2673611111111111 0.03546626984126984 0.07771164021164022
200 0.3246527777777778 0.27215608465608465 0.05406746031746032 0.06349206349206349
344 0.2632688492063492 0.2751322751322751 0.061755952380952384 0.0582010582010582
272 0.1840277777777778 0.25066137566137564 0.04712301587301587 0.09854497354497355
272 0.10987103174603174 0.23892195767195767 0.053075396825396824 0.11937830687830688
304 0.3402777777777778 0.5338955026455027 0.04712301587301587 0.11011904761904762
304 0.3804563492063492 0.5338955026455027 0.04712301587301587 0.11011904761904762
63 0.29737103174603174 0.6774140211640212 0.04017857142857143 0.10681216931216932
63 0.2631448412698413 0.6823743386243386 0.04712301587301587 0.09887566137566138
171 0.22321428571428573 0.7106481481481481 0.04712301587301587 0.05489417989417989
25 0.38132440476190477 0.6521164021164021 0.04389880952380952 0.0582010582010582
25 0.36867559523809523 0.7028769841269841 0.054811507936507936 0.05853174603174603
339 0.4243551587301587 0.6979166666666666 0.05406746031746032 0.06580687830687831
339 0.43117559523809523 0.6393849206349206 0.05282738095238095 0.07043650793650794
259 0.4809027777777778 0.6628637566137566 0.03869047619047619 0.07043650793650794
259 0.5210813492063492 0.6626984126984127 0.04265873015873016 0.06812169312169312
32 0.5591517857142857 0.6598875661375662 0.03794642857142857 0.07242063492063493
32 0.5942460317460317 0.6588955026455027 0.041666666666666664 0.07771164021164022
136 0.6313244047619048 0.6598875661375662 0.03794642857142857 0.07242063492063493
136 0.6626984126984127 0.6598875661375662 0.037698412698412696 0.07242063492063493
56 0.6939484126984127 0.6541005291005291 0.03968253968253968 0.082010582010582
56 0.7367311507936508 0.6559193121693122 0.044890873015873016 0.0916005291005291
56 0.7757936507936508 0.6529431216931217 0.03968253968253968 0.09358465608465609
298 0.7426835317460317 0.7624007936507936 0.04241071428571429 0.09623015873015874
298 0.7074652777777778 0.7681878306878307 0.040426587301587304 0.09391534391534391
266 0.6693948412698413 0.7741402116402116 0.03968253968253968 0.082010582010582
266 0.6314484126984127 0.7741402116402116 0.03968253968253968 0.08465608465608465
320 0.5902777777777778 0.7761243386243386 0.04712301587301587 0.08465608465608465
320 0.5434027777777778 0.7741402116402116 0.0441468253968254 0.08465608465608465
171 0.2095734126984127 0.9126984126984127 0.04712301587301587 0.0873015873015873
171 0.2465277777777778 0.9126984126984127 0.04513888888888889 0.0873015873015873
171 0.28856646825396826 0.9128637566137566 0.031994047619047616 0.10152116402116403
100 0.32663690476190477 0.9216269841269841 0.05009920634920635 0.08994708994708994
100 0.3784722222222222 0.9166666666666666 0.04712301587301587 0.0873015873015873
100 0.42919146825396826 0.9128637566137566 0.05084325396825397 0.09689153439153439
40 0.47705853174603174 0.8981481481481481 0.036458333333333336 0.082010582010582
40 0.5063244047619048 0.8913690476190477 0.035962301587301584 0.08697089947089948
40 0.5435267857142857 0.8961640211640212 0.035962301587301584 0.07936507936507936
40 0.5786210317460317 0.8951719576719577 0.031746031746031744 0.07936507936507936
352 0.7456597222222222 0.4184854497354497 0.03794642857142857 0.060515873015873016
341 0.12648809523809523 0.3993055555555556 0.06498015873015874 0.12400793650793651
341 0.18253968253968253 0.41021825396825395 0.04365079365079365 0.11673280423280423
340 0.24280753968253968 0.4044312169312169 0.057539682539682536 0.12698412698412698
141 0.2958829365079365 0.4027777777777778 0.040674603174603176 0.10052910052910052
141 0.337921626984127 0.40029761904761907 0.04241071428571429 0.11673280423280423
347 0.3872767857142857 0.4029431216931217 0.045882936507936505 0.11607142857142858
100 0.43526785714285715 0.40029761904761907 0.04117063492063492 0.11210317460317461
282 0.48722718253968256 0.4209656084656085 0.048859126984126984 0.06878306878306878
282 0.5383184523809523 0.4224537037037037 0.048859126984126984 0.06977513227513228
282 0.5941220238095238 0.4226190476190476 0.048859126984126984 0.06878306878306878
28 0.7783978174603174 0.4234457671957672 0.02554563492063492 0.06117724867724868
27 0.49169146825396826 0.5636574074074074 0.06225198412698413 0.06646825396825397
27 0.5559275793650794 0.5727513227513228 0.0597718253968254 0.03968253968253968
184 0.5989583333333334 0.5567129629629629 0.03422619047619048 0.07374338624338625
184 0.6287202380952381 0.5530753968253969 0.030257936507936508 0.06646825396825397
215 0.6793154761904762 0.5658068783068783 0.040674603174603176 0.04563492063492063
89 0.7275545634920635 0.5666335978835979 0.041914682539682536 0.05191798941798942
89 0.7646329365079365 0.5653108465608465 0.03373015873015873 0.05125661375661376
171 0.171875 0.916005291005291 0.037698412698412696 0.09523809523809523
147 0.4921875 0.8009259259259259 0.06324404761904762 0.041005291005291
