100 0.221625 0.8703333333333333 0.07025 0.12666666666666668
58 0.0205 0.9561666666666667 0.0405 0.04566666666666667
178 0.364875 0.2901666666666667 0.03325 0.113
178 0.40525 0.28733333333333333 0.048 0.11266666666666666
178 0.434 0.28633333333333333 0.039 0.11266666666666666
74 0.543875 0.2835 0.07425 0.11833333333333333
111 0.589625 0.2851666666666667 0.03475 0.07233333333333333
111 0.6245 0.29133333333333333 0.038 0.06666666666666667
1 0.41625 0.42983333333333335 0.0475 0.11366666666666667
298 0.378875 0.43183333333333335 0.05925 0.11566666666666667
49 0.29775 0.41533333333333333 0.0565 0.096
49 0.260625 0.4151666666666667 0.05675 0.09033333333333333
49 0.2255 0.41433333333333333 0.0565 0.096
100 0.25525 0.8543333333333333 0.04 0.09
341 0.2945 0.556 0.0495 0.098
341 0.258625 0.5571666666666667 0.04675 0.097
151 0.185125 0.5588333333333333 0.05475 0.09166666666666666
151 0.212375 0.5551666666666667 0.04025 0.097
151 0.164875 0.5561666666666667 0.03675 0.097
87 0.764875 0.44766666666666666 0.05875 0.042
87 0.765875 0.4076666666666667 0.05975 0.048
309 0.70175 0.4025 0.077 0.049
309 0.702625 0.44533333333333336 0.07325 0.048666666666666664
45 0.635375 0.4505 0.06925 0.04033333333333333
45 0.635375 0.4111666666666667 0.06675 0.049
192 0.21675 0.16133333333333333 0.0555 0.082
192 0.26475 0.1605 0.0565 0.08233333333333333
222 0.312 0.15766666666666668 0.05 0.08066666666666666
142 0.35675 0.156 0.0505 0.082
103 0.4655 0.14933333333333335 0.038 0.08533333333333333
225 0.435375 0.18 0.03175 0.058666666666666666
196 0.40175 0.15916666666666668 0.036 0.07233333333333333
19 0.45375 0.102 0.0085 0.016666666666666666
37 0.69275 0.28983333333333333 0.029 0.06766666666666667
137 0.660125 0.29483333333333334 0.03125 0.059666666666666666
325 0.492125 0.2845 0.02575 0.083
146 0.465375 0.285 0.02575 0.08266666666666667
344 0.578625 0.0835 0.05475 0.067
25 0.63425 0.1015 0.062 0.07233333333333333
25 0.630625 0.16083333333333333 0.05875 0.049
344 0.572625 0.1505 0.05875 0.07233333333333333
334 0.642125 0.5291666666666667 0.03725 0.06566666666666666
334 0.675125 0.529 0.03375 0.06533333333333333
173 0.4795 0.5466666666666666 0.057 0.03666666666666667
173 0.53625 0.5461666666666667 0.0565 0.035666666666666666
46 0.59625 0.5455 0.0575 0.034333333333333334
173 0.480875 0.5045 0.05775 0.042333333333333334
56 0.34575 0.57 0.0415 0.082
56 0.382 0.57 0.0405 0.082
259 0.42825 0.5783333333333334 0.039 0.06733333333333333
141 0.383125 0.6906666666666667 0.04225 0.096
141 0.406375 0.6775 0.02075 0.071
141 0.424875 0.6773333333333333 0.02175 0.07066666666666667
27 0.474 0.6395 0.0525 0.035666666666666666
189 0.524625 0.6403333333333333 0.04825 0.037333333333333336
27 0.472 0.6113333333333333 0.049 0.03266666666666666
174 0.7435 0.6528333333333334 0.059 0.037
297 0.686875 0.653 0.05475 0.037333333333333336
297 0.68875 0.615 0.0585 0.04
174 0.745125 0.6138333333333333 0.05575 0.043
122 0.5725 0.638 0.046 0.03333333333333333
122 0.622125 0.6481666666666667 0.05425 0.039
272 0.286 0.684 0.0475 0.08666666666666667
272 0.306375 0.672 0.03575 0.08733333333333333
304 0.1655 0.6801666666666667 0.0445 0.08766666666666667
304 0.198375 0.68 0.04075 0.08733333333333333
304 0.2235 0.678 0.0315 0.08733333333333333
100 0.283375 0.8761666666666666 0.02475 0.073
63 0.473875 0.8848333333333334 0.03775 0.10833333333333334
63 0.508 0.8436666666666667 0.03 0.09666666666666666
171 0.572 0.8545 0.0345 0.09366666666666666
171 0.6045 0.865 0.0315 0.11266666666666666
171 0.636625 0.8641666666666666 0.02325 0.11566666666666667
160 0.546 0.8301666666666667 0.0205 0.06566666666666666
348 0.57525 0.735 0.056 0.06133333333333333
348 0.60375 0.721 0.031 0.05466666666666667
348 0.63225 0.7261666666666666 0.035 0.07633333333333334
348 0.6725 0.7261666666666666 0.0395 0.07633333333333334
348 0.715875 0.7308333333333333 0.04175 0.071
100 0.333625 0.8828333333333334 0.03925 0.07366666666666667
100 0.376 0.8858333333333334 0.0455 0.08766666666666667
100 0.41475 0.8836666666666667 0.032 0.09333333333333334
73 0.1655 0.3015 0.059 0.08433333333333333
284 0.2175 0.29883333333333334 0.049 0.08833333333333333
265 0.324 0.29433333333333334 0.046 0.06133333333333333
160 0.738375 0.8813333333333333 0.03125 0.07533333333333334
160 0.7025 0.8831666666666667 0.038 0.09833333333333333
160 0.672375 0.8705 0.02575 0.08166666666666667
