304 0.1475 0.91375 0.08333333333333333 0.12375
160 0.21 0.933125 0.08833333333333333 0.0975
160 0.3 0.9515625 0.11666666666666667 0.096875
304 0.43083333333333335 0.941875 0.10333333333333333 0.11625
304 0.51375 0.950625 0.10083333333333333 0.09875
304 0.6108333333333333 0.9534375 0.10833333333333334 0.093125
347 0.94625 0.8171875 0.1075 0.174375
347 0.85 0.8090625 0.13166666666666665 0.175625
304 0.7179166666666666 0.8034375 0.11916666666666667 0.175625
304 0.6154166666666666 0.7934375 0.1125 0.165625
347 0.48041666666666666 0.7809375 0.13416666666666666 0.159375
347 0.37916666666666665 0.7740625 0.105 0.159375
103 0.29791666666666666 0.778125 0.08916666666666667 0.145
225 0.23458333333333334 0.7709375 0.08416666666666667 0.133125
355 0.057916666666666665 0.794375 0.1125 0.05
355 0.06666666666666667 0.74375 0.13333333333333333 0.065
174 0.06666666666666667 0.5825 0.12166666666666667 0.065
174 0.06666666666666667 0.6321875 0.11 0.049375
340 0.16708333333333333 0.593125 0.1275 0.16875
341 0.2833333333333333 0.5925 0.15333333333333332 0.16875
74 0.3641666666666667 0.5915625 0.04833333333333333 0.164375
355 0.42291666666666666 0.59125 0.1075 0.16875
355 0.51875 0.5921875 0.10916666666666666 0.175625
219 0.6145833333333334 0.5953125 0.1125 0.168125
219 0.71375 0.5953125 0.11583333333333333 0.178125
151 0.8266666666666667 0.59375 0.14166666666666666 0.19
151 0.9383333333333334 0.6453125 0.12333333333333334 0.095625
25 0.9345833333333333 0.4 0.13083333333333333 0.1325
339 0.7845833333333333 0.4165625 0.17916666666666667 0.103125
200 0.6054166666666667 0.424375 0.15916666666666668 0.1025
31 0.4454166666666667 0.41375 0.15916666666666668 0.1425
64 0.31375 0.4165625 0.1475 0.136875
64 0.18541666666666667 0.4253125 0.13083333333333333 0.125625
71 0.06833333333333333 0.4478125 0.11333333333333333 0.084375
146 0.029583333333333333 0.27 0.059166666666666666 0.12375
146 0.08791666666666667 0.264375 0.0825 0.12375
146 0.1475 0.2671875 0.065 0.109375
325 0.20166666666666666 0.2625 0.07333333333333333 0.1175
325 0.2608333333333333 0.254375 0.06833333333333333 0.11625
106 0.35291666666666666 0.24375 0.0675 0.11875
306 0.4116666666666667 0.236875 0.07333333333333333 0.12375
325 0.48083333333333333 0.2290625 0.08166666666666667 0.126875
137 0.5725 0.2396875 0.085 0.095625
292 0.6595833333333333 0.2271875 0.09416666666666666 0.095625
355 0.7966666666666666 0.19125 0.15 0.145
355 0.9575 0.1871875 0.085 0.133125
