33 0.9161860129776496 0.8903544929925804 0.12076423936553712 0.12283594394064304
33 0.8210165825522711 0.86479802143446 0.10778658976207642 0.12036273701566365
33 0.7303532804614276 0.8464550700741962 0.09084354722422494 0.08944765045342128
235 0.6238284066330209 0.8781945589447651 0.10778658976207642 0.151277823577906
208 0.5556957462148522 0.8936521022258862 0.06236481614996395 0.06595218466611706
208 0.4974765681326604 0.8920032976092334 0.05695746214852199 0.06265457543281121
338 0.26748377793799566 0.8307914262159934 0.09516943042537851 0.05482275350370981
84 0.11842105263157894 0.8965375103050288 0.1373467916366258 0.07502061005770816
62 0.025054073540014418 0.8868507831821929 0.050108147080028836 0.11088211046990931
316 0.07444124008651766 0.5082440230832647 0.09120403749098774 0.0494641384995878
207 0.1526676279740447 0.4960840890354493 0.06524873828406633 0.058120362737015666
207 0.21070656092285509 0.4960840890354493 0.06236481614996395 0.058120362737015666
12 0.32714491708723864 0.4911376751854905 0.054434030281182405 0.05976916735366859
12 0.38392213410237924 0.4911376751854905 0.059841384282624366 0.058120362737015666
12 0.44628695025234316 0.48990107172300085 0.059841384282624366 0.058120362737015666
82 0.494592645998558 0.48990107172300085 0.04974765681326604 0.055647155812036275
82 0.5443403028118241 0.49010717230008244 0.04974765681326604 0.055234954657873044
82 0.5940879596250901 0.48639736191261335 0.04974765681326604 0.05193734542456719
82 0.6409516943042538 0.48619126133553175 0.04974765681326604 0.053173948887056885
250 0.7386445565969719 0.4814509480626546 0.04974765681326604 0.060181368507831824
250 0.7828046142754146 0.4814509480626546 0.05659697188175919 0.05688375927452597
233 0.8338139870223504 0.4814509480626546 0.05118961788031723 0.060181368507831824
217 0.13103821196827686 0.2951360263808739 0.057317952415284784 0.04781533388293487
217 0.19124008651766403 0.29266281945589445 0.043619322278298484 0.05276174773289365
284 0.2370223503965393 0.2920445177246496 0.054434030281182405 0.053173948887056885
284 0.2903749098774333 0.29080791426215996 0.052992069214131216 0.05647155812036274
157 0.3512977649603461 0.29080791426215996 0.05082912761355443 0.0572959604286892
157 0.4048305695746215 0.2877164056059357 0.05695746214852199 0.06265457543281121
204 0.4589041095890411 0.2877164056059357 0.0547945205479452 0.06265457543281121
204 0.5160418168709445 0.2840065952184666 0.057317952415284784 0.0651277823577906
73 0.5757029560201875 0.281121187139324 0.05695746214852199 0.0651277823577906
73 0.6321196827685652 0.27802967848309973 0.057317952415284784 0.06553998351195384
73 0.6791636625811103 0.27699917559769166 0.059841384282624366 0.06100577081615829
265 0.7622566690699352 0.2697856553998351 0.05948089401586157 0.06966199505358615
265 0.8213770728190339 0.2671063478977741 0.06380677721701514 0.06842539159109645
264 0.863914924297044 0.26896125309150865 0.03136265320836337 0.05976916735366859
264 0.9143835616438356 0.26586974443528444 0.07606344628695025 0.06347897774113767
239 0.015501081470800288 0.18878812860676009 0.023071377072819033 0.0741962077493817
239 0.040555155010814706 0.18157460840890355 0.05082912761355443 0.08532563891178896
239 0.081831290555155 0.17889530090684255 0.05118961788031723 0.08656224237427865
239 0.12797404470079307 0.17868920032976093 0.05118961788031723 0.0820280296784831
188 0.18204758471521268 0.1885820280296785 0.03604902667627974 0.05482275350370981
188 0.21647440519105984 0.17807089859851608 0.04506128334534967 0.0717230008244023
188 0.25991348233597694 0.18281121187139324 0.044700793078586876 0.058120362737015666
307 0.31074260994953135 0.179719703215169 0.0418168709444845 0.0585325638911789
307 0.3491348233597693 0.17724649629018963 0.039293439077144915 0.060181368507831824
280 0.38662581110310024 0.16632316570486397 0.04001441961067051 0.07295960428689201
280 0.4300648882480173 0.16549876339653752 0.03893294881038212 0.07378400659521847
280 0.46953857245854363 0.1613767518549052 0.04001441961067051 0.07708161582852432
52 0.5310021629416006 0.1642621599340478 0.07570295602018745 0.06553998351195384
52 0.6032804614275414 0.1589035449299258 0.07245854361932227 0.06553998351195384
333 0.6742970439798125 0.1471558120362737 0.07101658255227108 0.08161582852431987
333 0.7417087238644556 0.14262159934047816 0.06741167988464311 0.08408903544929926
143 0.8311103100216294 0.1560181368507832 0.11571737563085796 0.048227535037098104
52 0.518565248738284 0.1263396537510305 0.06308579668348954 0.05399835119538335
280 0.42916366258111033 0.09274525968672712 0.0414563806777217 0.07666941467436109
0 0.0692141312184571 0.41075845012366036 0.03172314347512617 0.055647155812036275
0 0.10111751982696467 0.40952184666117064 0.04794520547945205 0.058120362737015666
92 0.22819033886085074 0.40849134377576257 0.03460706560922855 0.0585325638911789
92 0.2655010814708003 0.4068425391591097 0.04722422494592646 0.06100577081615829
345 0.3179524152847873 0.4016900247320693 0.043258832011535686 0.043281121187139324
345 0.3568853640951694 0.4000412201154163 0.03821196827685652 0.04080791426215993
270 0.9325883201153569 0.1042868920032976 0.09877433309300648 0.14179719703215168
243 0.07624369142033165 0.5708985985160758 0.09985580389329488 0.04781533388293487
243 0.05930064888248017 0.6172712283594394 0.11211247296322999 0.05482275350370981
66 0.1815068493150685 0.6257213520197856 0.07966834895457822 0.060181368507831824
109 0.2790194664744052 0.6189200329760923 0.05191059841384282 0.04657873042044518
109 0.332732516222062 0.6226298433635614 0.05407354001441961 0.05399835119538335
296 0.39473684210526316 0.6215993404781534 0.05407354001441961 0.05193734542456719
296 0.45061283345349673 0.6213932399010718 0.05407354001441961 0.05152514427040396
296 0.5100937274693583 0.6211871393239901 0.05407354001441961 0.051112943116240726
38 0.6040014419610671 0.598722176422094 0.04001441961067051 0.08944765045342128
38 0.6449170872386446 0.5985160758450123 0.04397981254506128 0.0898598516075845
3 0.7099855803893295 0.6009892827699918 0.08976207642393655 0.0832646331409728
3 0.7781182408074983 0.5981038746908491 0.07173756308579668 0.07502061005770816
39 0.8168709444844989 0.5791426215993405 0.04542177361211247 0.09233305853256389
21 0.8785147801009373 0.590684253915911 0.0547945205479452 0.09645507007419621
21 0.9239365537130497 0.5908903544929925 0.05263157894736842 0.09439406430338004
132 0.7723503965392935 0.75 0.08471521268925739 0.06224237427864798
132 0.7678442682047585 0.6908491343775762 0.07570295602018745 0.060181368507831824
96 0.8253424657534246 0.6873454245671888 0.0688536409516943 0.06306677658697445
96 0.8415645277577506 0.7462901896125309 0.07678442682047584 0.06801319043693323
96 0.9008651766402307 0.6972382522671063 0.08435472242249459 0.07131079967023908
96 0.9073540014419611 0.754328112118714 0.06200432588320115 0.0494641384995878
349 0.33056957462148523 0.7530915086562242 0.049026676279740444 0.04699093157460841
349 0.38734679163662583 0.7394888705688376 0.052992069214131216 0.060181368507831824
349 0.4426820475847152 0.7394888705688376 0.058399423215573176 0.060181368507831824
271 0.501802451333814 0.7359851607584501 0.0547945205479452 0.053173948887056885
271 0.5573179524152848 0.7372217642209398 0.06344628695025234 0.055647155812036275
271 0.6151766402307137 0.7504122011541632 0.0681326604181687 0.0663643858202803
132 0.6813266041816871 0.7143446001648804 0.07426099495313626 0.00989282769991756
132 0.6833093006488825 0.7429925803792251 0.07101658255227108 0.04987633965375103
86 0.19971160778658975 0.7584501236603463 0.06777217015140591 0.0741962077493817
86 0.2669430425378515 0.7598928276999175 0.07101658255227108 0.07213520197856554
86 0.27631578947368424 0.6879637262984336 0.07029560201874549 0.04204451772464963
86 0.2054794520547945 0.6879637262984336 0.06993511175198269 0.038746908491343775
152 0.07642393655371305 0.7578318219291014 0.06344628695025234 0.05894476504534213
152 0.13320115356885365 0.754328112118714 0.05371304974765681 0.06100577081615829
246 0.4309661139149243 0.8190436933223413 0.06380677721701514 0.03544929925803792
246 0.4313266041816871 0.8571723000824403 0.06452775775054073 0.0416323165704864
246 0.36806056236481616 0.8563478977741138 0.05912040374909877 0.04245671887881286
246 0.3678803172314348 0.8204863973619126 0.06092285508291276 0.03833470733718054
307 0.31056236481614996 0.11211871393239901 0.043619322278298484 0.0898598516075845
307 0.35093727469358327 0.10717230008244023 0.029920692141312183 0.0832646331409728
280 0.4704397981254506 0.08738664468260511 0.03965392934390771 0.07254740313272877
280 0.38662581110310024 0.10160758450123661 0.03280461427541456 0.06224237427864798
132 0.6856524873828407 0.6910552349546579 0.07786589762076424 0.043281121187139324
