32 0.40339781746031744 0.7643849206349206 0.033482142857142856 0.06382275132275132
259 0.43936011904761907 0.7660383597883598 0.034970238095238096 0.05853174603174603
259 0.4724702380952381 0.7549603174603174 0.03670634920634921 0.06746031746031746
56 0.5081845238095238 0.7572751322751323 0.03373015873015873 0.07208994708994709
56 0.5405505952380952 0.7571097883597884 0.03546626984126984 0.07175925925925926
56 0.5719246031746031 0.7567791005291006 0.03373015873015873 0.07043650793650794
169 0.6060267857142857 0.7599206349206349 0.04092261904761905 0.06349206349206349
347 0.6412450396825397 0.7604166666666666 0.03447420634920635 0.06580687830687831
298 0.5341021825396826 0.8657407407407407 0.03844246031746032 0.08994708994708994
298 0.5626240079365079 0.8540013227513228 0.03298611111111111 0.0796957671957672
298 0.5958581349206349 0.857473544973545 0.03695436507936508 0.08531746031746032
282 0.49243551587301587 0.8743386243386243 0.046378968253968256 0.06415343915343916
340 0.07118055555555555 0.15360449735449735 0.057539682539682536 0.10416666666666667
340 0.11371527777777778 0.15790343915343916 0.04935515873015873 0.1001984126984127
340 0.15959821428571427 0.15757275132275134 0.05084325396825397 0.103505291005291
341 0.2074652777777778 0.16104497354497355 0.057291666666666664 0.10119047619047619
341 0.2601686507936508 0.16567460317460317 0.05406746031746032 0.09259259259259259
341 0.29799107142857145 0.17278439153439154 0.05084325396825397 0.08167989417989419
341 0.34697420634920634 0.16600529100529102 0.049107142857142856 0.09722222222222222
100 0.396453373015873 0.1669973544973545 0.050347222222222224 0.09788359788359788
100 0.44754464285714285 0.16865079365079366 0.04935515873015873 0.09722222222222222
25 0.49975198412698413 0.1960978835978836 0.05257936507936508 0.04431216931216931
339 0.5455109126984127 0.18287037037037038 0.05133928571428571 0.07208994708994709
25 0.5593998015873016 0.1982473544973545 0.053323412698412696 0.0419973544973545
306 0.059399801587301584 0.2933201058201058 0.006696428571428571 0.07738095238095238
64 0.08630952380952381 0.2919973544973545 0.06101190476190476 0.082010582010582
31 0.14174107142857142 0.2959656084656085 0.061755952380952384 0.07671957671957672
31 0.20027281746031747 0.29563492063492064 0.061755952380952384 0.07936507936507936
196 0.24404761904761904 0.30241402116402116 0.03373015873015873 0.06712962962962964
196 0.27157738095238093 0.3029100529100529 0.030257936507936508 0.06613756613756613
210 0.2996031746031746 0.30357142857142855 0.030257936507936508 0.06547619047619048
210 0.3263888888888889 0.30423280423280424 0.032242063492063495 0.06613756613756613
137 0.35987103174603174 0.3126653439153439 0.025793650793650792 0.050595238095238096
137 0.38678075396825395 0.3134920634920635 0.029017857142857144 0.05092592592592592
137 0.4165426587301587 0.3148148148148148 0.02703373015873016 0.05026455026455026
111 0.44518849206349204 0.3098544973544973 0.025297619047619048 0.061507936507936505
111 0.4732142857142857 0.310515873015873 0.025297619047619048 0.06084656084656084
111 0.5012400793650794 0.31084656084656087 0.027281746031746032 0.06084656084656084
146 0.5281498015873016 0.3082010582010582 0.024057539682539684 0.06613756613756613
146 0.5505952380952381 0.30886243386243384 0.023809523809523808 0.06613756613756613
146 0.5725446428571429 0.30886243386243384 0.024057539682539684 0.06613756613756613
178 0.6030505952380952 0.3014219576719577 0.029513888888888888 0.08101851851851852
178 0.6316964285714286 0.3014219576719577 0.02976190476190476 0.08035714285714286
178 0.6584821428571429 0.3014219576719577 0.02976190476190476 0.08035714285714286
151 0.08544146825396826 0.42410714285714285 0.041914682539682536 0.08895502645502645
151 0.12202380952380952 0.42427248677248675 0.037698412698412696 0.08928571428571429
151 0.15885416666666666 0.4244378306878307 0.040426587301587304 0.08895502645502645
219 0.19481646825396826 0.42476851851851855 0.038938492063492064 0.08961640211640212
219 0.23040674603174602 0.42476851851851855 0.03819444444444445 0.08961640211640212
219 0.26351686507936506 0.42476851851851855 0.037450396825396824 0.08961640211640212
63 0.30158730158730157 0.42476851851851855 0.03869047619047619 0.08961640211640212
63 0.3349454365079365 0.42476851851851855 0.038938492063492064 0.08961640211640212
63 0.3705357142857143 0.42476851851851855 0.03422619047619048 0.08961640211640212
344 0.5006200396825397 0.4050925925925926 0.047371031746031744 0.052248677248677246
344 0.5502232142857143 0.40575396825396826 0.048859126984126984 0.052248677248677246
344 0.5498511904761905 0.45105820105820105 0.047619047619047616 0.041005291005291
344 0.5028521825396826 0.45072751322751325 0.046875 0.041666666666666664
200 0.5993303571428571 0.45023148148148145 0.046875 0.04133597883597884
200 0.5993303571428571 0.4054232804232804 0.05233134920634921 0.052248677248677246
200 0.644469246031746 0.4041005291005291 0.05530753968253968 0.05092592592592592
200 0.6450892857142857 0.44990079365079366 0.047619047619047616 0.0419973544973545
225 0.46403769841269843 0.4386574074074074 0.027281746031746032 0.06580687830687831
103 0.4339037698412698 0.4386574074074074 0.027529761904761904 0.060515873015873016
103 0.4053819444444444 0.4386574074074074 0.027529761904761904 0.06382275132275132
141 0.09697420634920635 0.5357142857142857 0.044642857142857144 0.09457671957671958
141 0.1297123015873016 0.5357142857142857 0.03670634920634921 0.09457671957671958
347 0.1661706349206349 0.5357142857142857 0.03869047619047619 0.09523809523809523
347 0.19990079365079366 0.5357142857142857 0.03422619047619048 0.09457671957671958
347 0.2326388888888889 0.5357142857142857 0.03422619047619048 0.09457671957671958
49 0.2664930555555556 0.5388558201058201 0.038938492063492064 0.08763227513227513
49 0.3029513888888889 0.5393518518518519 0.03695436507936508 0.08664021164021164
49 0.33643353174603174 0.5357142857142857 0.035962301587301584 0.09193121693121693
49 0.3687996031746032 0.5357142857142857 0.03273809523809524 0.09193121693121693
49 0.40153769841269843 0.5353835978835979 0.03571428571428571 0.09060846560846561
142 0.4384920634920635 0.5497685185185185 0.03422619047619048 0.0625
222 0.47333829365079366 0.5497685185185185 0.03298611111111111 0.06183862433862434
98 0.5053323412698413 0.5499338624338624 0.028521825396825396 0.061507936507936505
177 0.535218253968254 0.5500992063492064 0.027777777777777776 0.060515873015873016
334 0.5634920634920635 0.5500992063492064 0.030753968253968252 0.060515873015873016
87 0.5936259920634921 0.5522486772486772 0.03050595238095238 0.056878306878306875
45 0.6378968253968254 0.53125 0.05406746031746032 0.03869047619047619
45 0.6398809523809523 0.5653108465608465 0.049107142857142856 0.02943121693121693
189 0.4212549603174603 0.656415343915344 0.046378968253968256 0.041005291005291
27 0.4212549603174603 0.6891534391534392 0.046875 0.026455026455026454
20 0.4654017857142857 0.6395502645502645 0.03298611111111111 0.046296296296296294
20 0.46664186507936506 0.6815476190476191 0.03249007936507937 0.03902116402116402
89 0.5070684523809523 0.6818783068783069 0.03249007936507937 0.037037037037037035
89 0.5075644841269841 0.6410383597883598 0.03447420634920635 0.04927248677248677
83 0.5432787698412699 0.6398809523809523 0.034970238095238096 0.046296296296296294
83 0.5407986111111112 0.6810515873015873 0.03249007936507937 0.03802910052910053
46 0.5849454365079365 0.6512896825396826 0.04935515873015873 0.04133597883597884
46 0.5842013888888888 0.6840277777777778 0.048859126984126984 0.028769841269841268
173 0.6360367063492064 0.6820436507936508 0.05133928571428571 0.036044973544973546
173 0.6356646825396826 0.6453373015873016 0.049107142857142856 0.0333994708994709
133 0.6318204365079365 0.6261574074074074 0.041914682539682536 0.00958994708994709
160 0.09449404761904762 0.6608796296296297 0.040674603174603176 0.09424603174603174
160 0.13206845238095238 0.6615410052910053 0.04290674603174603 0.09292328042328042
160 0.17609126984126985 0.6598875661375662 0.03819444444444445 0.09292328042328042
304 0.2795138888888889 0.6590608465608465 0.03273809523809524 0.08994708994708994
304 0.31138392857142855 0.6587301587301587 0.034970238095238096 0.08928571428571429
304 0.3463541666666667 0.6587301587301587 0.0339781746031746 0.08928571428571429
304 0.380828373015873 0.658068783068783 0.034970238095238096 0.08796296296296297
100 0.24206349206349206 0.78505291005291 0.028273809523809524 0.06944444444444445
100 0.27318948412698413 0.7867063492063492 0.03249007936507937 0.06944444444444445
100 0.30344742063492064 0.781415343915344 0.029513888888888888 0.06878306878306878
100 0.3349454365079365 0.7863756613756614 0.027529761904761904 0.0787037037037037
100 0.3342013888888889 0.8675595238095238 0.024553571428571428 0.060515873015873016
100 0.3055555555555556 0.8670634920634921 0.036210317460317464 0.07605820105820106
100 0.27380952380952384 0.8766534391534392 0.03125 0.0787037037037037
100 0.24280753968253968 0.8721891534391535 0.030753968253968252 0.060515873015873016
171 0.19754464285714285 0.8625992063492064 0.03249007936507937 0.07705026455026455
171 0.16666666666666666 0.8693783068783069 0.033234126984126984 0.07605820105820106
171 0.13516865079365079 0.8707010582010583 0.034722222222222224 0.07804232804232804
171 0.11532738095238096 0.779265873015873 0.036210317460317464 0.06779100529100529
171 0.16170634920634921 0.7840608465608465 0.033234126984126984 0.06547619047619048
171 0.10491071428571429 0.8678902116402116 0.015376984126984126 0.0710978835978836
272 0.37537202380952384 0.8688822751322751 0.03447420634920635 0.08498677248677249
272 0.4099702380952381 0.8693783068783069 0.03373015873015873 0.08928571428571429
