100 0.017274737423991156 0.9425798625151638 0.03454947484798231 0.09623938536190861
100 0.04132117191818684 0.9425798625151638 0.04892205638474295 0.08249090173877881
100 0.06509121061359867 0.9389405580266882 0.042841348811498065 0.07763849575414476
100 0.09203980099502487 0.9389405580266882 0.04256495301271421 0.07197735543873837
100 0.1265892758430072 0.9379296401132228 0.04588170259812051 0.0715729882733522
100 0.023493642896627972 0.8465426607359482 0.046987285793255944 0.08936514355034371
100 0.05002763957987839 0.8441164577436312 0.04588170259812051 0.08693894055802669
100 0.0855444997236042 0.8443186413263243 0.04836926478717524 0.09138697937727457
100 0.11691542288557213 0.8443186413263243 0.04588170259812051 0.08976951071572989
100 0.024737423991155333 0.7434290335624747 0.049474847982310666 0.10473109583501819
100 0.046710889994472087 0.7480792559644157 0.04588170259812051 0.08653457339264052
100 0.0812603648424544 0.7551556813586737 0.04588170259812051 0.0812778002426203
100 0.11359867330016583 0.7505054589567327 0.04588170259812051 0.08249090173877881
171 0.14814814814814814 0.7422159320663162 0.04256495301271421 0.0950262838657501
171 0.18159203980099503 0.7480792559644157 0.04588170259812051 0.08653457339264052
171 0.20978441127694858 0.7480792559644157 0.04588170259812051 0.08653457339264052
171 0.24212271973466004 0.7422159320663162 0.05085682697622996 0.0950262838657501
65 0.32531785516860146 0.7197735543873838 0.04145936981757877 0.08491710473109583
65 0.3609729132117192 0.7197735543873838 0.040353786622443336 0.08087343307723413
65 0.38681592039800994 0.7197735543873838 0.03731343283582089 0.08491710473109583
198 0.41818684355997787 0.7114840274969673 0.04256495301271421 0.09745248685806712
198 0.4494195688225539 0.7102709260008088 0.04256495301271421 0.09745248685806712
198 0.48714759535655056 0.7090578245046503 0.04173576561636263 0.10392236150424586
182 0.5229408512990602 0.7197735543873838 0.037037037037037035 0.08653457339264052
182 0.5530679933665008 0.7197735543873838 0.03924820342730791 0.08653457339264052
182 0.5843007186290768 0.7232106752931662 0.040353786622443336 0.08451273756570966
58 0.6286622443338862 0.6819652244237768 0.05223880597014925 0.08046906591184796
320 0.6825594250967385 0.6866154468257177 0.05223880597014925 0.08087343307723413
320 0.7269209508015478 0.6876263647391831 0.05085682697622996 0.0812778002426203
37 0.865118850193477 0.6866154468257177 0.040353786622443336 0.08087343307723413
37 0.8920674405749033 0.6856045289122523 0.03178551686014373 0.0812778002426203
222 0.589828634604754 0.5930044480388192 0.04588170259812051 0.09745248685806712
87 0.5530679933665008 0.5964415689446017 0.04588170259812051 0.09138697937727457
306 0.5152017689331122 0.5942175495349777 0.04367053620784964 0.10230489284270117
306 0.47526257600884464 0.5907804286291953 0.04892205638474295 0.10917913465426607
99 0.4310392482034273 0.5859280226445612 0.05113322277501382 0.11241407197735544
99 0.38363736871199555 0.5859280226445612 0.058595909342177996 0.11484027496967246
178 0.34245439469320066 0.5930044480388192 0.04367053620784964 0.10634856449656288
178 0.30901050304035377 0.5942175495349777 0.04367053620784964 0.10634856449656288
304 0.2517965726920951 0.5802668823291549 0.040353786622443336 0.10594419733117671
304 0.2183526810392482 0.5798625151637687 0.04588170259812051 0.10917913465426607
141 0.18269762299613046 0.5764253942579862 0.04919845218352681 0.11928831378892034
141 0.14483139856274185 0.5776384957541447 0.04588170259812051 0.11928831378892034
347 0.1124930901050304 0.5810756166599272 0.040353786622443336 0.10917913465426607
347 0.07904919845218353 0.5812778002426203 0.04588170259812051 0.11120097048119693
63 0.04132117191818684 0.5800646987464618 0.04892205638474295 0.11120097048119693
63 0.015063571033720288 0.5812778002426203 0.030127142067440577 0.11524464213505864
151 0.09632393587617469 0.4423776789324707 0.047816473189607515 0.1196926809543065
151 0.13308457711442787 0.44015365952284674 0.04892205638474295 0.12333198544278205
100 0.17191818684355997 0.4403558431055398 0.053620784964068545 0.1196926809543065
100 0.22056384742951907 0.43894055802668824 0.053620784964068545 0.11686211079660332
100 0.2657545605306799 0.4342903356247473 0.05168601437258154 0.11645774363121715
222 0.30693753454947487 0.48160129397492923 0.0472636815920398 0.08976951071572989
222 0.3446655610834715 0.48160129397492923 0.04588170259812051 0.0881520420541852
324 0.3825317855168601 0.4805903760614638 0.04422332780541736 0.08613020622725434
324 0.41818684355997787 0.4805903760614638 0.04256495301271421 0.08613020622725434
142 0.45909342177998896 0.4779619894864537 0.04588170259812051 0.08653457339264052
142 0.49364289662797123 0.47816417306914677 0.04588170259812051 0.08693894055802669
192 0.5337202874516307 0.4767488879902952 0.04588170259812051 0.08976951071572989
210 0.570342730790492 0.4745248685806712 0.04173576561636263 0.08693894055802669
332 0.6006080707573245 0.4745248685806712 0.037037037037037035 0.08693894055802669
196 0.6286622443338862 0.4745248685806712 0.04173576561636263 0.08693894055802669
215 0.7668601437258153 0.35725839061868175 0.05555555555555555 0.0772341285887586
215 0.724709784411277 0.36453699959563285 0.04643449419568822 0.07076425394257986
83 0.6858761746821448 0.36676101900525676 0.046710889994472087 0.06227254346947028
89 0.6492537313432836 0.3691872219975738 0.04367053620784964 0.06227254346947028
20 0.611387506909895 0.3691872219975738 0.03924820342730791 0.06227254346947028
1 0.5757324488667772 0.3691872219975738 0.040353786622443336 0.06712494945410433
1 0.5497512437810945 0.3760614638091387 0.04145936981757877 0.0606550748079256
137 0.5207296849087893 0.36676101900525676 0.037037037037037035 0.08006469874646178
137 0.49695964621337757 0.3691872219975738 0.03482587064676617 0.07602102709260009
111 0.4613045881702598 0.36676101900525676 0.040353786622443336 0.08087343307723413
111 0.4310392482034273 0.3691872219975738 0.03841901603095633 0.08006469874646178
106 0.39662797125483695 0.36554791750909826 0.037037037037037035 0.08491710473109583
106 0.3630458817025981 0.36554791750909826 0.0406301824212272 0.08491710473109583
146 0.33499170812603646 0.36554791750909826 0.04145936981757877 0.08491710473109583
146 0.2939469320066335 0.36433481601293977 0.0406301824212272 0.08491710473109583
64 0.3587617468214483 0.2587949858471492 0.058595909342177996 0.08653457339264052
198 0.42136539524599226 0.26607359482410026 0.05168601437258154 0.07602102709260009
198 0.46558872305140964 0.26607359482410026 0.05887230514096186 0.07602102709260009
198 0.5164455500276396 0.26243429033562476 0.046710889994472087 0.07602102709260009
355 0.5735212824765064 0.25313384553174284 0.058595909342177996 0.09138697937727457
355 0.6243781094527363 0.25535786494136675 0.04367053620784964 0.08046906591184796
355 0.6697070204532891 0.25657096643752525 0.04588170259812051 0.08046906591184796
247 0.7118573797678275 0.2507076425394258 0.04836926478717524 0.08976951071572989
247 0.7527639579878386 0.2507076425394258 0.05113322277501382 0.08249090173877881
115 0.7991984521835268 0.2507076425394258 0.05113322277501382 0.08006469874646178
355 0.8391376451077943 0.24828143954710877 0.05140961857379768 0.08006469874646178
334 0.8790768380320619 0.2424181156490093 0.04836926478717524 0.08693894055802669
352 0.9190160309563294 0.23534169025475132 0.048645660585959094 0.08976951071572989
177 0.9483139856274184 0.23534169025475132 0.037037037037037035 0.08976951071572989
71 0.6652846876727474 0.08249090173877881 0.04588170259812051 0.08976951071572989
9 0.6145660585959093 0.07763849575414476 0.05168601437258154 0.08329963606955115
272 0.2527639579878386 0.279619894864537 0.044499723604201215 0.1338455317428225
272 0.21945826423438364 0.2822482814395471 0.03814262023217247 0.13182369591589163
272 0.17758430071862907 0.28608976951071574 0.059425096738529574 0.12980186008896077
341 0.13336097291321172 0.29154872624342903 0.0632946379215036 0.1310149615851193
341 0.09314538419016032 0.2909421754953498 0.05749032614704257 0.13950667205822886
341 0.04311774461028192 0.29397492923574603 0.06246545052515202 0.1213101496158512
49 0.027224986180210062 0.14536999595632835 0.054449972360420124 0.12414071977355438
348 0.06066887783305694 0.14961585119288315 0.05555555555555555 0.1310149615851193
348 0.09977888336097292 0.14536999595632835 0.06578220011055833 0.13546300040436718
348 0.13723051409618575 0.14658309745248685 0.05223880597014925 0.10634856449656288
225 0.17260917634051962 0.16033158107561665 0.0472636815920398 0.09260008087343308
225 0.205085682697623 0.1570966437525273 0.04145936981757877 0.09340881520420542
103 0.2406025428413488 0.15790537808329963 0.04836926478717524 0.09340881520420542
103 0.27059148700939745 0.15608572583906186 0.03814262023217247 0.09138697937727457
344 0.3123272526257601 0.17408006469874646 0.05472636815920398 0.06914678528103518
344 0.30514096185737977 0.10998786898503841 0.054173576561636266 0.08006469874646178
200 0.3566887783305694 0.1101900525677315 0.06882255389718077 0.08208653457339264
200 0.3618021006080708 0.16983420946219166 0.06135986733001658 0.0606550748079256
339 0.4152846876727474 0.16882329154872625 0.0632946379215036 0.05863323898099474
339 0.41238253178551687 0.1087747674888799 0.06246545052515202 0.07359482410028306
126 0.4651741293532338 0.08613020622725434 0.053620784964068545 0.09057824504650222
71 0.5128524046434494 0.08754549130610595 0.05666113875069099 0.08774767488879903
71 0.5128524046434494 0.15770319450060655 0.05555555555555555 0.07925596441568944
126 0.46627971254836925 0.16053376465830974 0.053620784964068545 0.07359482410028306
314 0.5632946379215036 0.1544682571775172 0.053620784964068545 0.06712494945410433
9 0.6162244333886125 0.1518398706025071 0.05555555555555555 0.06995551961180752
19 0.6645936981757877 0.15305297209866559 0.056108347153123274 0.0756166599272139
184 0.7716970702045329 0.5972503032753741 0.03482587064676617 0.07278608976951072
142 0.7397733554449972 0.5984634047715326 0.028468767274737423 0.07925596441568944
31 0.30472636815920395 0.26506267691063484 0.06384742951907131 0.09340881520420542
219 0.07338308457711443 0.44723008491710475 0.04007739082365948 0.08976951071572989
219 0.04007739082365948 0.4446016983420946 0.038695411829740185 0.10553983016579054
219 0.010641238253178552 0.44318641326324304 0.021282476506357104 0.10270926000808735
171 0.16376451077943616 0.8485644965628791 0.04339414040906578 0.0950262838657501
171 0.19402985074626866 0.8491710473109584 0.037589828634604756 0.09623938536190861
171 0.22249861802100607 0.8416902547513142 0.03814262023217247 0.08693894055802669
171 0.25027639579878386 0.8445208249090174 0.03178551686014373 0.09260008087343308
171 0.25345494748479824 0.938536190861302 0.026533996683250415 0.07844723008491711
171 0.22719734660033167 0.9427820460978569 0.04201216141514649 0.08693894055802669
171 0.19900497512437812 0.943186413263243 0.03427307904919845 0.09340881520420542
171 0.1720563847429519 0.9417711281843915 0.03178551686014373 0.07925596441568944
49 0.3048645660585959 0.948038819247877 0.03482587064676617 0.09340881520420542
49 0.3345771144278607 0.9460169834209462 0.03620784964068546 0.08208653457339264
49 0.36691542288557216 0.9462191670036393 0.04339414040906578 0.08976951071572989
49 0.3937258153676064 0.9379296401132228 0.02404643449419569 0.08855640921957138
49 0.39289662797125485 0.8473513950667206 0.028468767274737423 0.0812778002426203
49 0.36470425649530125 0.8489688637282653 0.04007739082365948 0.08693894055802669
49 0.3313985627418463 0.8443186413263243 0.038695411829740185 0.08491710473109583
49 0.30030403537866224 0.8422968054993935 0.0406301824212272 0.07925596441568944
49 0.43587617468214485 0.85321471896482 0.03482587064676617 0.08572583906186818
49 0.4400221116639027 0.9433885968459361 0.026533996683250415 0.09138697937727457
49 0.4695964621337756 0.9520824909017388 0.04588170259812051 0.09421754953497775
49 0.5019347705914871 0.9482410028305701 0.037589828634604756 0.08976951071572989
49 0.5233554449972361 0.9433885968459361 0.02404643449419569 0.09138697937727457
49 0.531370923161968 0.8522038010513546 0.023493642896627972 0.08208653457339264
49 0.5019347705914871 0.8546300040436716 0.04145936981757877 0.08289526890416499
49 0.4691818684355998 0.8544278204609785 0.03620784964068546 0.08976951071572989
298 0.6236871199557766 0.7794177112818439 0.03620784964068546 0.09421754953497775
298 0.6557490326147043 0.7873028710068742 0.04007739082365948 0.09623938536190861
298 0.697208402432283 0.786696320258795 0.04339414040906578 0.09906995551961181
32 0.7360420121614152 0.7905378083299636 0.038695411829740185 0.08976951071572989
32 0.7705914870093975 0.791548726243429 0.037589828634604756 0.08774767488879903
259 0.8391376451077943 0.8018600889607764 0.038695411829740185 0.0841083704003235
259 0.8779712548369265 0.7988273352203801 0.03289110005527916 0.07076425394257986
259 0.9143173023770038 0.7998382531338455 0.04532891100055279 0.0841083704003235
169 0.9119679380873411 0.9158916295996765 0.05997788833609729 0.09623938536190861
169 0.9119679380873411 0.976546704407602 0.0406301824212272 0.046906591184795794
136 0.8723051409618574 0.9613829357056207 0.04588170259812051 0.0772341285887586
136 0.8383084577114428 0.9577436312171451 0.03814262023217247 0.08451273756570966
56 0.8052791597567717 0.9553174282248281 0.04007739082365948 0.08936514355034371
56 0.7690713101160862 0.957339264051759 0.03565505804311774 0.08532147189648201
266 0.7338308457711443 0.9577436312171451 0.03814262023217247 0.08451273756570966
136 0.8373410724156993 0.8865750101091792 0.03620784964068546 0.08289526890416499
136 0.8703703703703703 0.8942579862515164 0.03814262023217247 0.09260008087343308
282 0.5844389165284688 0.9581479983825313 0.06384742951907131 0.08370400323493732
282 0.6206467661691543 0.959563283461383 0.07213930348258707 0.08087343307723413
282 0.668048645660586 0.9648200566114031 0.037589828634604756 0.0703598867771937
46 0.6370923161967939 0.5677315002021835 0.06080707573244887 0.04771532551556813
46 0.6350193477059148 0.6077638495754145 0.05997788833609729 0.04852405984634048
174 0.6963792150359315 0.6093813182369592 0.06053067993366501 0.04205418520016175
174 0.6962410171365395 0.5713708046906592 0.06025428413488115 0.05014152850788516
355 0.8195135433941404 0.3372422159320663 0.06301824212271974 0.05014152850788516
355 0.8195135433941404 0.3748483623129802 0.06135986733001658 0.040436716538617065
189 0.8760364842454395 0.35746057420137484 0.06384742951907131 0.07278608976951072
189 0.9346323935876175 0.3706025070764254 0.06495301271420674 0.041649818034775576
189 0.935461580983969 0.33279417711281845 0.07379767827529021 0.0509502628386575
309 0.6766169154228856 0.45673271330367976 0.05970149253731343 0.048119692680954305
45 0.7357656163626313 0.45390214314597654 0.0619126589275843 0.048119692680954305
309 0.6760641238253179 0.4945410432672867 0.05914870093974572 0.03962798220784472
45 0.736180210060807 0.4933279417711282 0.061083471531232725 0.041245450869389404
87 0.7958817025981205 0.4557217953902143 0.05555555555555555 0.046906591184795794
87 0.7964344941956882 0.4937323089365144 0.0538971807628524 0.03881924787707238
287 0.8557213930348259 0.45289122523251113 0.06633499170812604 0.04933279417711282
287 0.8547540077390824 0.49211484027496966 0.06274184632393588 0.041245450869389404
173 0.917910447761194 0.49090173877881116 0.06633499170812604 0.04205418520016175
173 0.9177722498618021 0.45167812373635263 0.07213930348258707 0.046906591184795794
238 0.7745992260917635 0.6651839870602507 0.04892205638474295 0.03881924787707238
238 0.7744610281923715 0.6997573797007683 0.04919845218352681 0.03679741205014153
122 0.8220011055831952 0.7009704811969268 0.05251520176893311 0.03679741205014153
122 0.822277501381979 0.6665992721391023 0.05251520176893311 0.042458552365547915
184 0.7978164731896075 0.5847149211484027 0.02902155887230514 0.07602102709260009
184 0.8264234383637369 0.5845127375657097 0.0326147042564953 0.0756166599272139
184 0.8550304035378662 0.5826930853214719 0.037866224433388614 0.07521229276182774
297 0.9029850746268657 0.566316215123332 0.06080707573244887 0.039223615042458554
297 0.902294085129906 0.6041245450869389 0.059425096738529574 0.03558431055398301
