284 0.030257936507936508 0.14732142857142858 0.05357142857142857 0.0710978835978836
284 0.07316468253968254 0.1433531746031746 0.04811507936507937 0.07308201058201058
284 0.12103174603174603 0.13740079365079366 0.05257936507936508 0.06646825396825397
284 0.11805555555555555 0.19907407407407407 0.051587301587301584 0.08333333333333333
284 0.07304067460317461 0.2088293650793651 0.04935515873015873 0.06911375661375661
284 0.030133928571428572 0.21180555555555555 0.045882936507936505 0.06646825396825397
73 0.028149801587301588 0.29662698412698413 0.05580357142857143 0.05952380952380952
73 0.030133928571428572 0.37003968253968256 0.05927579365079365 0.06018518518518518
73 0.06634424603174603 0.36789021164021163 0.051835317460317464 0.05654761904761905
73 0.0720486111111111 0.30357142857142855 0.057787698412698416 0.06878306878306878
204 0.11805555555555555 0.2976190476190476 0.051587301587301584 0.06878306878306878
204 0.1209077380952381 0.3611111111111111 0.051835317460317464 0.06613756613756613
157 0.16009424603174602 0.3621031746031746 0.05084325396825397 0.06415343915343916
157 0.16108630952380953 0.29580026455026454 0.045882936507936505 0.06646825396825397
264 0.20200892857142858 0.2926587301587302 0.051835317460317464 0.06878306878306878
264 0.20796130952380953 0.36144179894179895 0.051835317460317464 0.07936507936507936
217 0.25186011904761907 0.35813492063492064 0.045882936507936505 0.06018518518518518
217 0.25570436507936506 0.29282407407407407 0.05357142857142857 0.0710978835978836
217 0.29377480158730157 0.2880291005291005 0.045882936507936505 0.06878306878306878
217 0.29675099206349204 0.35532407407407407 0.045882936507936505 0.06448412698412699
345 0.326140873015873 0.44113756613756616 0.03720238095238095 0.041666666666666664
345 0.35540674603174605 0.44130291005291006 0.0496031746031746 0.04265873015873016
0 0.3845486111111111 0.5008267195767195 0.03695436507936508 0.05853174603174603
0 0.4177827380952381 0.5008267195767195 0.03993055555555555 0.06448412698412699
82 0.45882936507936506 0.50380291005291 0.04265873015873016 0.05853174603174603
12 0.5497271825396826 0.4442791005291005 0.045882936507936505 0.06183862433862434
12 0.6072668650793651 0.4393187830687831 0.045882936507936505 0.05654761904761905
265 0.10181051587301587 0.451223544973545 0.05530753968253968 0.06382275132275132
265 0.06039186507936508 0.4513888888888889 0.047371031746031744 0.06481481481481481
265 0.06832837301587301 0.5041335978835979 0.04538690476190476 0.04133597883597884
265 0.10875496031746032 0.5036375661375662 0.047867063492063495 0.042328042328042326
243 0.12016369047619048 0.6412037037037037 0.08903769841269842 0.04828042328042328
243 0.12041170634920635 0.6025132275132276 0.08854166666666667 0.047619047619047616
296 0.28100198412698413 0.6393849206349206 0.047619047619047616 0.0419973544973545
296 0.3245287698412698 0.6393849206349206 0.047867063492063495 0.0419973544973545
38 0.37313988095238093 0.6240079365079365 0.03794642857142857 0.08928571428571429
38 0.40910218253968256 0.6236772486772487 0.03298611111111111 0.09060846560846561
38 0.44146825396825395 0.6236772486772487 0.03521825396825397 0.09060846560846561
38 0.4748263888888889 0.6235119047619048 0.03794642857142857 0.09093915343915344
3 0.529265873015873 0.6321097883597884 0.05853174603174603 0.07903439153439154
3 0.5884176587301587 0.6312830687830688 0.06225198412698413 0.08267195767195767
3 0.6569940476190477 0.6352513227513228 0.0679563492063492 0.08068783068783068
21 0.7132936507936508 0.6311177248677249 0.036210317460317464 0.09424603174603174
21 0.7465277777777778 0.6317791005291006 0.040674603174603176 0.09556878306878307
21 0.7862103174603174 0.6324404761904762 0.04811507936507937 0.09689153439153439
21 0.8251488095238095 0.6324404761904762 0.04811507936507937 0.09821428571428571
21 0.8611111111111112 0.6331018518518519 0.04662698412698413 0.09953703703703703
39 0.9108382936507936 0.6365740740740741 0.04290674603174603 0.09523809523809523
39 0.9451884920634921 0.6370701058201058 0.04811507936507937 0.09556878306878307
39 0.9802827380952381 0.6375661375661376 0.03943452380952381 0.09722222222222222
207 0.7903025793650794 0.4459325396825397 0.0597718253968254 0.06646825396825397
207 0.7322668650793651 0.44675925925925924 0.06374007936507936 0.06812169312169312
207 0.7300347222222222 0.5064484126984127 0.0597718253968254 0.05324074074074074
207 0.7900545634920635 0.5051256613756614 0.0597718253968254 0.05588624338624339
250 0.8469742063492064 0.445271164021164 0.03670634920634921 0.06845238095238096
250 0.8505704365079365 0.5016534391534392 0.04389880952380952 0.05489417989417989
250 0.8940972222222222 0.4973544973544973 0.04513888888888889 0.06415343915343916
233 0.9502728174603174 0.4923941798941799 0.04538690476190476 0.0787037037037037
233 0.9848710317460317 0.48842592592592593 0.027777777777777776 0.08664021164021164
12 0.6142113095238095 0.49851190476190477 0.037450396825396824 0.04794973544973545
12 0.6589781746031746 0.49834656084656087 0.034722222222222224 0.047619047619047616
12 0.5536954365079365 0.5072751322751323 0.046378968253968256 0.05092592592592592
109 0.2312748015873016 0.7152777777777778 0.05133928571428571 0.05092592592592592
109 0.27492559523809523 0.7164351851851852 0.04935515873015873 0.0539021164021164
152 0.3185763888888889 0.7180886243386243 0.05084325396825397 0.05720899470899471
152 0.3655753968253968 0.7220568783068783 0.050595238095238096 0.05853174603174603
152 0.3696676587301587 0.771494708994709 0.047371031746031744 0.04497354497354497
152 0.32502480158730157 0.7680224867724867 0.04935515873015873 0.04398148148148148
109 0.275421626984127 0.7614087301587301 0.043402777777777776 0.03802910052910053
109 0.234375 0.7600859788359788 0.042162698412698416 0.040013227513227514
86 0.42212301587301587 0.7238756613756614 0.059027777777777776 0.051587301587301584
86 0.4781746031746032 0.7250330687830688 0.06101190476190476 0.054563492063492064
86 0.5417906746031746 0.7275132275132276 0.06125992063492063 0.05886243386243386
86 0.5518353174603174 0.7756283068783069 0.041666666666666664 0.040674603174603176
86 0.47259424603174605 0.7696759259259259 0.04241071428571429 0.040674603174603176
86 0.42311507936507936 0.7685185185185185 0.060515873015873016 0.041005291005291
349 0.7232142857142857 0.7878637566137566 0.056051587301587304 0.05720899470899471
349 0.668030753968254 0.7853835978835979 0.05431547619047619 0.056216931216931214
349 0.7202380952380952 0.7306547619047619 0.05505952380952381 0.06382275132275132
349 0.6654265873015873 0.7286706349206349 0.05505952380952381 0.059854497354497355
349 0.6071428571428571 0.7298280423280423 0.05257936507936508 0.061507936507936505
86 0.5997023809523809 0.7781084656084656 0.04365079365079365 0.04298941798941799
96 0.9043898809523809 0.7437169312169312 0.06076388888888889 0.06415343915343916
96 0.9609375 0.7457010582010583 0.061755952380952384 0.06812169312169312
96 0.957093253968254 0.8009259259259259 0.06398809523809523 0.05026455026455026
96 0.9017857142857143 0.7976190476190477 0.056051587301587304 0.05092592592592592
329 0.12388392857142858 0.7298280423280423 0.05133928571428571 0.08928571428571429
329 0.1705109126984127 0.7394179894179894 0.06225198412698413 0.09722222222222222
296 0.23139880952380953 0.6352513227513228 0.046130952380952384 0.04894179894179894
296 0.19444444444444445 0.6342592592592593 0.04861111111111111 0.05092592592592592
92 0.14521329365079366 0.5180224867724867 0.031994047619047616 0.040674603174603176
92 0.1705109126984127 0.519510582010582 0.0339781746031746 0.04497354497354497
92 0.20734126984126985 0.519510582010582 0.044642857142857144 0.04497354497354497
246 0.24243551587301587 0.8402777777777778 0.058779761904761904 0.05555555555555555
246 0.29538690476190477 0.841765873015873 0.05853174603174603 0.05919312169312169
246 0.2408234126984127 0.8870701058201058 0.05555555555555555 0.049933862433862435
246 0.2943948412698413 0.8915343915343915 0.06101190476190476 0.052248677248677246
338 0.38256448412698413 0.8549933862433863 0.11086309523809523 0.06779100529100529
338 0.38256448412698413 0.904265873015873 0.08903769841269842 0.044642857142857144
132 0.5282738095238095 0.8511904761904762 0.05853174603174603 0.057539682539682536
132 0.47532242063492064 0.8999669312169312 0.05927579365079365 0.04662698412698413
132 0.5307539682539683 0.9054232804232805 0.05357142857142857 0.03902116402116402
62 0.14682539682539683 0.845734126984127 0.06646825396825397 0.09623015873015874
62 0.18501984126984128 0.8510251322751323 0.050595238095238096 0.09556878306878307
208 0.7229662698412699 0.9189814814814815 0.039186507936507936 0.056878306878306875
208 0.6648065476190477 0.9173280423280423 0.050347222222222224 0.05555555555555555
235 0.7817460317460317 0.9092261904761905 0.07043650793650794 0.10152116402116403
33 0.8643353174603174 0.9138558201058201 0.08531746031746032 0.11078042328042328
33 0.9327876984126984 0.9027777777777778 0.0744047619047619 0.08928571428571429
52 0.7264384920634921 0.06646825396825397 0.06845238095238096 0.0667989417989418
52 0.7916666666666666 0.06580687830687831 0.06845238095238096 0.06547619047619048
52 0.7244543650793651 0.14897486772486773 0.06448412698412699 0.06646825396825397
52 0.7891865079365079 0.1455026455026455 0.06944444444444445 0.0701058201058201
333 0.8624751984126984 0.12996031746031747 0.0662202380952381 0.09391534391534391
333 0.9241071428571429 0.12896825396825398 0.06845238095238096 0.09523809523809523
244 0.6494295634920635 0.16220238095238096 0.0662202380952381 0.07572751322751323
239 0.17162698412698413 0.18683862433862433 0.0496031746031746 0.10119047619047619
239 0.21217757936507936 0.18816137566137567 0.04290674603174603 0.09193121693121693
188 0.24714781746031747 0.1939484126984127 0.03993055555555555 0.0744047619047619
188 0.27839781746031744 0.1917989417989418 0.040426587301587304 0.07671957671957672
188 0.31237599206349204 0.18716931216931218 0.038938492063492064 0.07605820105820106
307 0.35007440476190477 0.18303571428571427 0.04141865079365079 0.0796957671957672
307 0.3845486111111111 0.17989417989417988 0.04141865079365079 0.08068783068783068
307 0.4184027777777778 0.17807539682539683 0.03720238095238095 0.0796957671957672
280 0.45771329365079366 0.1701388888888889 0.038938492063492064 0.08498677248677249
280 0.4921875 0.16865079365079366 0.03844246031746032 0.08796296296296297
280 0.5249255952380952 0.16600529100529102 0.0339781746031746 0.08796296296296297
345 0.3178323412698413 0.5158730158730159 0.034970238095238096 0.041666666666666664
345 0.35131448412698413 0.5171957671957672 0.02703373015873016 0.041005291005291
271 0.7848462301587301 0.7878637566137566 0.04241071428571429 0.04133597883597884
271 0.8313492063492064 0.7928240740740741 0.049107142857142856 0.0539021164021164
132 0.4703621031746032 0.8478835978835979 0.057787698412698416 0.052248677248677246
