269 0.1278409090909091 0.1201859229747676 0.17613636363636365 0.11553784860557768
269 0.12329545454545454 0.24203187250996017 0.17462121212121212 0.12151394422310757
269 0.12746212121212122 0.33598937583001326 0.18295454545454545 0.1102257636122178
283 0.3028409090909091 0.16367861885790172 0.22386363636363638 0.14010624169986718
283 0.3229166666666667 0.11155378486055777 0.20113636363636364 0.11155378486055777
283 0.3153409090909091 0.27124833997343956 0.21628787878787878 0.10026560424966799
283 0.33390151515151517 0.3379814077025232 0.20643939393939395 0.13147410358565736
185 0.4666666666666667 0.29847277556440904 0.056818181818181816 0.21447543160690571
163 0.8035984848484848 0.14276228419654716 0.11174242424242424 0.11420982735723771
163 0.8035984848484848 0.23207171314741035 0.10643939393939394 0.0949535192563081
163 0.8329545454545455 0.35292164674634796 0.11893939393939394 0.11354581673306773
163 0.7295454545454545 0.2739043824701195 0.12121212121212122 0.12151394422310757
163 0.703219696969697 0.22808764940239043 0.10795454545454546 0.10956175298804781
163 0.7183712121212121 0.36686586985391767 0.11628787878787879 0.08432934926958831
185 0.5365530303030303 0.28087649402390436 0.06477272727272727 0.26294820717131473
159 0.6424242424242425 0.7924966799468791 0.13636363636363635 0.1148738379814077
159 0.7818181818181819 0.7875166002656042 0.16893939393939394 0.11420982735723771
159 0.7607954545454545 0.8761620185922975 0.12386363636363637 0.07901726427622842
159 0.6465909090909091 0.8781540504648074 0.11287878787878788 0.07768924302788845
275 0.40397727272727274 0.5192563081009296 0.1821969696969697 0.10624169986719788
275 0.40511363636363634 0.5969455511288181 0.17689393939393938 0.07835325365205843
275 0.40511363636363634 0.649734395750332 0.17007575757575757 0.05112881806108898
275 0.40928030303030305 0.7324037184594954 0.13977272727272727 0.12084993359893759
275 0.40984848484848485 0.8213811420982736 0.13257575757575757 0.0849933598937583
275 0.4096590909090909 0.8914342629482072 0.12840909090909092 0.07768924302788845
80 0.15549242424242424 0.796148738379814 0.18143939393939393 0.11952191235059761
80 0.18200757575757576 0.7254316069057105 0.13522727272727272 0.029880478087649404
