324 0.13938492063492064 0.08068783068783068 0.06746031746031746 0.10846560846560846
142 0.20684523809523808 0.0787037037037037 0.061507936507936505 0.1111111111111111
178 0.4618055555555556 0.06779100529100529 0.054563492063492064 0.13558201058201058
182 0.5223214285714286 0.06779100529100529 0.057539682539682536 0.13558201058201058
146 0.5796130952380952 0.08234126984126984 0.052083333333333336 0.09986772486772487
106 0.6344246031746031 0.07903439153439154 0.05357142857142857 0.11044973544973545
198 0.013392857142857142 0.5641534391534392 0.026785714285714284 0.10978835978835978
25 0.0642361111111111 0.5641534391534392 0.08382936507936507 0.10846560846560846
126 0.14508928571428573 0.5697751322751323 0.08382936507936507 0.09193121693121693
71 0.22743055555555555 0.5671296296296297 0.07787698412698413 0.08928571428571429
16 0.30927579365079366 0.5641534391534392 0.07787698412698413 0.08862433862433862
314 0.38839285714285715 0.5641534391534392 0.07738095238095238 0.08862433862433862
19 0.46750992063492064 0.5621693121693122 0.07291666666666667 0.08862433862433862
344 0.5476190476190477 0.5595238095238095 0.08333333333333333 0.09523809523809523
200 0.6277281746031746 0.5555555555555556 0.08482142857142858 0.09523809523809523
196 0.7487599206349206 0.5542328042328042 0.052083333333333336 0.08862433862433862
249 0.7996031746031746 0.5535714285714286 0.051587301587301584 0.08862433862433862
165 0.8514384920634921 0.5522486772486772 0.04811507936507937 0.08862433862433862
225 0.9010416666666666 0.5515873015873016 0.052083333333333336 0.08862433862433862
103 0.9481646825396826 0.5515873015873016 0.04811507936507937 0.08862433862433862
137 0.9851190476190477 0.5502645502645502 0.02976190476190476 0.08333333333333333
347 0.0662202380952381 0.7116402116402116 0.08779761904761904 0.1574074074074074
347 0.13740079365079366 0.7076719576719577 0.07738095238095238 0.15079365079365079
127 0.20858134920634921 0.7116402116402116 0.08382936507936507 0.1455026455026455
64 0.28794642857142855 0.7116402116402116 0.09275793650793651 0.14153439153439154
31 0.3864087301587302 0.7096560846560847 0.09424603174603174 0.14682539682539683
100 0.47619047619047616 0.7066798941798942 0.06448412698412699 0.13955026455026456
100 0.5349702380952381 0.7027116402116402 0.06597222222222222 0.13955026455026456
347 0.5964781746031746 0.7007275132275133 0.0679563492063492 0.13955026455026456
272 0.6530257936507936 0.6977513227513228 0.0679563492063492 0.1335978835978836
272 0.7078373015873016 0.6967592592592593 0.06845238095238096 0.14087301587301587
153 0.7633928571428571 0.6970899470899471 0.05952380952380952 0.13624338624338625
171 0.8179563492063492 0.6931216931216931 0.06845238095238096 0.1335978835978836
304 0.8777281746031746 0.6931216931216931 0.0679563492063492 0.12962962962962962
144 0.9392361111111112 0.6901455026455027 0.07787698412698413 0.12896825396825398
100 0.9107142857142857 0.8621031746031746 0.08035714285714286 0.16071428571428573
100 0.8415178571428571 0.8627645502645502 0.07886904761904762 0.15542328042328044
63 0.7762896825396826 0.8680555555555556 0.05654761904761905 0.16071428571428573
63 0.7222222222222222 0.8677248677248677 0.05654761904761905 0.16137566137566137
171 0.6716269841269841 0.8756613756613757 0.05654761904761905 0.16534391534391535
171 0.6150793650793651 0.8796296296296297 0.05654761904761905 0.16137566137566137
171 0.558531746031746 0.8855820105820106 0.060515873015873016 0.16137566137566137
171 0.49702380952380953 0.8796296296296297 0.05654761904761905 0.15873015873015872
340 0.44320436507936506 0.8826058201058201 0.05803571428571429 0.16468253968253968
347 0.3864087301587302 0.8872354497354498 0.06349206349206349 0.16468253968253968
219 0.3318452380952381 0.8855820105820106 0.057539682539682536 0.17195767195767195
219 0.2740575396825397 0.8902116402116402 0.07093253968253968 0.1693121693121693
151 0.2065972222222222 0.9001322751322751 0.0679563492063492 0.17857142857142858
151 0.14136904761904762 0.9041005291005291 0.07242063492063493 0.18386243386243387
99 0.06820436507936507 0.9001322751322751 0.08382936507936507 0.17724867724867724
222 0.28100198412698413 0.07605820105820106 0.0679563492063492 0.11772486772486772
206 0.34151785714285715 0.07903439153439154 0.06299603174603174 0.11044973544973545
65 0.39632936507936506 0.07771164021164022 0.06547619047619048 0.12235449735449735
111 0.7321428571428571 0.09259259259259259 0.04563492063492063 0.08862433862433862
177 0.7023809523809523 0.4027777777777778 0.04861111111111111 0.0992063492063492
337 0.751984126984127 0.4017857142857143 0.04563492063492063 0.09722222222222222
352 0.8045634920634921 0.4017857142857143 0.04662698412698413 0.09722222222222222
334 0.8529265873015873 0.4017857142857143 0.046130952380952384 0.0958994708994709
337 0.9035218253968254 0.4017857142857143 0.05009920634920635 0.0958994708994709
98 0.9558531746031746 0.4011243386243386 0.05257936507936508 0.09325396825396826
87 0.4541170634920635 0.41104497354497355 0.046130952380952384 0.08796296296296297
87 0.5047123015873016 0.41005291005291006 0.046130952380952384 0.08994708994708994
87 0.5548115079365079 0.41005291005291006 0.046130952380952384 0.08862433862433862
37 0.6009424603174603 0.4093915343915344 0.0441468253968254 0.08862433862433862
37 0.6448412698412699 0.4093915343915344 0.04563492063492063 0.08862433862433862
89 0.39360119047619047 0.4236111111111111 0.059027777777777776 0.0667989417989418
89 0.33407738095238093 0.4236111111111111 0.059027777777777776 0.06812169312169312
184 0.18551587301587302 0.4093915343915344 0.051587301587301584 0.10052910052910052
184 0.2333829365079365 0.41005291005291006 0.052083333333333336 0.09788359788359788
184 0.28075396825396826 0.4093915343915344 0.050595238095238096 0.0992063492063492
215 0.1195436507936508 0.40906084656084657 0.08035714285714286 0.10251322751322751
320 0.04117063492063492 0.42063492063492064 0.08134920634920635 0.08333333333333333
292 0.6837797619047619 0.0992063492063492 0.04117063492063492 0.07671957671957672
292 0.6867559523809523 0.032407407407407406 0.03521825396825397 0.06481481481481481
238 0.7296626984126984 0.2751322751322751 0.07539682539682539 0.04497354497354497
238 0.7296626984126984 0.22453703703703703 0.07837301587301587 0.056216931216931214
238 0.8097718253968254 0.2261904761904762 0.07688492063492064 0.062169312169312166
238 0.8048115079365079 0.2771164021164021 0.07490079365079365 0.042328042328042326
238 0.8816964285714286 0.2767857142857143 0.07688492063492064 0.04298941798941799
238 0.8834325396825397 0.2261904761904762 0.07539682539682539 0.06084656084656084
147 0.9585813492063492 0.2318121693121693 0.07589285714285714 0.056216931216931214
147 0.9583333333333334 0.27843915343915343 0.0763888888888889 0.03968253968253968
173 0.061507936507936505 0.27380952380952384 0.09821428571428571 0.051587301587301584
173 0.06274801587301587 0.2156084656084656 0.10069444444444445 0.06878306878306878
173 0.1619543650793651 0.2152777777777778 0.09771825396825397 0.06812169312169312
173 0.16121031746031747 0.2748015873015873 0.09623015873015874 0.05092592592592592
46 0.2611607142857143 0.27414021164021163 0.09375 0.05092592592592592
46 0.2619047619047619 0.22288359788359788 0.09325396825396826 0.05423280423280423
174 0.3601190476190476 0.21825396825396826 0.09027777777777778 0.06481481481481481
174 0.361359126984127 0.2751322751322751 0.09077380952380952 0.05026455026455026
309 0.4585813492063492 0.273478835978836 0.09077380952380952 0.05092592592592592
309 0.45808531746031744 0.21792328042328044 0.08978174603174603 0.0667989417989418
27 0.5520833333333334 0.22321428571428573 0.0882936507936508 0.06415343915343916
189 0.5520833333333334 0.27645502645502645 0.08531746031746032 0.04497354497354497
189 0.6391369047619048 0.2761243386243386 0.09176587301587301 0.04563492063492063
27 0.6411210317460317 0.22387566137566137 0.08581349206349206 0.05886243386243386
174 0.6455853174603174 0.18518518518518517 0.07787698412698413 0.021164021164021163
