3 0.566344246031746 0.4060846560846561 0.05084325396825397 0.06415343915343916
3 0.6121031746031746 0.4060846560846561 0.054563492063492064 0.06415343915343916
3 0.6591021825396826 0.4088955026455027 0.04935515873015873 0.06646825396825397
244 0.8768601190476191 0.5828373015873016 0.06274801587301587 0.04332010582010582
244 0.8446180555555556 0.6170634920634921 0.08159722222222222 0.04298941798941799
244 0.8348214285714286 0.5808531746031746 0.05952380952380952 0.03935185185185185
21 0.7801339285714286 0.5965608465608465 0.034970238095238096 0.06415343915343916
290 0.7430555555555556 0.595568783068783 0.03670634920634921 0.06878306878306878
21 0.7116815476190477 0.595568783068783 0.04141865079365079 0.07076719576719577
21 0.6785714285714286 0.5925925925925926 0.04265873015873016 0.06415343915343916
21 0.6493055555555556 0.5896164021164021 0.030257936507936508 0.06415343915343916
207 0.38268849206349204 0.5846560846560847 0.03670634920634921 0.05423280423280423
207 0.3489583333333333 0.5912698412698413 0.03125 0.03439153439153439
236 0.31820436507936506 0.5848214285714286 0.03720238095238095 0.04398148148148148
236 0.27628968253968256 0.5710978835978836 0.03670634920634921 0.06415343915343916
236 0.31721230158730157 0.5515873015873016 0.033234126984126984 0.027777777777777776
38 0.41009424603174605 0.39732142857142855 0.02554563492063492 0.06382275132275132
38 0.4332837301587302 0.3978174603174603 0.0248015873015873 0.06349206349206349
38 0.4618055555555556 0.39880952380952384 0.026785714285714284 0.06349206349206349
38 0.48387896825396826 0.3966600529100529 0.022321428571428572 0.06646825396825397
38 0.5119047619047619 0.4019510582010582 0.019345238095238096 0.06448412698412699
333 0.33296130952380953 0.40327380952380953 0.03695436507936508 0.055224867724867725
311 0.3664434523809524 0.38673941798941797 0.038938492063492064 0.035383597883597885
311 0.37016369047619047 0.4181547619047619 0.0339781746031746 0.028108465608465607
212 0.2961309523809524 0.5049603174603174 0.029265873015873016 0.0291005291005291
212 0.32155257936507936 0.5044642857142857 0.023065476190476192 0.03207671957671958
345 0.38777281746031744 0.49867724867724866 0.0220734126984127 0.012566137566137565
345 0.41009424603174605 0.5034722222222222 0.021081349206349208 0.017526455026455025
345 0.43365575396825395 0.5132275132275133 0.0220734126984127 0.02447089947089947
345 0.4547371031746032 0.5147156084656085 0.02058531746031746 0.023478835978835978
212 0.44146825396825395 0.4975198412698413 0.047619047619047616 0.01025132275132275
345 0.3939732142857143 0.4695767195767196 0.02058531746031746 0.02447089947089947
345 0.41418650793650796 0.4713955026455027 0.020337301587301588 0.022817460317460316
345 0.4410962301587302 0.4675925925925926 0.014632936507936508 0.03042328042328042
345 0.4554811507936508 0.4773478835978836 0.02058531746031746 0.026785714285714284
82 0.5823412698412699 0.5173611111111112 0.022321428571428572 0.04332010582010582
82 0.6166914682539683 0.5133928571428571 0.028521825396825396 0.04332010582010582
109 0.6398809523809523 0.5196759259259259 0.022321428571428572 0.049933862433862435
92 0.5326140873015873 0.513723544973545 0.0220734126984127 0.03141534391534392
92 0.4849950396825397 0.5104166666666666 0.021081349206349208 0.036044973544973546
345 0.5070684523809523 0.5109126984126984 0.023065476190476192 0.037037037037037035
92 0.5544394841269841 0.5153769841269841 0.0220734126984127 0.028108465608465607
82 0.5970982142857143 0.5165343915343915 0.015128968253968254 0.03968253968253968
250 0.7297867063492064 0.5305886243386243 0.03249007936507937 0.03935185185185185
250 0.7134176587301587 0.4912367724867725 0.03695436507936508 0.04265873015873016
250 0.6906001984126984 0.5266203703703703 0.03249007936507937 0.04332010582010582
250 0.6706349206349206 0.5216600529100529 0.016865079365079364 0.04332010582010582
250 0.6788194444444444 0.48412698412698413 0.033234126984126984 0.04563492063492063
233 0.7917906746031746 0.48544973544973546 0.041914682539682536 0.04497354497354497
233 0.8194444444444444 0.5281084656084656 0.025793650793650792 0.04497354497354497
233 0.7989831349206349 0.5291005291005291 0.022569444444444444 0.04298941798941799
233 0.7688492063492064 0.5287698412698413 0.03521825396825397 0.04431216931216931
66 0.7527281746031746 0.38525132275132273 0.046130952380952384 0.03439153439153439
66 0.8012152777777778 0.3864087301587302 0.054811507936507936 0.036044973544973546
66 0.8251488095238095 0.42427248677248675 0.050595238095238096 0.03571428571428571
66 0.7743055555555556 0.42427248677248675 0.061507936507936505 0.03571428571428571
243 0.908234126984127 0.39169973544973546 0.11210317460317461 0.045304232804232805
243 0.9000496031746031 0.4287367724867725 0.09523809523809523 0.03802910052910053
0 0.6986607142857143 0.4080687830687831 0.028769841269841268 0.022486772486772486
0 0.7247023809523809 0.40591931216931215 0.021825396825396824 0.026124338624338623
246 0.7478918650793651 0.6896494708994709 0.048859126984126984 0.04398148148148148
246 0.7378472222222222 0.6638558201058201 0.04017857142857143 0.03802910052910053
132 0.7883184523809523 0.6833664021164021 0.044890873015873016 0.035383597883597885
86 0.8375496031746031 0.6959325396825397 0.05803571428571429 0.04398148148148148
132 0.8308531746031746 0.6853505291005291 0.042162698412698416 0.03207671957671958
86 0.8365575396825397 0.6615410052910053 0.04712301587301587 0.02546296296296296
86 0.794890873015873 0.6577380952380952 0.051587301587301584 0.023809523809523808
271 0.5694444444444444 0.6775793650793651 0.030257936507936508 0.03968253968253968
296 0.6000744047619048 0.6486441798941799 0.031994047619047616 0.026124338624338623
271 0.6000744047619048 0.6665013227513228 0.03249007936507937 0.013558201058201057
271 0.6041666666666666 0.69130291005291 0.03373015873015873 0.040013227513227514
271 0.6344246031746031 0.6827050264550265 0.03373015873015873 0.040013227513227514
246 0.6656746031746031 0.6726190476190477 0.03670634920634921 0.041005291005291
152 0.48933531746031744 0.6431878306878307 0.03125 0.031084656084656083
152 0.5066964285714286 0.6803902116402116 0.033234126984126984 0.04861111111111111
152 0.47643849206349204 0.6767526455026455 0.033234126984126984 0.04927248677248677
152 0.5357142857142857 0.6780753968253969 0.028769841269841268 0.0419973544973545
84 0.3726438492063492 0.6579034391534392 0.037450396825396824 0.04133597883597884
86 0.3733878968253968 0.6309523809523809 0.03844246031746032 0.022486772486772486
86 0.40339781746031744 0.6721230158730159 0.04241071428571429 0.03935185185185185
86 0.44308035714285715 0.6655092592592593 0.03844246031746032 0.03935185185185185
217 0.11495535714285714 0.6499669312169312 0.029513888888888888 0.03273809523809524
217 0.14186507936507936 0.6504629629629629 0.02976190476190476 0.03373015873015873
204 0.16778273809523808 0.65244708994709 0.030009920634920636 0.036375661375661374
284 0.19270833333333334 0.6545965608465608 0.031746031746031744 0.03736772486772487
73 0.21924603174603174 0.6577380952380952 0.027777777777777776 0.037698412698412696
73 0.24330357142857142 0.6603835978835979 0.02628968253968254 0.03505291005291005
231 0.12450396825396826 0.7390873015873016 0.03720238095238095 0.03968253968253968
231 0.12723214285714285 0.7027116402116402 0.028769841269841268 0.02976190476190476
264 0.15885416666666666 0.6939484126984127 0.029017857142857144 0.026785714285714284
264 0.15178571428571427 0.7341269841269841 0.030257936507936508 0.03835978835978836
264 0.1728670634920635 0.7423941798941799 0.03125 0.04298941798941799
204 0.2183779761904762 0.7091600529100529 0.030009920634920636 0.035383597883597885
109 0.19866071428571427 0.7280092592592593 0.018353174603174604 0.045304232804232805
204 0.24144345238095238 0.7529761904761905 0.023561507936507936 0.04298941798941799
204 0.21862599206349206 0.7514880952380952 0.026041666666666668 0.0333994708994709
143 0.2839781746031746 0.7587632275132276 0.04861111111111111 0.03736772486772487
143 0.2839781746031746 0.7294973544973545 0.04861111111111111 0.026455026455026454
338 0.42373511904761907 0.7485119047619048 0.07316468253968254 0.045304232804232805
338 0.42658730158730157 0.7152777777777778 0.06746031746031746 0.036375661375661374
86 0.3550347222222222 0.7080026455026455 0.07118055555555555 0.021825396825396824
84 0.35143849206349204 0.7395833333333334 0.06845238095238096 0.05257936507936508
208 0.4836309523809524 0.7371031746031746 0.03273809523809524 0.03042328042328042
208 0.48487103174603174 0.7729828042328042 0.0248015873015873 0.04265873015873016
235 0.519593253968254 0.7642195767195767 0.040674603174603176 0.06878306878306878
96 0.5559275793650794 0.7875330687830688 0.033482142857142856 0.03802910052910053
96 0.5560515873015873 0.7428902116402116 0.03273809523809524 0.0419973544973545
96 0.5891617063492064 0.7906746031746031 0.03447420634920635 0.036375661375661374
96 0.5876736111111112 0.7465277777777778 0.03298611111111111 0.036044973544973546
33 0.6341765873015873 0.7800925925925926 0.0496031746031746 0.06283068783068783
33 0.677703373015873 0.7815806878306878 0.051835317460317464 0.06514550264550265
329 0.7181299603174603 0.7921626984126984 0.041914682539682536 0.05257936507936508
329 0.7512400793650794 0.7709986772486772 0.03869047619047619 0.06514550264550265
62 0.7781498015873016 0.7605820105820106 0.03794642857142857 0.04431216931216931
62 0.8115079365079365 0.7607473544973545 0.044642857142857144 0.044642857142857144
5 0.625 0.2681878306878307 0.036210317460317464 0.1111111111111111
294 0.6578621031746031 0.26802248677248675 0.03844246031746032 0.11210317460317461
5 0.6879960317460317 0.2690145502645503 0.039186507936507936 0.11078042328042328
270 0.5713045634920635 0.2701719576719577 0.05133928571428571 0.10449735449735449
11 0.5281498015873016 0.27414021164021163 0.04935515873015873 0.09656084656084656
188 0.1708829365079365 0.24156746031746032 0.03571428571428571 0.05654761904761905
188 0.17857142857142858 0.2923280423280423 0.024305555555555556 0.0496031746031746
188 0.15699404761904762 0.29216269841269843 0.025793650793650792 0.04927248677248677
188 0.13653273809523808 0.2916666666666667 0.031001984126984128 0.0496031746031746
307 0.09647817460317461 0.29216269841269843 0.03373015873015873 0.04728835978835979
68 0.07415674603174603 0.2924933862433862 0.029265873015873016 0.045965608465608467
239 0.20709325396825398 0.2878637566137566 0.036210317460317464 0.05919312169312169
239 0.20721726190476192 0.2283399470899471 0.034970238095238096 0.06845238095238096
239 0.23065476190476192 0.23082010582010581 0.028769841269841268 0.06283068783068783
239 0.23821924603174602 0.29017857142857145 0.023561507936507936 0.05654761904761905
239 0.26165674603174605 0.2896825396825397 0.030257936507936508 0.056878306878306875
239 0.2553323412698413 0.22767857142857142 0.029513888888888888 0.07043650793650794
280 0.2848462301587302 0.24520502645502645 0.028521825396825396 0.05588624338624339
280 0.3060515873015873 0.2478505291005291 0.022817460317460316 0.050595238095238096
280 0.29191468253968256 0.29546957671957674 0.0248015873015873 0.045965608465608467
280 0.3090277777777778 0.29546957671957674 0.019345238095238096 0.04662698412698413
296 0.42162698412698413 0.5896164021164021 0.03373015873015873 0.041666666666666664
296 0.42336309523809523 0.5568783068783069 0.032242063492063495 0.028439153439153438
296 0.4537450396825397 0.58994708994709 0.031001984126984128 0.037698412698412696
296 0.4558531746031746 0.5588624338624338 0.03422619047619048 0.0291005291005291
86 0.4867311507936508 0.5577050264550265 0.028025793650793652 0.022817460317460316
296 0.48412698412698413 0.5930886243386243 0.032242063492063495 0.04133597883597884
349 0.5209573412698413 0.5593584656084656 0.031001984126984128 0.022817460317460316
349 0.5535714285714286 0.5610119047619048 0.032242063492063495 0.02414021164021164
349 0.5868055555555556 0.5631613756613757 0.033234126984126984 0.023809523809523808
349 0.6176835317460317 0.564484126984127 0.03149801587301587 0.023809523809523808
349 0.6174355158730159 0.5925925925925926 0.03249007936507937 0.03439153439153439
349 0.5850694444444444 0.591765873015873 0.03273809523809524 0.036044973544973546
349 0.5534474206349206 0.5904431216931217 0.03298611111111111 0.036044973544973546
349 0.5210813492063492 0.5882936507936508 0.03273809523809524 0.036375661375661374
52 0.8332093253968254 0.47883597883597884 0.040426587301587304 0.047619047619047616
52 0.8720238095238095 0.47767857142857145 0.03373015873015873 0.050595238095238096
52 0.8603670634920635 0.5322420634920635 0.036210317460317464 0.05324074074074074
355 0.8830605158730159 0.5147156084656085 0.006696428571428571 0.008267195767195767
52 0.8980654761904762 0.5343915343915344 0.041666666666666664 0.04894179894179894
