138 0.31750465549348234 0.04320502749410841 0.21042830540037244 0.05498821681068342
138 0.3161080074487896 0.09033778476040849 0.20577281191806332 0.05341712490180676
138 0.31750465549348234 0.13197172034564023 0.20297951582867785 0.03927729772191673
138 0.10940409683426443 0.04399057344854674 0.20577281191806332 0.05498821681068342
138 0.10661080074487896 0.09269442262372349 0.20018621973929238 0.05341712490180676
138 0.11033519553072625 0.13432835820895522 0.20763500931098697 0.03927729772191673
138 0.5251396648044693 0.04241948153967007 0.19366852886405958 0.051846032992930086
138 0.5232774674115456 0.08915946582875098 0.18994413407821228 0.05263157894736842
138 0.5228119180633147 0.12961508248232523 0.18901303538175046 0.03927729772191673
195 0.6866852886405959 0.0408483896307934 0.13687150837988826 0.05970149253731343
195 0.696927374301676 0.08562450903377848 0.12383612662942271 0.05341712490180676
195 0.6973929236499069 0.12686567164179105 0.12290502793296089 0.04006284367635507
195 0.8081936685288641 0.037706205813040065 0.12290502793296089 0.05341712490180676
195 0.8095903165735568 0.08366064414768264 0.11824953445065177 0.05263157894736842
195 0.8086592178770949 0.12411626080125687 0.11452513966480447 0.0408483896307934
195 0.925512104283054 0.03377847604084839 0.1191806331471136 0.05341712490180676
195 0.9264432029795159 0.08130400628436764 0.1191806331471136 0.05263157894736842
195 0.925512104283054 0.12175962293794187 0.11731843575418995 0.0408483896307934
6 0.5810055865921788 0.24312647289866457 0.20297951582867785 0.05734485467399843
6 0.5805400372439479 0.28790259230164966 0.20018621973929238 0.05106048703849175
6 0.5796089385474861 0.32560879811468973 0.19832402234636873 0.041633935585231735
193 0.7579143389199255 0.32168106834249804 0.12476722532588454 0.041633935585231735
193 0.7411545623836127 0.2835820895522388 0.14711359404096835 0.051846032992930086
193 0.7411545623836127 0.23880597014925373 0.13594040968342644 0.05498821681068342
193 0.861731843575419 0.23527101335428122 0.12942271880819367 0.05263157894736842
193 0.8770949720670391 0.279261586802828 0.12476722532588454 0.04948939512961508
193 0.8743016759776536 0.319324430479183 0.1266294227188082 0.041633935585231735
6 0.37988826815642457 0.24548311076197957 0.1973929236499069 0.05263157894736842
6 0.3854748603351955 0.2898664571877455 0.19366852886405958 0.04870384917517675
6 0.38268156424581007 0.32992930086410055 0.1973929236499069 0.04399057344854674
232 0.2085661080074488 0.3315003927729772 0.13221601489757914 0.04556166535742341
232 0.2099627560521415 0.2945797329143755 0.13128491620111732 0.04870384917517675
232 0.2090316573556797 0.24941084053417126 0.13500931098696461 0.05263157894736842
232 0.08985102420856611 0.2509819324430479 0.12569832402234637 0.05420267085624509
232 0.0893854748603352 0.29732914375490965 0.12290502793296089 0.05263157894736842
232 0.0893854748603352 0.33424980361351136 0.12476722532588454 0.04006284367635507
72 0.15549348230912477 0.4096622152395915 0.23649906890130354 0.062058130400628436
72 0.15502793296089384 0.4552238805970149 0.22811918063314712 0.05263157894736842
72 0.12197392923649907 0.4948939512961508 0.15828677839851024 0.0408483896307934
72 0.4404096834264432 0.4866457187745483 0.1191806331471136 0.04320502749410841
72 0.43156424581005587 0.44776119402985076 0.13128491620111732 0.04870384917517675
72 0.38733705772811916 0.4018067556952082 0.22532588454376165 0.05577376276512176
237 0.6336126629422719 0.47761194029850745 0.17970204841713222 0.04870384917517675
237 0.6340782122905028 0.43715632364493323 0.18063314711359404 0.05263157894736842
237 0.6364059590316573 0.3935585231736057 0.18342644320297952 0.05341712490180676
237 0.8314711359404097 0.4312647289866457 0.21601489757914338 0.05498821681068342
237 0.835195530726257 0.47407698350353494 0.21042830540037244 0.04948939512961508
237 0.8426443202979516 0.3892380204241948 0.2122905027932961 0.04477611940298507
105 0.8337988826815642 0.6449332285938727 0.22439478584729983 0.05027494108405342
105 0.8337988826815642 0.6029065200314219 0.22998137802607077 0.04948939512961508
105 0.8333333333333334 0.5604870384917517 0.22905027932960895 0.05734485467399843
105 0.8337988826815642 0.6822466614296936 0.22998137802607077 0.05577376276512176
105 0.638268156424581 0.647682639434407 0.18901303538175046 0.05577376276512176
105 0.6391992551210428 0.6060487038491752 0.18901303538175046 0.05577376276512176
105 0.6391992551210428 0.5612725844461901 0.19273743016759776 0.0589159465828751
105 0.638733705772812 0.6869599371563236 0.18994413407821228 0.05420267085624509
275 0.8770949720670391 0.8699921445404556 0.2383612662942272 0.060487038491751764
275 0.8798882681564246 0.9143754909662215 0.24022346368715083 0.05498821681068342
275 0.8784916201117319 0.9477611940298507 0.2430167597765363 0.04477611940298507
275 0.6554934823091247 0.920267085624509 0.21415270018621974 0.060487038491751764
275 0.6559590316573557 0.9556166535742341 0.21508379888268156 0.046347211311861744
275 0.6559590316573557 0.8770620581304006 0.21880819366852886 0.05577376276512176
275 0.6578212290502793 0.8240377062058131 0.22811918063314712 0.0769835035349568
275 0.8766294227188082 0.8134328358208955 0.2430167597765363 0.07462686567164178
275 0.6201117318435754 0.7733699921445405 0.22160148975791433 0.04477611940298507
80 0.13966480446927373 0.8417124901806756 0.2271880819366853 0.07776904948939513
80 0.15549348230912477 0.7961508248232522 0.21787709497206703 0.05577376276512176
80 0.1373370577281192 0.8970934799685781 0.22439478584729983 0.06598586017282011
80 0.1378026070763501 0.9375490966221524 0.22532588454376165 0.07305577376276512
80 0.13966480446927373 0.9681853888452474 0.22905027932960895 0.0636292223095051
80 0.3715083798882682 0.924980361351139 0.24022346368715083 0.05734485467399843
80 0.37942271880819367 0.9630793401413983 0.239292364990689 0.056559308719560095
80 0.37942271880819367 0.8786331500392773 0.23743016759776536 0.05263157894736842
80 0.38035381750465547 0.826394344069128 0.239292364990689 0.07069913589945012
80 0.37942271880819367 0.7835820895522388 0.2206703910614525 0.05106048703849175
139 0.10195530726256984 0.5816967792615868 0.12011173184357542 0.060487038491751764
139 0.19599627560521415 0.5789473684210527 0.07728119180633147 0.05813040062843677
139 0.10195530726256984 0.6300078554595444 0.12011173184357542 0.05027494108405342
139 0.2053072625698324 0.6272584446190103 0.09031657355679702 0.047918303220738416
139 0.22998137802607077 0.6681068342498037 0.12290502793296089 0.046347211311861744
139 0.10661080074487896 0.6700706991358995 0.12756052141527002 0.05027494108405342
139 0.10661080074487896 0.7093479968578161 0.12383612662942271 0.04399057344854674
139 0.22858472998137802 0.7062058130400628 0.12383612662942271 0.04399057344854674
