265 0.049933862433862435 0.04290674603174603 0.082010582010582 0.08581349206349206
284 0.1431878306878307 0.048859126984126984 0.10978835978835978 0.09771825396825397
284 0.24867724867724866 0.07279265873015874 0.09788359788359788 0.09250992063492064
217 0.3361441798941799 0.07725694444444445 0.08498677248677249 0.06919642857142858
217 0.4150132275132275 0.0873015873015873 0.07936507936507936 0.06299603174603174
217 0.44113756613756616 0.15091765873015872 0.0873015873015873 0.07316468253968254
217 0.3531746031746032 0.1449652777777778 0.09391534391534391 0.07465277777777778
284 0.25496031746031744 0.14087301587301587 0.09325396825396826 0.07093253968253968
284 0.15922619047619047 0.1307043650793651 0.10482804232804233 0.0818452380952381
265 0.05720899470899471 0.1236359126984127 0.09722222222222222 0.08308531746031746
188 0.6908068783068783 0.16183035714285715 0.05555555555555555 0.08258928571428571
188 0.6362433862433863 0.15786210317460317 0.06084656084656084 0.08556547619047619
280 0.8386243386243386 0.17299107142857142 0.057539682539682536 0.07762896825396826
280 0.8850859788359788 0.17646329365079366 0.045965608465608467 0.07663690476190477
157 0.11607142857142858 0.3229166666666667 0.10582010582010581 0.07341269841269842
73 0.21875 0.3247767857142857 0.09887566137566138 0.06969246031746032
73 0.3115079365079365 0.3255208333333333 0.08862433862433862 0.06919642857142858
204 0.3888888888888889 0.328125 0.06944444444444445 0.06299603174603174
264 0.5653108465608465 0.32800099206349204 0.08234126984126984 0.06473214285714286
264 0.5418320105820106 0.26351686507936506 0.06845238095238096 0.06572420634920635
150 0.46825396825396826 0.2619047619047619 0.08002645502645503 0.0689484126984127
204 0.36326058201058203 0.26413690476190477 0.11937830687830688 0.06696428571428571
73 0.26884920634920634 0.2640128968253968 0.07407407407407407 0.05530753968253968
73 0.19196428571428573 0.26351686507936506 0.08167989417989419 0.061755952380952384
92 0.07324735449735449 0.5063244047619048 0.07572751322751323 0.06374007936507936
92 0.1433531746031746 0.5035962301587301 0.07506613756613757 0.060267857142857144
92 0.2056878306878307 0.4921875 0.06283068783068783 0.054811507936507936
212 0.28174603174603174 0.4836309523809524 0.06547619047619048 0.05505952380952381
212 0.3373015873015873 0.4816468253968254 0.06349206349206349 0.052083333333333336
345 0.42146164021164023 0.48549107142857145 0.06845238095238096 0.06225198412698413
345 0.47784391534391535 0.48226686507936506 0.06547619047619048 0.0597718253968254
244 0.6438492063492064 0.4742063492063492 0.09126984126984126 0.056051587301587304
244 0.6438492063492064 0.41790674603174605 0.09060846560846561 0.06001984126984127
244 0.7247023809523809 0.47061011904761907 0.08498677248677249 0.05828373015873016
244 0.7192460317460317 0.41617063492063494 0.0701058201058201 0.06001984126984127
236 0.7878637566137566 0.41728670634920634 0.06911375661375661 0.05233134920634921
236 0.8004298941798942 0.46763392857142855 0.0763888888888889 0.05431547619047619
236 0.8680555555555556 0.4167906746031746 0.09391534391534391 0.05828373015873016
236 0.8680555555555556 0.46664186507936506 0.07671957671957672 0.04836309523809524
207 0.9269179894179894 0.46081349206349204 0.05555555555555555 0.050595238095238096
207 0.9672619047619048 0.4573412698412698 0.061507936507936505 0.053075396825396824
39 0.966765873015873 0.5489831349206349 0.055224867724867725 0.078125
21 0.8824404761904762 0.550843253968254 0.05324074074074074 0.08630952380952381
21 0.843915343915344 0.5584077380952381 0.062169312169312166 0.08110119047619048
296 0.37797619047619047 0.6207837301587301 0.09126984126984126 0.06994047619047619
296 0.2900132275132275 0.6232638888888888 0.09523809523809523 0.06746031746031746
109 0.19345238095238096 0.6382688492063492 0.10052910052910052 0.07564484126984126
109 0.08928571428571429 0.6571180555555556 0.11441798941798942 0.06522817460317461
3 0.5552248677248677 0.5855654761904762 0.10383597883597884 0.0763888888888889
3 0.4618055555555556 0.5853174603174603 0.09556878306878307 0.07688492063492064
209 0.42328042328042326 0.6081349206349206 0.01917989417989418 0.041666666666666664
38 0.6861772486772487 0.5757688492063492 0.057539682539682536 0.08606150793650794
38 0.7314814814814815 0.5711805555555556 0.042328042328042326 0.08382936507936507
349 0.8673941798941799 0.6447172619047619 0.062169312169312166 0.05580357142857143
349 0.9249338624338624 0.6418650793650794 0.06812169312169312 0.05009920634920635
349 0.9302248677248677 0.6829117063492064 0.05886243386243386 0.04439484126984127
349 0.8707010582010583 0.6852678571428571 0.06878306878306878 0.041666666666666664
329 0.13095238095238096 0.7690972222222222 0.12235449735449735 0.11755952380952381
329 0.24636243386243387 0.7385912698412699 0.0992063492063492 0.11507936507936507
329 0.35300925925925924 0.7158978174603174 0.1001984126984127 0.09846230158730158
86 0.48644179894179895 0.7006448412698413 0.0992063492063492 0.05853174603174603
86 0.4828042328042328 0.7503720238095238 0.09193121693121693 0.05580357142857143
86 0.5838293650793651 0.724578373015873 0.08895502645502645 0.057787698412698416
86 0.6669973544973545 0.7171378968253969 0.09457671957671958 0.06324404761904762
152 0.7470238095238095 0.7061011904761905 0.06812169312169312 0.05654761904761905
84 0.41716269841269843 0.9079861111111112 0.20734126984126985 0.10466269841269842
338 0.6040013227513228 0.8350694444444444 0.13855820105820105 0.0798611111111111
246 0.7232142857142857 0.8265128968253969 0.08862433862433862 0.06820436507936507
246 0.7620701058201058 0.8201884920634921 0.020833333333333332 0.05654761904761905
246 0.7906746031746031 0.7976190476190477 0.07804232804232804 0.060515873015873016
246 0.8950066137566137 0.8092757936507936 0.09424603174603174 0.06646825396825397
62 0.12731481481481483 0.9285714285714286 0.12169312169312169 0.14186507936507936
62 0.24553571428571427 0.9227430555555556 0.1173941798941799 0.12475198412698413
0 0.5396825396825397 0.47966269841269843 0.05952380952380952 0.05654761904761905
84 0.40658068783068785 0.8488343253968254 0.21461640211640212 0.08209325396825397
150 0.48048941798941797 0.33308531746031744 0.10317460317460317 0.06944444444444445
