148 0.44130291005291006 0.3706597222222222 0.10482804232804233 0.11979166666666667
201 0.20982142857142858 0.6314484126984127 0.10945767195767196 0.0992063492063492
201 0.10813492063492064 0.6470734126984127 0.13293650793650794 0.10416666666666667
260 0.02628968253968254 0.6724950396825397 0.05257936507936508 0.1158234126984127
85 0.9208002645502645 0.7878224206349206 0.08564814814814815 0.1158234126984127
191 0.779265873015873 0.6558779761904762 0.0916005291005291 0.11731150793650794
7 0.777281746031746 0.8375496031746031 0.0796957671957672 0.10218253968253968
7 0.7126322751322751 0.8473462301587301 0.11706349206349206 0.11979166666666667
205 0.6036706349206349 0.8978174603174603 0.13525132275132276 0.1765873015873016
218 0.501984126984127 0.9259672619047619 0.12169312169312169 0.1480654761904762
218 0.3731812169312169 0.9516369047619048 0.13921957671957672 0.09672619047619048
34 0.3541666666666667 0.7578125 0.15079365079365079 0.16641865079365079
34 0.48743386243386244 0.7238343253968254 0.11772486772486772 0.16790674603174602
29 0.5932539682539683 0.7012648809523809 0.10846560846560846 0.1416170634920635
29 0.6934523809523809 0.6839037698412699 0.0958994708994709 0.13467261904761904
85 0.8607804232804233 0.7993551587301587 0.07738095238095238 0.07738095238095238
121 0.7228835978835979 0.5147569444444444 0.0992063492063492 0.1416170634920635
30 0.6124338624338624 0.5293898809523809 0.12169312169312169 0.13864087301587302
53 0.4664351851851852 0.5642361111111112 0.13525132275132276 0.13541666666666666
53 0.3325066137566138 0.5835813492063492 0.148478835978836 0.1463293650793651
78 0.18783068783068782 0.48127480158730157 0.13425925925925927 0.1277281746031746
117 0.06960978835978836 0.5006200396825397 0.13525132275132276 0.14012896825396826
15 0.05886243386243386 0.3189484126984127 0.11772486772486772 0.1671626984126984
108 0.16104497354497355 0.3179563492063492 0.1527777777777778 0.1572420634920635
164 0.5421626984126984 0.3706597222222222 0.10945767195767196 0.15104166666666666
97 0.6511243386243386 0.34660218253968256 0.125 0.18030753968253968
181 0.7579365079365079 0.3446180555555556 0.10119047619047619 0.1579861111111111
50 0.6946097883597884 0.14484126984126985 0.1001984126984127 0.15178571428571427
330 0.5927579365079365 0.14905753968253968 0.10945767195767196 0.14781746031746032
75 0.47867063492063494 0.140625 0.13921957671957672 0.17113095238095238
205 0.34854497354497355 0.12512400793650794 0.1455026455026455 0.18973214285714285
194 0.19659391534391535 0.12251984126984126 0.18882275132275134 0.1875
