284 0.012524801587301588 0.3220899470899471 0.025049603174603176 0.06018518518518518
284 0.016493055555555556 0.38062169312169314 0.03298611111111111 0.057539682539682536
284 0.06138392857142857 0.382771164021164 0.05282738095238095 0.05654761904761905
204 0.10925099206349206 0.3816137566137566 0.05084325396825397 0.06018518518518518
231 0.15811011904761904 0.384755291005291 0.045882936507936505 0.05654761904761905
231 0.15910218253968253 0.33101851851851855 0.045882936507936505 0.05423280423280423
204 0.11421130952380952 0.32705026455026454 0.04290674603174603 0.05423280423280423
44 0.10726686507936507 0.4998346560846561 0.05679563492063492 0.045965608465608467
44 0.08296130952380952 0.4988425925925926 0.045882936507936505 0.045965608465608467
42 0.014508928571428572 0.5750661375661376 0.028521825396825396 0.04497354497354497
42 0.044890873015873016 0.5740740740740741 0.05109126984126984 0.04563492063492063
42 0.01351686507936508 0.6180555555555556 0.02703373015873016 0.04365079365079365
42 0.04774305555555555 0.6170634920634921 0.04290674603174603 0.041666666666666664
296 0.09362599206349206 0.6053240740740741 0.057787698412698416 0.04794973544973545
296 0.14149305555555555 0.6023478835978836 0.03993055555555555 0.049933862433862435
349 0.17857142857142858 0.6053240740740741 0.04563492063492063 0.03935185185185185
349 0.22259424603174602 0.6053240740740741 0.045882936507936505 0.03935185185185185
349 0.22259424603174602 0.5701058201058201 0.045882936507936505 0.041666666666666664
349 0.18340773809523808 0.5691137566137566 0.045882936507936505 0.03902116402116402
132 0.32217261904761907 0.6932870370370371 0.04811507936507937 0.03935185185185185
132 0.3680555555555556 0.6903108465608465 0.04563492063492063 0.03670634920634921
271 0.4079861111111111 0.6746031746031746 0.03422619047619048 0.03968253968253968
271 0.44320436507936506 0.6747685185185185 0.033234126984126984 0.03670634920634921
3 0.48040674603174605 0.6618716931216931 0.03968253968253968 0.05125661375661376
3 0.5223214285714286 0.6678240740740741 0.04563492063492063 0.05125661375661376
208 0.5623759920634921 0.6648478835978836 0.03447420634920635 0.04398148148148148
208 0.5954861111111112 0.6648478835978836 0.02976190476190476 0.03935185185185185
243 0.6024305555555556 0.7263558201058201 0.054563492063492064 0.045965608465608467
243 0.5961061507936508 0.7577711640211641 0.051835317460317464 0.05324074074074074
338 0.44320436507936506 0.749834656084656 0.061507936507936505 0.045304232804232805
84 0.3552827380952381 0.7508267195767195 0.07663690476190477 0.03736772486772487
84 0.3532986111111111 0.78505291005291 0.07217261904761904 0.041005291005291
207 0.27914186507936506 0.763558201058201 0.04290674603174603 0.041666666666666664
207 0.27914186507936506 0.8075396825396826 0.038938492063492064 0.04365079365079365
207 0.24206349206349206 0.8113425925925926 0.039186507936507936 0.04927248677248677
73 0.21924603174603174 0.38657407407407407 0.040674603174603176 0.05291005291005291
73 0.2526041666666667 0.38740079365079366 0.03546626984126984 0.05125661375661376
73 0.2537202380952381 0.33482142857142855 0.028769841269841268 0.05257936507936508
264 0.2900545634920635 0.3376322751322751 0.04290674603174603 0.0582010582010582
264 0.2915426587301587 0.3845899470899471 0.041914682539682536 0.03902116402116402
217 0.3325892857142857 0.3382936507936508 0.03819444444444445 0.056216931216931214
217 0.33196924603174605 0.39021164021164023 0.03844246031746032 0.05026455026455026
157 0.3689236111111111 0.390707671957672 0.036458333333333336 0.049933862433862435
157 0.3732638888888889 0.3402777777777778 0.040674603174603176 0.05357142857142857
333 0.326140873015873 0.2551256613756614 0.0441468253968254 0.06514550264550265
333 0.36669146825396826 0.25826719576719576 0.04241071428571429 0.06547619047619048
280 0.42237103174603174 0.26951058201058203 0.01240079365079365 0.04365079365079365
280 0.4402281746031746 0.2671957671957672 0.024305555555555556 0.05489417989417989
280 0.45982142857142855 0.27099867724867727 0.015873015873015872 0.049933862433862435
38 0.6091269841269841 0.2718253968253968 0.028273809523809524 0.06746031746031746
38 0.5935019841269841 0.27215608465608465 0.020337301587301588 0.06349206349206349
38 0.5613839285714286 0.2648809523809524 0.028521825396825396 0.07539682539682539
38 0.535094246031746 0.2628968253968254 0.029017857142857144 0.07539682539682539
38 0.5080605158730159 0.263723544973545 0.027529761904761904 0.06977513227513228
246 0.5755208333333334 0.29662698412698413 0.006696428571428571 0.011243386243386243
21 0.705109126984127 0.2789351851851852 0.027281746031746032 0.06448412698412699
21 0.6837797619047619 0.2767857142857143 0.030753968253968252 0.06613756613756613
21 0.6495535714285714 0.2779431216931217 0.03125 0.059854497354497355
113 0.4878472222222222 0.37566137566137564 0.03373015873015873 0.03306878306878307
113 0.4877232142857143 0.404265873015873 0.031994047619047616 0.026785714285714284
113 0.5198412698412699 0.3771494708994709 0.031746031746031744 0.03273809523809524
113 0.5198412698412699 0.40558862433862436 0.031746031746031744 0.026785714285714284
113 0.5505952380952381 0.37797619047619047 0.031746031746031744 0.031746031746031744
113 0.5504712301587301 0.40625 0.03050595238095238 0.026124338624338623
345 0.44680059523809523 0.4869378306878307 0.024553571428571428 0.03670634920634921
345 0.4714781746031746 0.48644179894179895 0.025793650793650792 0.037698412698412696
92 0.5022321428571429 0.486276455026455 0.023313492063492064 0.036044973544973546
92 0.5220734126984127 0.48578042328042326 0.022321428571428572 0.036375661375661374
280 0.5747767857142857 0.48214285714285715 0.023065476190476192 0.013888888888888888
212 0.5523313492063492 0.48313492063492064 0.023809523809523808 0.011243386243386243
303 0.6031746031746031 0.4861111111111111 0.023809523809523808 0.027777777777777776
303 0.6227678571428571 0.48759920634920634 0.022321428571428572 0.026124338624338623
52 0.683655753968254 0.5462962962962963 0.03943452380952381 0.042328042328042326
52 0.6834077380952381 0.5830026455026455 0.036458333333333336 0.03505291005291005
52 0.6519097222222222 0.5818452380952381 0.03447420634920635 0.040013227513227514
52 0.6515376984126984 0.5431547619047619 0.030257936507936508 0.040013227513227514
244 0.6218998015873016 0.546957671957672 0.036458333333333336 0.04298941798941799
244 0.6180555555555556 0.5838293650793651 0.034722222222222224 0.03273809523809524
244 0.5873015873015873 0.5482804232804233 0.03571428571428571 0.04497354497354497
244 0.5863095238095238 0.5846560846560847 0.03373015873015873 0.031084656084656083
246 0.5422867063492064 0.7361111111111112 0.038938492063492064 0.04563492063492063
246 0.5033482142857143 0.7261904761904762 0.036458333333333336 0.037698412698412696
246 0.542906746031746 0.7764550264550265 0.03670634920634921 0.04431216931216931
246 0.5107886904761905 0.7800925925925926 0.03447420634920635 0.041005291005291
12 0.16765873015873015 0.8240740740740741 0.04513888888888889 0.041666666666666664
12 0.16158234126984128 0.7921626984126984 0.048859126984126984 0.03802910052910053
12 0.15240575396825398 0.7600859788359788 0.04439484126984127 0.03935185185185185
12 0.1932043650793651 0.7571097883597884 0.04861111111111111 0.0333994708994709
12 0.19903273809523808 0.779431216931217 0.036458333333333336 0.04894179894179894
12 0.2017609126984127 0.8206018518518519 0.03149801587301587 0.035383597883597885
109 0.1736111111111111 0.6631944444444444 0.04662698412698413 0.04398148148148148
109 0.13355654761904762 0.6625330687830688 0.04241071428571429 0.040013227513227514
109 0.17708333333333334 0.7005621693121693 0.04117063492063492 0.040013227513227514
109 0.1314484126984127 0.7081679894179894 0.05357142857142857 0.0539021164021164
86 0.26959325396825395 0.697255291005291 0.051587301587301584 0.04728835978835979
86 0.2699652777777778 0.6547619047619048 0.05431547619047619 0.04497354497354497
86 0.22321428571428573 0.6597222222222222 0.04365079365079365 0.046296296296296294
86 0.22271825396825398 0.6984126984126984 0.04265873015873016 0.03835978835978836
152 0.3055555555555556 0.5618386243386243 0.041666666666666664 0.046957671957671955
152 0.30791170634920634 0.6028439153439153 0.037450396825396824 0.036375661375661374
152 0.2741815476190476 0.6008597883597884 0.03298611111111111 0.04497354497354497
82 0.3960813492063492 0.593584656084656 0.025297619047619048 0.04497354497354497
82 0.36941964285714285 0.5940806878306878 0.029017857142857144 0.045965608465608467
82 0.34585813492063494 0.5947420634920635 0.02554563492063492 0.04728835978835979
250 0.42931547619047616 0.5573743386243386 0.025793650793650792 0.04662698412698413
250 0.4273313492063492 0.5952380952380952 0.022321428571428572 0.03571428571428571
0 0.46850198412698413 0.5906084656084656 0.03571428571428571 0.046957671957671955
250 0.4365079365079365 0.5474537037037037 0.0248015873015873 0.03802910052910053
233 0.5023561507936508 0.5558862433862434 0.02703373015873016 0.04365079365079365
233 0.49975198412698413 0.5906084656084656 0.024305555555555556 0.03835978835978836
233 0.5238095238095238 0.5876322751322751 0.025793650793650792 0.04298941798941799
233 0.5462549603174603 0.5849867724867724 0.025049603174603176 0.04563492063492063
21 0.5321180555555556 0.5692791005291006 0.018105158730158732 0.011574074074074073
233 0.5266617063492064 0.5462962962962963 0.02554563492063492 0.0291005291005291
66 0.1701388888888889 0.4654431216931217 0.06398809523809523 0.044642857142857144
66 0.16989087301587302 0.50380291005291 0.057539682539682536 0.0333994708994709
66 0.2222222222222222 0.5016534391534392 0.05853174603174603 0.037698412698412696
66 0.2269345238095238 0.4611441798941799 0.0496031746031746 0.03935185185185185
143 0.07068452380952381 0.6734457671957672 0.062003968253968256 0.040674603174603176
143 0.06758432539682539 0.7137896825396826 0.06721230158730158 0.040013227513227514
329 0.07415674603174603 0.779431216931217 0.07539682539682539 0.06878306878306878
329 0.06312003968253968 0.8303571428571429 0.06919642857142858 0.05555555555555555
96 0.6452132936507936 0.7275132275132276 0.028521825396825396 0.04431216931216931
96 0.6711309523809523 0.7204034391534392 0.029265873015873016 0.03141534391534392
96 0.6712549603174603 0.7541335978835979 0.03050595238095238 0.03670634920634921
96 0.6452132936507936 0.7552910052910053 0.028521825396825396 0.03505291005291005
33 0.7802579365079365 0.7377645502645502 0.04017857142857143 0.05952380952380952
33 0.8125 0.732308201058201 0.041666666666666664 0.059854497354497355
33 0.8468501984126984 0.7283399470899471 0.037450396825396824 0.05191798941798942
8 0.7416914682539683 0.7521494708994709 0.038938492063492064 0.04332010582010582
8 0.7083333333333334 0.7559523809523809 0.03670634920634921 0.04365079365079365
278 0.2787698412698413 0.23941798941798942 0.04811507936507937 0.09193121693121693
278 0.23363095238095238 0.2400793650793651 0.04861111111111111 0.08531746031746032
207 0.2400793650793651 0.7624007936507936 0.04017857142857143 0.03670634920634921
