305 0.2197420634920635 0.32217261904761907 0.15046296296296297 0.1314484126984127
315 0.39351851851851855 0.589781746031746 0.11243386243386243 0.11061507936507936
315 0.4775132275132275 0.589781746031746 0.10978835978835978 0.10515873015873016
201 0.582010582010582 0.5869295634920635 0.10912698412698413 0.10987103174603174
201 0.6650132275132276 0.5861855158730159 0.10912698412698413 0.10491071428571429
355 0.6221891534391535 0.7265625 0.09226190476190477 0.10094246031746032
355 0.5547288359788359 0.7335069444444444 0.10152116402116403 0.10689484126984126
214 0.4775132275132275 0.720734126984127 0.10714285714285714 0.12400793650793651
214 0.396494708994709 0.7237103174603174 0.11507936507936507 0.12400793650793651
130 0.1908068783068783 0.0900297619047619 0.20767195767195767 0.17956349206349206
130 0.06514550264550265 0.08655753968253968 0.12962962962962962 0.17311507936507936
75 0.35648148148148145 0.09263392857142858 0.16997354497354497 0.15600198412698413
75 0.49933862433862436 0.0896577380952381 0.1574074074074074 0.15600198412698413
194 0.6421957671957672 0.08742559523809523 0.15079365079365079 0.15401785714285715
194 0.7723214285714286 0.08531746031746032 0.15178571428571427 0.15327380952380953
194 0.9088955026455027 0.08333333333333333 0.15707671957671956 0.15029761904761904
117 0.3506944444444444 0.31907242063492064 0.13194444444444445 0.12822420634920634
117 0.45949074074074076 0.3160962301587302 0.1259920634920635 0.12822420634920634
117 0.5707671957671958 0.3141121031746032 0.12367724867724868 0.12574404761904762
117 0.6911375661375662 0.3115079365079365 0.15542328042328044 0.1259920634920635
355 0.7414021164021164 0.31026785714285715 0.056216931216931214 0.1259920634920635
201 0.3817791005291005 0.46143353174603174 0.10813492063492064 0.09697420634920635
201 0.4710648148148148 0.46056547619047616 0.10284391534391535 0.09821428571428571
61 0.5717592592592593 0.45796130952380953 0.11044973544973545 0.10342261904761904
61 0.656084656084656 0.45783730158730157 0.09986772486772487 0.10119047619047619
201 0.7213955026455027 0.4539930555555556 0.0744047619047619 0.10491071428571429
261 0.8045634920634921 0.4537450396825397 0.11177248677248677 0.10243055555555555
261 0.8928571428571429 0.4522569444444444 0.11507936507936507 0.10243055555555555
164 0.047784391534391533 0.5157490079365079 0.09556878306878307 0.14112103174603174
108 0.14054232804232805 0.5202132936507936 0.1349206349206349 0.1277281746031746
108 0.2542989417989418 0.5174851190476191 0.14417989417989419 0.1277281746031746
268 0.7384259259259259 0.5621279761904762 0.07738095238095238 0.061755952380952384
268 0.7473544973544973 0.5993303571428571 0.07341269841269842 0.054811507936507936
186 0.8298611111111112 0.5648561507936508 0.08432539682539683 0.06274801587301587
186 0.8675595238095238 0.5458829365079365 0.07308201058201058 0.05654761904761905
186 0.8877314814814815 0.5946180555555556 0.07705026455026455 0.058779761904761904
186 0.8265542328042328 0.6018105158730159 0.07705026455026455 0.047867063492063495
94 0.9553571428571429 0.896453373015873 0.08928571428571429 0.11631944444444445
35 0.7490079365079365 0.8934771825396826 0.125 0.1232638888888889
35 0.8548280423280423 0.8905009920634921 0.12169312169312169 0.11780753968253968
85 0.40476190476190477 0.8859126984126984 0.12566137566137567 0.12896825396825398
85 0.5046296296296297 0.8895089285714286 0.13822751322751323 0.11532738095238096
85 0.6221891534391535 0.888640873015873 0.13988095238095238 0.11755952380952381
7 0.26587301587301587 0.8338293650793651 0.15013227513227514 0.08134920634920635
7 0.16253306878306878 0.8467261904761905 0.13326719576719576 0.10714285714285714
7 0.07341269841269842 0.8520585317460317 0.14616402116402116 0.11433531746031746
7 0.27959656084656087 0.855406746031746 0.13392857142857142 0.12450396825396826
181 0.04083994708994709 0.708953373015873 0.07506613756613757 0.14608134920634921
181 0.1349206349206349 0.707093253968254 0.16137566137566137 0.14583333333333334
181 0.2640542328042328 0.6871279761904762 0.13525132275132276 0.14211309523809523
305 0.08697089947089948 0.31547619047619047 0.12764550264550265 0.11408730158730158
305 0.14417989417989419 0.28521825396825395 0.013227513227513227 0.05009920634920635
15 0.8521825396825397 0.6994047619047619 0.08068783068783068 0.1195436507936508
15 0.7752976190476191 0.7036210317460317 0.08630952380952381 0.13740079365079366
15 0.6901455026455027 0.7074652777777778 0.083994708994709 0.13020833333333334
