239 0.327125 0.19616666666666666 0.03425 0.083
239 0.360125 0.19716666666666666 0.03475 0.083
239 0.3895 0.202 0.0335 0.08333333333333333
239 0.41875 0.202 0.032 0.08
239 0.44625 0.20583333333333334 0.031 0.07633333333333334
239 0.48025 0.20583333333333334 0.0305 0.079
239 0.506625 0.20783333333333334 0.02925 0.079
239 0.535 0.20883333333333334 0.031 0.07766666666666666
311 0.746875 0.32416666666666666 0.03875 0.03966666666666667
311 0.702 0.32416666666666666 0.038 0.03966666666666667
343 0.618 0.31716666666666665 0.0285 0.041666666666666664
109 0.58475 0.31616666666666665 0.0295 0.041
109 0.550625 0.31433333333333335 0.03175 0.042666666666666665
246 0.52525 0.31233333333333335 0.0295 0.044
109 0.496875 0.31233333333333335 0.02925 0.042666666666666665
42 0.46375 0.31233333333333335 0.0295 0.042
42 0.437375 0.3115 0.02625 0.043666666666666666
42 0.406125 0.3075 0.03425 0.04633333333333333
0 0.369875 0.30266666666666664 0.03425 0.048
0 0.336875 0.2995 0.03425 0.05433333333333333
109 0.307375 0.3006666666666667 0.03425 0.04933333333333333
109 0.272375 0.3025 0.03425 0.04566666666666667
143 0.23225 0.3065 0.0365 0.041666666666666664
109 0.19325 0.3025 0.046 0.044333333333333336
355 0.121 0.2976666666666667 0.0535 0.048
280 0.059625 0.11133333333333334 0.04575 0.09333333333333334
280 0.094375 0.114 0.04825 0.09466666666666666
280 0.12975 0.117 0.0435 0.092
280 0.161375 0.118 0.04225 0.09
280 0.194875 0.12116666666666667 0.04025 0.09033333333333333
280 0.2275 0.12266666666666666 0.0425 0.094
280 0.232625 0.19783333333333333 0.03375 0.06966666666666667
280 0.2035 0.19683333333333333 0.0375 0.071
280 0.171625 0.19466666666666665 0.04025 0.07266666666666667
280 0.13925 0.19283333333333333 0.041 0.073
280 0.1065 0.192 0.0415 0.07266666666666667
280 0.07425 0.1905 0.0455 0.07433333333333333
207 0.08375 0.3795 0.0525 0.05433333333333333
207 0.133625 0.381 0.05475 0.05266666666666667
207 0.18125 0.38183333333333336 0.0465 0.052333333333333336
207 0.22475 0.38316666666666666 0.0515 0.051
236 0.273625 0.384 0.04425 0.051333333333333335
236 0.32 0.38566666666666666 0.0515 0.050666666666666665
236 0.367 0.38616666666666666 0.0465 0.051
236 0.413375 0.3873333333333333 0.04425 0.05
236 0.45725 0.3875 0.0465 0.050333333333333334
212 0.497 0.387 0.0305 0.050666666666666665
92 0.526375 0.382 0.02925 0.06333333333333334
212 0.55425 0.38466666666666666 0.028 0.04
212 0.58175 0.385 0.029 0.04
212 0.614 0.386 0.029 0.03933333333333333
212 0.641875 0.386 0.03075 0.03933333333333333
296 0.66825 0.39016666666666666 0.031 0.049666666666666665
345 0.69 0.39066666666666666 0.034 0.048666666666666664
345 0.7255 0.39 0.0285 0.035333333333333335
296 0.750625 0.3893333333333333 0.03125 0.038
212 0.77975 0.395 0.03 0.046
92 0.799375 0.39916666666666667 0.03275 0.03966666666666667
92 0.831 0.396 0.0425 0.04533333333333334
92 0.855625 0.3978333333333333 0.03425 0.043
92 0.881 0.39866666666666667 0.0415 0.04466666666666667
204 0.910125 0.39116666666666666 0.03925 0.03766666666666667
204 0.945125 0.3978333333333333 0.03825 0.04766666666666667
73 0.979375 0.39166666666666666 0.03525 0.03933333333333333
355 0.06325 0.29483333333333334 0.055 0.049
271 0.09375 0.296 0.0095 0.04666666666666667
239 0.548875 0.20866666666666667 0.00625 0.08
68 0.58125 0.152 0.033 0.08
68 0.61025 0.15433333333333332 0.032 0.076
68 0.64 0.15433333333333332 0.0365 0.08
307 0.672375 0.1595 0.03575 0.07833333333333334
307 0.701875 0.16166666666666665 0.03425 0.07666666666666666
307 0.73025 0.16183333333333333 0.036 0.075
307 0.758 0.16433333333333333 0.0355 0.07466666666666667
307 0.75175 0.22883333333333333 0.0355 0.057666666666666665
307 0.723375 0.22633333333333333 0.03425 0.06066666666666667
307 0.696625 0.22533333333333333 0.03025 0.059333333333333335
307 0.669625 0.2235 0.03275 0.061
68 0.635375 0.22116666666666668 0.03425 0.063
68 0.605625 0.22033333333333333 0.03125 0.06066666666666667
68 0.577625 0.219 0.02975 0.062
188 0.803125 0.1665 0.03675 0.07566666666666666
188 0.8305 0.167 0.0385 0.074
188 0.858 0.16766666666666666 0.038 0.07466666666666667
188 0.8475 0.23316666666666666 0.036 0.057666666666666665
188 0.820625 0.232 0.03475 0.058666666666666666
188 0.797125 0.2315 0.02475 0.05633333333333333
333 0.790625 0.31183333333333335 0.04175 0.06233333333333333
333 0.826375 0.3145 0.04775 0.059666666666666666
294 0.886625 0.3295 0.09025 0.037
5 0.932875 0.3313333333333333 0.01425 0.03333333333333333
343 0.669625 0.31583333333333335 0.02525 0.044333333333333336
343 0.646125 0.31483333333333335 0.02975 0.04566666666666667
243 0.85 0.4673333333333333 0.095 0.044
243 0.8445 0.5056666666666667 0.0835 0.038
66 0.906375 0.5075 0.05125 0.029666666666666668
66 0.915 0.474 0.0575 0.03933333333333333
66 0.96375 0.4736666666666667 0.0505 0.03933333333333333
66 0.95425 0.5068333333333334 0.0545 0.031
60 0.98275 0.5 0.0125 0.04466666666666667
38 0.70725 0.4875 0.0235 0.069
38 0.729625 0.4876666666666667 0.03225 0.068
38 0.75625 0.4871666666666667 0.031 0.06966666666666667
38 0.780125 0.4876666666666667 0.03125 0.07
21 0.67775 0.4815 0.0305 0.063
21 0.651875 0.4815 0.02775 0.063
21 0.629125 0.4815 0.03225 0.063
21 0.603375 0.48583333333333334 0.03125 0.07166666666666667
21 0.579 0.486 0.033 0.072
3 0.401875 0.4796666666666667 0.05375 0.052
3 0.453875 0.4791666666666667 0.05075 0.052333333333333336
39 0.49325 0.48183333333333334 0.0305 0.08033333333333334
39 0.521875 0.4816666666666667 0.02675 0.08
39 0.548625 0.4816666666666667 0.02925 0.08
82 0.135625 0.4533333333333333 0.05275 0.05466666666666667
82 0.140625 0.49966666666666665 0.04325 0.04733333333333333
233 0.178125 0.49933333333333335 0.03775 0.04533333333333334
233 0.209375 0.45516666666666666 0.03975 0.051666666666666666
233 0.212125 0.5001666666666666 0.03775 0.044333333333333336
158 0.2505 0.4528333333333333 0.03 0.051666666666666666
158 0.28275 0.45516666666666666 0.0365 0.049666666666666665
158 0.282625 0.5003333333333333 0.03675 0.044
158 0.25025 0.49966666666666665 0.0315 0.046
250 0.316625 0.45516666666666666 0.03475 0.049
250 0.3205 0.5003333333333333 0.0365 0.044
250 0.35425 0.49966666666666665 0.032 0.046
349 0.1135 0.561 0.052 0.04733333333333333
349 0.16225 0.5593333333333333 0.0605 0.048666666666666664
349 0.214875 0.5561666666666667 0.03575 0.043
349 0.2515 0.5608333333333333 0.0505 0.051
349 0.253 0.6013333333333334 0.045 0.036
349 0.210125 0.5981666666666666 0.04725 0.043666666666666666
349 0.163375 0.5995 0.05275 0.036333333333333336
349 0.119125 0.6 0.04875 0.036
84 0.305625 0.5618333333333333 0.05425 0.05366666666666667
86 0.358 0.5596666666666666 0.055 0.050666666666666665
86 0.41475 0.562 0.0535 0.05266666666666667
86 0.465625 0.5601666666666667 0.04925 0.049666666666666665
84 0.46625 0.6013333333333334 0.047 0.034
86 0.41725 0.602 0.0505 0.03266666666666666
86 0.360375 0.6008333333333333 0.05475 0.035
86 0.30675 0.6006666666666667 0.055 0.036
296 0.514375 0.599 0.03525 0.04133333333333333
296 0.55125 0.6008333333333333 0.037 0.03766666666666667
296 0.5515 0.5586666666666666 0.042 0.048
296 0.590125 0.5576666666666666 0.04025 0.04733333333333333
349 0.630125 0.5606666666666666 0.04225 0.044
296 0.587875 0.5996666666666667 0.04025 0.03866666666666667
349 0.62475 0.6 0.0405 0.037333333333333336
109 0.666875 0.5598333333333333 0.04075 0.044333333333333336
109 0.703625 0.5575 0.04475 0.04766666666666667
109 0.699875 0.5961666666666666 0.03925 0.033666666666666664
109 0.667375 0.597 0.03975 0.03333333333333333
243 0.724375 0.605 0.01025 0.02266666666666667
52 0.745125 0.5966666666666667 0.03825 0.036
52 0.748 0.5563333333333333 0.0425 0.046
52 0.779375 0.5963333333333334 0.04275 0.03666666666666667
52 0.786 0.5561666666666667 0.0425 0.04633333333333333
52 0.8155 0.596 0.042 0.038
52 0.821625 0.5578333333333333 0.04025 0.03966666666666667
52 0.859375 0.5556666666666666 0.04425 0.044
244 0.851875 0.5958333333333333 0.04375 0.03766666666666667
244 0.89175 0.5936666666666667 0.0435 0.03866666666666667
244 0.926 0.5918333333333333 0.04 0.035666666666666666
235 0.846125 0.6586666666666666 0.04625 0.04733333333333333
235 0.88925 0.6581666666666667 0.0495 0.04633333333333333
143 0.934375 0.6525 0.05575 0.035
143 0.929 0.6803333333333333 0.059 0.029333333333333333
143 0.975875 0.6808333333333333 0.04625 0.025666666666666667
143 0.97625 0.6535 0.047 0.037
208 0.763125 0.6805 0.02975 0.03166666666666667
208 0.798875 0.6796666666666666 0.02925 0.030666666666666665
208 0.80225 0.6451666666666667 0.0255 0.03833333333333333
208 0.771125 0.6463333333333333 0.03075 0.037333333333333336
246 0.5525 0.6525 0.05 0.043
246 0.5525 0.6916666666666667 0.0495 0.038
246 0.599 0.6525 0.047 0.044333333333333336
246 0.595125 0.6883333333333334 0.04525 0.034
246 0.642 0.6871666666666667 0.045 0.035666666666666666
246 0.645375 0.6501666666666667 0.04875 0.041
152 0.688 0.6501666666666667 0.0425 0.041
152 0.6845 0.6841666666666667 0.04 0.036333333333333336
152 0.720125 0.6798333333333333 0.03675 0.043
271 0.1245 0.6656666666666666 0.05 0.04666666666666667
271 0.168625 0.6633333333333333 0.05275 0.042666666666666665
271 0.2125 0.6628333333333334 0.046 0.041666666666666664
271 0.25375 0.6625 0.0515 0.041
132 0.30375 0.6626666666666666 0.053 0.04133333333333333
132 0.3535 0.6611666666666667 0.0505 0.03833333333333333
132 0.406 0.6608333333333334 0.05 0.03766666666666667
132 0.452 0.6595 0.0475 0.035
246 0.500375 0.6571666666666667 0.04525 0.030333333333333334
246 0.50375 0.6923333333333334 0.0465 0.04133333333333333
132 0.454875 0.6933333333333334 0.04725 0.035333333333333335
132 0.40775 0.6955 0.05 0.035
132 0.358 0.6963333333333334 0.051 0.03666666666666667
132 0.30925 0.6985 0.0515 0.035666666666666666
271 0.26175 0.6995 0.0415 0.035
271 0.21925 0.7008333333333333 0.0435 0.037
271 0.178375 0.7013333333333334 0.04625 0.03666666666666667
271 0.137125 0.7033333333333334 0.04525 0.036
84 0.354 0.7833333333333333 0.102 0.03666666666666667
84 0.354 0.8133333333333334 0.0975 0.037333333333333336
86 0.25325 0.7858333333333334 0.1015 0.041666666666666664
84 0.25475 0.8175 0.102 0.036333333333333336
84 0.14875 0.7903333333333333 0.117 0.050666666666666665
84 0.1545 0.8233333333333334 0.1065 0.025333333333333333
96 0.985 0.7508333333333334 0.03 0.03966666666666667
96 0.95975 0.7498333333333334 0.0375 0.03766666666666667
96 0.929875 0.751 0.03375 0.04
96 0.92725 0.787 0.0285 0.03266666666666666
96 0.95275 0.7855 0.039 0.035
96 0.982 0.7858333333333334 0.036 0.03233333333333333
338 0.457 0.778 0.091 0.035333333333333335
246 0.4565 0.8086666666666666 0.074 0.03
338 0.552 0.768 0.084 0.04933333333333333
246 0.55 0.8051666666666667 0.0705 0.030333333333333334
246 0.6415 0.801 0.073 0.030666666666666665
338 0.6415 0.7658333333333334 0.084 0.045
33 0.709625 0.779 0.05375 0.07133333333333333
33 0.757375 0.7776666666666666 0.05475 0.06866666666666667
33 0.795625 0.7763333333333333 0.06075 0.066
8 0.8415 0.7608333333333334 0.059 0.035
8 0.887625 0.761 0.05325 0.035333333333333335
8 0.84 0.7928333333333333 0.0515 0.03166666666666667
8 0.88075 0.79 0.0465 0.03266666666666666
