315 0.012648809523809524 0.2791005291005291 0.025297619047619048 0.0873015873015873
315 0.05853174603174603 0.2771164021164021 0.05654761904761905 0.09457671957671958
264 0.12289186507936507 0.28290343915343913 0.06076388888888889 0.07771164021164022
264 0.1687748015873016 0.2830687830687831 0.061755952380952384 0.08002645502645503
265 0.22730654761904762 0.2791005291005291 0.061755952380952384 0.0787037037037037
157 0.2849702380952381 0.2791005291005291 0.06845238095238096 0.08134920634920635
217 0.35342261904761907 0.279265873015873 0.060515873015873016 0.08035714285714286
217 0.40612599206349204 0.2791005291005291 0.05679563492063492 0.082010582010582
52 0.7586805555555556 0.2743055555555556 0.08382936507936507 0.07374338624338625
52 0.8299851190476191 0.27232142857142855 0.07713293650793651 0.0763888888888889
244 0.7801339285714286 0.38657407407407407 0.09151785714285714 0.07076719576719577
251 0.42857142857142855 0.3933531746031746 0.043154761904761904 0.07043650793650794
251 0.38665674603174605 0.39533730158730157 0.042162698412698416 0.06911375661375661
212 0.3446180555555556 0.3933531746031746 0.04290674603174603 0.06183862433862434
345 0.29873511904761907 0.38657407407407407 0.05084325396825397 0.06018518518518518
345 0.23821924603174602 0.3845899470899471 0.06969246031746032 0.0582010582010582
92 0.18936011904761904 0.3845899470899471 0.051835317460317464 0.06018518518518518
92 0.14546130952380953 0.39533730158730157 0.04935515873015873 0.06646825396825397
84 0.019469246031746032 0.47156084656084657 0.038938492063492064 0.042328042328042326
204 0.06634424603174603 0.47156084656084657 0.061755952380952384 0.04298941798941799
207 0.14546130952380953 0.49107142857142855 0.061755952380952384 0.0667989417989418
207 0.20696924603174602 0.49107142857142855 0.06969246031746032 0.07076719576719577
207 0.22247023809523808 0.544808201058201 0.056051587301587304 0.05125661375661376
207 0.16493055555555555 0.544808201058201 0.060515873015873016 0.050595238095238096
38 0.2743055555555556 0.6453373015873016 0.050595238095238096 0.09556878306878307
38 0.30171130952380953 0.6435185185185185 0.038938492063492064 0.09722222222222222
3 0.34858630952380953 0.6532738095238095 0.07068452380952381 0.08895502645502645
21 0.3993055555555556 0.6453373015873016 0.04265873015873016 0.1001984126984127
21 0.43439980158730157 0.6461640211640212 0.038938492063492064 0.09722222222222222
39 0.46862599206349204 0.6435185185185185 0.036458333333333336 0.09457671957671958
39 0.5047123015873016 0.6453373015873016 0.034722222222222224 0.09490740740740741
236 0.33444940476190477 0.482473544973545 0.06721230158730158 0.0667989417989418
82 0.3940972222222222 0.49074074074074076 0.04513888888888889 0.0667989417989418
82 0.42373511904761907 0.5395171957671958 0.037450396825396824 0.06712962962962964
82 0.4601934523809524 0.5433201058201058 0.041914682539682536 0.06283068783068783
82 0.3855406746031746 0.5438161375661376 0.04389880952380952 0.05787037037037037
236 0.33296130952380953 0.5421626984126984 0.0662202380952381 0.059854497354497355
250 0.5094246031746031 0.4887566137566138 0.043154761904761904 0.06349206349206349
250 0.5528273809523809 0.4869378306878307 0.042162698412698416 0.06448412698412699
233 0.5912698412698413 0.4851190476190476 0.037698412698412696 0.06481481481481481
233 0.6356646825396826 0.48148148148148145 0.04662698412698413 0.06613756613756613
233 0.6341765873015873 0.5446428571428571 0.04662698412698413 0.06547619047619048
233 0.5912698412698413 0.5438161375661376 0.03968253968253968 0.060515873015873016
250 0.5487351190476191 0.5458002645502645 0.04092261904761905 0.05654761904761905
250 0.5070684523809523 0.546792328042328 0.04141865079365079 0.05588624338624339
96 0.7800099206349206 0.48032407407407407 0.07341269841269842 0.07175925925925926
66 0.7073412698412699 0.49718915343915343 0.08581349206349206 0.06183862433862434
66 0.7038690476190477 0.548941798941799 0.07886904761904762 0.04828042328042328
96 0.7775297619047619 0.5403439153439153 0.07390873015873016 0.061507936507936505
188 0.4095982142857143 0.1453373015873016 0.043402777777777776 0.09689153439153439
280 0.4548611111111111 0.1455026455026455 0.03869047619047619 0.10515873015873016
280 0.49367559523809523 0.13839285714285715 0.04141865079365079 0.10284391534391535
307 0.5379464285714286 0.1402116402116402 0.0441468253968254 0.09523809523809523
307 0.5794890873015873 0.1400462962962963 0.03844246031746032 0.09424603174603174
284 0.3359375 0.1506283068783069 0.06274801587301587 0.08961640211640212
204 0.27368551587301587 0.15327380952380953 0.06572420634920635 0.08498677248677249
204 0.21540178571428573 0.1541005291005291 0.07316468253968254 0.08597883597883597
73 0.14459325396825398 0.1466600529100529 0.06299603174603174 0.07175925925925926
73 0.08928571428571429 0.15029761904761904 0.06944444444444445 0.06977513227513228
239 0.6909722222222222 0.05489417989417989 0.04811507936507937 0.10582010582010581
239 0.7395833333333334 0.037533068783068786 0.059027777777777776 0.07043650793650794
239 0.7229662698412699 0.12268518518518519 0.052083333333333336 0.12103174603174603
239 0.7625248015873016 0.12433862433862433 0.046378968253968256 0.11375661375661375
11 0.8224206349206349 0.09093915343915344 0.1111111111111111 0.17923280423280424
349 0.7289186507936508 0.6192129629629629 0.062003968253968256 0.059854497354497355
349 0.7859623015873016 0.6173941798941799 0.06547619047619048 0.06018518518518518
349 0.7242063492063492 0.671957671957672 0.053075396825396824 0.04828042328042328
349 0.7803819444444444 0.671957671957672 0.06820436507936507 0.05357142857142857
296 0.6592261904761905 0.6686507936507936 0.056051587301587304 0.05489417989417989
296 0.6613343253968254 0.6187169312169312 0.05431547619047619 0.05489417989417989
109 0.6116071428571429 0.6168981481481481 0.04861111111111111 0.05125661375661376
109 0.6090029761904762 0.6686507936507936 0.043402777777777776 0.05555555555555555
109 0.5554315476190477 0.6200396825396826 0.04538690476190476 0.057539682539682536
109 0.5514632936507936 0.6618716931216931 0.051835317460317464 0.06712962962962964
132 0.5359623015873016 0.7356150793650794 0.0625 0.040674603174603176
132 0.5359623015873016 0.7809193121693122 0.0625 0.055224867724867725
271 0.5931299603174603 0.7349537037037037 0.054811507936507936 0.040013227513227514
271 0.5930059523809523 0.7751322751322751 0.05257936507936508 0.056216931216931214
271 0.6419890873015873 0.7782738095238095 0.05133928571428571 0.04927248677248677
271 0.6467013888888888 0.7356150793650794 0.05233134920634921 0.0419973544973545
243 0.7192460317460317 0.7308201058201058 0.09672619047619048 0.03373015873015873
243 0.7208581349206349 0.7748015873015873 0.10491071428571429 0.056216931216931214
329 0.22371031746031747 0.7531415343915344 0.0689484126984127 0.08035714285714286
329 0.28720238095238093 0.7551256613756614 0.06845238095238096 0.08234126984126984
86 0.3509424603174603 0.767691798941799 0.06398809523809523 0.060515873015873016
86 0.41121031746031744 0.7700066137566137 0.05952380952380952 0.060515873015873016
132 0.47445436507936506 0.777281746031746 0.06101190476190476 0.06712962962962964
62 0.24231150793650794 0.8685515873015873 0.060515873015873016 0.11011904761904762
62 0.2776537698412698 0.8941798941798942 0.057787698412698416 0.11838624338624339
246 0.32800099206349204 0.8852513227513228 0.06522817460317461 0.06746031746031746
246 0.3384176587301587 0.9320436507936508 0.04389880952380952 0.030753968253968252
246 0.38504464285714285 0.8857473544973545 0.06274801587301587 0.06646825396825397
246 0.38504464285714285 0.9317129629629629 0.047371031746031744 0.03207671957671958
33 0.7446676587301587 0.9083994708994709 0.07713293650793651 0.10119047619047619
208 0.6834077380952381 0.9295634920634921 0.05233134920634921 0.05952380952380952
208 0.6822916666666666 0.8746693121693122 0.054563492063492064 0.06018518518518518
84 0.6010664682539683 0.8862433862433863 0.12375992063492064 0.07076719576719577
86 0.6014384920634921 0.9378306878306878 0.08581349206349206 0.03505291005291005
143 0.20014880952380953 0.6264880952380952 0.09523809523809523 0.049933862433862435
143 0.20200892857142858 0.6792328042328042 0.09399801587301587 0.047619047619047616
12 0.27666170634920634 0.5505952380952381 0.053323412698412696 0.05489417989417989
12 0.27058531746031744 0.48644179894179895 0.05704365079365079 0.061507936507936505
