53 0.10365198711063373 0.1033810143042913 0.07626208378088077 0.11313394018205461
29 0.19172932330827067 0.09232769830949285 0.09559613319011816 0.12743823146944083
29 0.2712137486573577 0.08972691807542263 0.08915145005370569 0.12743823146944083
29 0.3533834586466165 0.09102730819245773 0.08378088077336197 0.13003901170351106
194 0.4296455424274973 0.09817945383615084 0.06874328678839957 0.11313394018205461
194 0.5005370569280344 0.10078023407022106 0.07089151450053706 0.11053315994798439
194 0.5676691729323309 0.10208062418725618 0.06981740064446831 0.10273081924577374
75 0.6374865735767992 0.0988296488946684 0.06552094522019335 0.10923276983094929
75 0.7046186895810956 0.09622886866059818 0.06874328678839957 0.11183355006501951
75 0.7733619763694952 0.09622886866059818 0.0644468313641246 0.11183355006501951
355 0.8335123523093448 0.09492847854356307 0.05800214822771214 0.10663198959687907
355 0.888829215896885 0.09362808842652796 0.061224489795918366 0.10663198959687907
223 0.8039742212674543 0.29843953185955785 0.08055853920515575 0.11313394018205461
330 0.9301825993555317 0.4681404421326398 0.08163265306122448 0.10663198959687907
330 0.8646616541353384 0.47334200260078024 0.07303974221267455 0.10663198959687907
47 0.7851772287862513 0.4726918075422627 0.055853920515574654 0.09752925877763328
78 0.6847475832438239 0.4850455136540962 0.05692803437164339 0.0988296488946684
78 0.6294307196562836 0.488296488946684 0.055853920515574654 0.09752925877763328
117 0.5735767991407089 0.4895968790637191 0.055853920515574654 0.10273081924577374
117 0.5209452201933404 0.49349804941482445 0.055853920515574654 0.09752925877763328
93 0.46348012889366275 0.4960988296488947 0.061224489795918366 0.09752925877763328
93 0.4054779806659506 0.5 0.06337271750805586 0.09752925877763328
117 0.34371643394199786 0.5045513654096229 0.06229860365198711 0.09362808842652796
117 0.28356605800214824 0.5078023407022106 0.06229860365198711 0.09492847854356307
50 0.20676691729323307 0.505851755526658 0.07411385606874328 0.10923276983094929
50 0.12459720730397422 0.5110533159947984 0.079484425349087 0.10923276983094929
162 0.04833512352309345 0.5110533159947984 0.079484425349087 0.12483745123537061
342 0.03007518796992481 0.6749024707412223 0.06015037593984962 0.12483745123537061
342 0.08592910848549946 0.657997399219766 0.06229860365198711 0.12743823146944083
187 0.15306122448979592 0.6775032509752926 0.08915145005370569 0.12483745123537061
187 0.23523093447905477 0.657997399219766 0.07089151450053706 0.12743823146944083
181 0.3071965628356606 0.6638491547464239 0.08163265306122448 0.13133940182054615
181 0.38131041890440387 0.6586475942782835 0.07518796992481203 0.13133940182054615
181 0.45918367346938777 0.6521456436931079 0.08485499462943072 0.13133940182054615
97 0.5381310418904404 0.6423927178153446 0.07733619763694952 0.13003901170351106
97 0.611170784103115 0.6352405721716515 0.07518796992481203 0.12093628088426528
97 0.6809881847475833 0.6300390117035111 0.07089151450053706 0.12093628088426528
145 0.7534908700322234 0.6430429128738622 0.06552094522019335 0.09752925877763328
145 0.8174006444683136 0.6313394018205462 0.07089151450053706 0.12093628088426528
164 0.8780880773361976 0.628738621586476 0.061224489795918366 0.11833550065019506
164 0.9398496240601504 0.6274382314694408 0.06874328678839957 0.11833550065019506
85 0.8727175080558539 0.7958387516254877 0.07411385606874328 0.1482444733420026
85 0.8082706766917294 0.7925877763328999 0.06552094522019335 0.13133940182054615
7 0.7545649838882922 0.7958387516254877 0.06552094522019335 0.1482444733420026
205 0.6928034371643395 0.8153446033810143 0.0644468313641246 0.17945383615084526
205 0.6133190118152524 0.8179453836150845 0.079484425349087 0.18985695708712613
355 0.5327604726100966 0.8140442132639792 0.08378088077336197 0.17685305591677503
218 0.46348012889366275 0.7958387516254877 0.06552094522019335 0.1378413524057217
197 0.38131041890440387 0.8595578673602081 0.08807733619763695 0.14304291287386217
197 0.3050483351235231 0.8667100130039012 0.08807733619763695 0.14954486345903772
23 0.22986036519871106 0.8738621586475943 0.07733619763694952 0.14564369310793238
23 0.15037593984962405 0.8810143042912874 0.09452201933404941 0.14954486345903772
34 0.05853920515574651 0.8803641092327699 0.11707841031149302 0.17685305591677503
85 0.9559613319011815 0.7925877763328999 0.07303974221267455 0.15214564369310793
130 0.03759398496240601 0.3094928478543563 0.07518796992481203 0.14564369310793238
121 0.13050483351235231 0.3049414824447334 0.09559613319011816 0.1469440832249675
121 0.20730397422126745 0.3036410923276983 0.08378088077336197 0.1469440832249675
30 0.28678839957035446 0.30039011703511054 0.09881847475832438 0.14564369310793238
30 0.37218045112781956 0.29908972691807545 0.09129967776584318 0.14304291287386217
108 0.45112781954887216 0.3127438231469441 0.07303974221267455 0.11053315994798439
108 0.5166487647690655 0.31144343302990896 0.06659505907626208 0.10793237971391417
108 0.5789473684210527 0.3094928478543563 0.07303974221267455 0.10663198959687907
108 0.6498388829215896 0.3068920676202861 0.07303974221267455 0.10663198959687907
336 0.7244897959183674 0.305591677503251 0.07626208378088077 0.10403120936280884
53 0.11009667024704618 0.1033810143042913 0.09774436090225563 0.11573472041612484
53 0.03705692803437164 0.10663198959687907 0.07411385606874328 0.11183355006501951
29 0.15843179377013963 0.09752925877763328 0.02900107411385607 0.1222366710013004
47 0.7330827067669173 0.4869960988296489 0.05477980665950591 0.09752925877763328
