11 0.8836805555555556 0.07308201058201058 0.09771825396825397 0.12566137566137567
143 0.7821180555555556 0.05257936507936508 0.13169642857142858 0.09788359788359788
143 0.7821180555555556 0.11904761904761904 0.13268849206349206 0.08002645502645503
333 0.6815476190476191 0.11507936507936507 0.07837301587301587 0.09986772486772487
52 0.4792906746031746 0.16683201058201058 0.061755952380952384 0.07043650793650794
52 0.42857142857142855 0.17179232804232805 0.054563492063492064 0.06646825396825397
280 0.34362599206349204 0.18733465608465608 0.04935515873015873 0.06911375661375661
280 0.3074156746031746 0.19130291005291006 0.03695436507936508 0.06448412698412699
188 0.2693452380952381 0.19907407407407407 0.03670634920634921 0.062169312169312166
307 0.2400793650793651 0.20205026455026456 0.03670634920634921 0.06878306878306878
239 0.15228174603174602 0.21461640211640212 0.039186507936507936 0.0667989417989418
239 0.11408730158730158 0.21858465608465608 0.03670634920634921 0.06415343915343916
265 0.13082837301587302 0.2996031746031746 0.03546626984126984 0.04828042328042328
204 0.16393849206349206 0.29580026455026454 0.032242063492063495 0.04794973544973545
204 0.18353174603174602 0.29381613756613756 0.03373015873015873 0.04794973544973545
284 0.2166418650793651 0.2918320105820106 0.031994047619047616 0.04794973544973545
284 0.2411954365079365 0.2878637566137566 0.029513888888888888 0.04794973544973545
284 0.2683531746031746 0.28505291005291006 0.031746031746031744 0.047619047619047616
204 0.2977430555555556 0.28406084656084657 0.0339781746031746 0.0496031746031746
204 0.34759424603174605 0.2810846560846561 0.045882936507936505 0.05291005291005291
73 0.40314980158730157 0.2743055555555556 0.045882936507936505 0.05324074074074074
73 0.48226686507936506 0.267526455026455 0.036458333333333336 0.06018518518518518
217 0.5204613095238095 0.2605820105820106 0.045882936507936505 0.06944444444444445
217 0.568328373015873 0.2585978835978836 0.04935515873015873 0.07076719576719577
212 0.7937748015873016 0.34854497354497355 0.09995039682539683 0.0701058201058201
212 0.8738839285714286 0.3503637566137566 0.06969246031746032 0.06646825396825397
345 0.7206101190476191 0.3523478835978836 0.05084325396825397 0.05654761904761905
345 0.677703373015873 0.3523478835978836 0.045882936507936505 0.05654761904761905
345 0.6405009920634921 0.3523478835978836 0.04290674603174603 0.05654761904761905
345 0.6004464285714286 0.3523478835978836 0.039186507936507936 0.05654761904761905
345 0.5565476190476191 0.3523478835978836 0.043154761904761904 0.05125661375661376
345 0.5204613095238095 0.3523478835978836 0.031994047619047616 0.05125661375661376
92 0.48425099206349204 0.35532407407407407 0.03447420634920635 0.04794973544973545
92 0.451140873015873 0.35532407407407407 0.03422619047619048 0.04794973544973545
92 0.41294642857142855 0.3533399470899471 0.036210317460317464 0.04794973544973545
92 0.37487599206349204 0.35532407407407407 0.029513888888888888 0.040674603174603176
92 0.34759424603174605 0.3523478835978836 0.036458333333333336 0.045304232804232805
243 0.15500992063492064 0.41947751322751325 0.04712301587301587 0.03802910052910053
243 0.1566220238095238 0.44907407407407407 0.04389880952380952 0.03042328042328042
82 0.19642857142857142 0.4525462962962963 0.02132936507936508 0.034722222222222224
82 0.19456845238095238 0.4156746031746032 0.013640873015873016 0.036375661375661374
82 0.2140376984126984 0.41633597883597884 0.028769841269841268 0.04034391534391534
82 0.23722718253968253 0.41633597883597884 0.023561507936507936 0.04034391534391534
82 0.22978670634920634 0.45634920634920634 0.02554563492063492 0.03439153439153439
82 0.2119295634920635 0.4538690476190476 0.013640873015873016 0.034722222222222224
236 0.2638888888888889 0.41121031746031744 0.02976190476190476 0.04662698412698413
355 0.2915426587301587 0.41435185185185186 0.028521825396825396 0.04828042328042328
236 0.3203125 0.4148478835978836 0.03298611111111111 0.05125661375661376
236 0.35453869047619047 0.4169973544973545 0.03943452380952381 0.052248677248677246
236 0.3550347222222222 0.4656084656084656 0.03149801587301587 0.05092592592592592
236 0.32155257936507936 0.4632936507936508 0.031001984126984128 0.05092592592592592
236 0.28931051587301587 0.45965608465608465 0.031001984126984128 0.05092592592592592
236 0.26252480158730157 0.45634920634920634 0.02703373015873016 0.046296296296296294
207 0.3960813492063492 0.4260912698412698 0.047619047619047616 0.05654761904761905
207 0.4399801587301587 0.42328042328042326 0.046130952380952384 0.052248677248677246
207 0.4802827380952381 0.4254298941798942 0.04836309523809524 0.05654761904761905
207 0.47681051587301587 0.4794973544973545 0.05431547619047619 0.06084656084656084
207 0.4332837301587302 0.47470238095238093 0.041666666666666664 0.05787037037037037
207 0.3950892857142857 0.47437169312169314 0.034722222222222224 0.04398148148148148
250 0.5210813492063492 0.48478835978835977 0.016865079365079364 0.052248677248677246
250 0.550719246031746 0.4885912698412698 0.0339781746031746 0.055224867724867725
250 0.5925099206349206 0.49289021164021163 0.053075396825396824 0.06580687830687831
250 0.6233878968253969 0.49537037037037035 0.01314484126984127 0.05357142857142857
250 0.6448412698412699 0.4912367724867725 0.028273809523809524 0.06183862433862434
233 0.871031746031746 0.45882936507936506 0.09176587301587301 0.0796957671957672
233 0.7943948412698413 0.4523809523809524 0.06448412698412699 0.07341269841269842
233 0.7403273809523809 0.4485780423280423 0.057539682539682536 0.06977513227513228
233 0.6959325396825397 0.44328703703703703 0.0441468253968254 0.06911375661375661
233 0.847718253968254 0.5221560846560847 0.07043650793650794 0.07275132275132275
233 0.7901785714285714 0.5162037037037037 0.06101190476190476 0.06812169312169312
233 0.7403273809523809 0.5110780423280423 0.05406746031746032 0.0625
233 0.6919642857142857 0.5034722222222222 0.05257936507936508 0.06448412698412699
296 0.2218501984126984 0.5416666666666666 0.023561507936507936 0.03439153439153439
296 0.21899801587301587 0.5061177248677249 0.028769841269841268 0.04398148148148148
296 0.20014880952380953 0.5372023809523809 0.0248015873015873 0.03406084656084656
296 0.19680059523809523 0.501818783068783 0.029513888888888888 0.04133597883597884
296 0.17249503968253968 0.49950396825396826 0.029513888888888888 0.04133597883597884
296 0.15228174603174602 0.49437830687830686 0.0248015873015873 0.041005291005291
296 0.1579861111111111 0.5282738095238095 0.022321428571428572 0.03273809523809524
296 0.17857142857142858 0.533234126984127 0.0248015873015873 0.03207671957671958
109 0.33370535714285715 0.5228174603174603 0.03050595238095238 0.04563492063492063
109 0.3333333333333333 0.5639880952380952 0.031746031746031744 0.044642857142857144
109 0.3029513888888889 0.5185185185185185 0.036458333333333336 0.04497354497354497
109 0.30282738095238093 0.5582010582010583 0.03373015873015873 0.042328042328042326
109 0.2728174603174603 0.5539021164021164 0.028769841269841268 0.036375661375661374
109 0.2697172619047619 0.5152116402116402 0.036458333333333336 0.042328042328042326
109 0.25012400793650796 0.5466269841269841 0.021081349206349208 0.037698412698412696
38 0.3655753968253968 0.5512566137566137 0.0248015873015873 0.082010582010582
38 0.38764880952380953 0.5601851851851852 0.025297619047619048 0.07605820105820106
38 0.41021825396825395 0.5631613756613757 0.029265873015873016 0.08068783068783068
38 0.4361359126984127 0.5686177248677249 0.03050595238095238 0.08035714285714286
38 0.4600694444444444 0.5732473544973545 0.023313492063492064 0.08101851851851852
3 0.5024801587301587 0.5868055555555556 0.05109126984126984 0.07506613756613757
3 0.5621279761904762 0.6046626984126984 0.06076388888888889 0.07705026455026455
3 0.6307043650793651 0.6175595238095238 0.06696428571428571 0.08366402116402116
39 0.6903521825396826 0.624834656084656 0.040426587301587304 0.09821428571428571
21 0.7279265873015873 0.62880291005291 0.049107142857142856 0.105489417989418
21 0.7726934523809523 0.6420304232804233 0.06374007936507936 0.10218253968253968
21 0.8250248015873016 0.6514550264550265 0.060267857142857144 0.11243386243386243
96 0.7947668650793651 0.8181216931216931 0.07068452380952381 0.06878306878306878
96 0.7374751984126984 0.7991071428571429 0.05530753968253968 0.06580687830687831
96 0.7418154761904762 0.7485119047619048 0.06398809523809523 0.06845238095238096
96 0.8050595238095238 0.7604166666666666 0.0744047619047619 0.0916005291005291
113 0.6765873015873016 0.7590939153439153 0.04563492063492063 0.04794973544973545
355 0.6764632936507936 0.7903439153439153 0.044890873015873016 0.03902116402116402
355 0.6786954365079365 0.7159391534391535 0.04141865079365079 0.06349206349206349
355 0.6319444444444444 0.7422288359788359 0.04712301587301587 0.04861111111111111
355 0.6285962301587301 0.7734788359788359 0.043402777777777776 0.03902116402116402
349 0.45324900793650796 0.7043650793650794 0.0339781746031746 0.05357142857142857
349 0.45337301587301587 0.6572420634920635 0.033234126984126984 0.060515873015873016
349 0.4232390873015873 0.6450066137566137 0.03993055555555555 0.05654761904761905
349 0.42038690476190477 0.6906415343915344 0.03422619047619048 0.05125661375661376
349 0.4929315476190476 0.6706349206349206 0.046378968253968256 0.05357142857142857
349 0.4913194444444444 0.716931216931217 0.03819444444444445 0.056878306878306875
271 0.5358382936507936 0.6861772486772487 0.04935515873015873 0.06944444444444445
271 0.5786210317460317 0.7007275132275133 0.050595238095238096 0.06944444444444445
271 0.5786210317460317 0.7493386243386243 0.050595238095238096 0.05357142857142857
271 0.5317460317460317 0.7331349206349206 0.04365079365079365 0.05423280423280423
152 0.3851686507936508 0.6808862433862434 0.027777777777777776 0.042328042328042326
152 0.384796626984127 0.6395502645502645 0.029017857142857144 0.051587301587301584
152 0.36086309523809523 0.634755291005291 0.03670634920634921 0.04662698412698413
152 0.3568948412698413 0.6712962962962963 0.029265873015873016 0.04497354497354497
86 0.32353670634920634 0.6595568783068783 0.034970238095238096 0.04662698412698413
86 0.32316468253968256 0.6220238095238095 0.03571428571428571 0.05423280423280423
86 0.29464285714285715 0.6117724867724867 0.03968253968253968 0.05026455026455026
86 0.2927827380952381 0.6496362433862434 0.034970238095238096 0.04398148148148148
86 0.2604166666666667 0.6397156084656085 0.03720238095238095 0.044642857142857144
86 0.2601686507936508 0.6061507936507936 0.03422619047619048 0.03902116402116402
329 0.22718253968253968 0.6140873015873016 0.027281746031746032 0.061507936507936505
329 0.20473710317460317 0.6079695767195767 0.03546626984126984 0.06712962962962964
329 0.1800595238095238 0.5992063492063492 0.042162698412698416 0.06746031746031746
246 0.2439236111111111 0.7083333333333334 0.03249007936507937 0.046957671957671955
246 0.24404761904761904 0.7433862433862434 0.022321428571428572 0.031084656084656083
349 0.21949404761904762 0.7329695767195767 0.024305555555555556 0.034722222222222224
246 0.21862599206349206 0.7007275132275133 0.037450396825396824 0.04431216931216931
246 0.2855902777777778 0.7266865079365079 0.04935515873015873 0.04861111111111111
246 0.2857142857142857 0.7628968253968254 0.028769841269841268 0.037698412698412696
246 0.3108878968253968 0.7645502645502645 0.026041666666666668 0.05026455026455026
246 0.3244047619047619 0.7247023809523809 0.029265873015873016 0.044642857142857144
132 0.3975694444444444 0.7683531746031746 0.04117063492063492 0.06448412698412699
132 0.3974454365079365 0.8078703703703703 0.04092261904761905 0.04497354497354497
132 0.3619791666666667 0.7567791005291006 0.046875 0.05324074074074074
132 0.3586309523809524 0.7924933862433863 0.04117063492063492 0.04861111111111111
208 0.4799107142857143 0.7939814814814815 0.037698412698412696 0.05886243386243386
208 0.4419642857142857 0.781415343915344 0.043154761904761904 0.04497354497354497
208 0.44060019841269843 0.8268849206349206 0.03794642857142857 0.04398148148148148
208 0.47842261904761907 0.8353174603174603 0.03670634920634921 0.036375661375661374
235 0.5285218253968254 0.8568121693121693 0.05952380952380952 0.09060846560846561
235 0.5798611111111112 0.8713624338624338 0.05853174603174603 0.1164021164021164
33 0.6484375 0.908234126984127 0.07316468253968254 0.10482804232804233
33 0.7189980158730159 0.9403108465608465 0.07936507936507936 0.11342592592592593
188 0.1909722222222222 0.22056878306878308 0.020337301587301588 0.061507936507936505
188 0.21068948412698413 0.21428571428571427 0.0220734126984127 0.06547619047619048
0 0.31039186507936506 0.3548280423280423 0.025049603174603176 0.051587301587301584
0 0.28757440476190477 0.3543320105820106 0.019593253968253968 0.050595238095238096
62 0.1918402777777778 0.7099867724867724 0.02703373015873016 0.06944444444444445
62 0.1667906746031746 0.6931216931216931 0.025049603174603176 0.07208994708994709
