187 0.084765625 0.16770833333333332 0.08671875 0.125
187 0.151171875 0.16770833333333332 0.08359375 0.12708333333333333
187 0.220703125 0.16875 0.08203125 0.125
187 0.2890625 0.16979166666666667 0.078125 0.125
214 0.349609375 0.18125 0.05546875 0.09791666666666667
214 0.3953125 0.18229166666666666 0.053125 0.09375
214 0.44140625 0.18333333333333332 0.05 0.09375
214 0.48515625 0.18385416666666668 0.053125 0.09270833333333334
355 0.5390625 0.18229166666666666 0.05 0.09791666666666667
355 0.58515625 0.18229166666666666 0.0484375 0.1
355 0.630859375 0.18125 0.05078125 0.09791666666666667
355 0.6765625 0.18854166666666666 0.0609375 0.08958333333333333
355 0.72734375 0.1890625 0.0609375 0.09270833333333334
14 0.811328125 0.35989583333333336 0.05078125 0.096875
328 0.765625 0.35989583333333336 0.0484375 0.096875
328 0.72265625 0.35989583333333336 0.053125 0.096875
14 0.670703125 0.3609375 0.04765625 0.09479166666666666
14 0.62890625 0.36041666666666666 0.046875 0.09791666666666667
14 0.583203125 0.36041666666666666 0.05078125 0.09791666666666667
148 0.537109375 0.35989583333333336 0.04765625 0.09479166666666666
148 0.493359375 0.3614583333333333 0.04453125 0.09166666666666666
191 0.436328125 0.35625 0.07265625 0.10625
191 0.375 0.35520833333333335 0.0671875 0.11041666666666666
162 0.309765625 0.35625 0.07265625 0.10833333333333334
162 0.243359375 0.35520833333333335 0.07421875 0.11041666666666666
53 0.177734375 0.35625 0.07578125 0.10833333333333334
53 0.1125 0.35625 0.078125 0.10833333333333334
197 0.1359375 0.5151041666666667 0.08125 0.10729166666666666
197 0.201171875 0.5151041666666667 0.07265625 0.103125
197 0.262890625 0.5161458333333333 0.07109375 0.10104166666666667
29 0.341015625 0.5114583333333333 0.07265625 0.1125
29 0.403515625 0.5078125 0.07265625 0.11770833333333333
23 0.4609375 0.50625 0.0625 0.11458333333333333
23 0.5234375 0.5078125 0.0671875 0.11145833333333334
23 0.583203125 0.5078125 0.06484375 0.109375
97 0.642578125 0.5067708333333333 0.06484375 0.11145833333333334
97 0.69921875 0.5067708333333333 0.065625 0.11145833333333334
97 0.752734375 0.5067708333333333 0.06484375 0.11145833333333334
181 0.823046875 0.5041666666666667 0.06796875 0.11458333333333333
181 0.884765625 0.5041666666666667 0.07578125 0.11458333333333333
315 0.931640625 0.5270833333333333 0.05078125 0.07916666666666666
315 0.970703125 0.5223958333333333 0.05390625 0.08229166666666667
223 0.95703125 0.6442708333333333 0.0546875 0.08645833333333333
223 0.905078125 0.6484375 0.05859375 0.08229166666666667
330 0.862109375 0.6479166666666667 0.04609375 0.08125
330 0.826953125 0.6463541666666667 0.05078125 0.084375
108 0.783984375 0.6463541666666667 0.04765625 0.09479166666666666
108 0.744140625 0.6442708333333333 0.05078125 0.09270833333333334
75 0.68359375 0.6411458333333333 0.05 0.09895833333333333
75 0.6453125 0.6442708333333333 0.0578125 0.10104166666666667
75 0.588671875 0.6375 0.05078125 0.09791666666666667
75 0.544140625 0.6411458333333333 0.05078125 0.09895833333333333
130 0.491015625 0.6411458333333333 0.06484375 0.10729166666666666
130 0.43359375 0.6411458333333333 0.065625 0.11145833333333334
130 0.37890625 0.6416666666666667 0.0671875 0.11458333333333333
30 0.314453125 0.6416666666666667 0.07265625 0.11458333333333333
30 0.260546875 0.6416666666666667 0.06640625 0.11458333333333333
121 0.1953125 0.6432291666666666 0.06875 0.115625
121 0.133984375 0.6432291666666666 0.07265625 0.11979166666666667
205 0.326171875 0.7927083333333333 0.06953125 0.18125
205 0.385546875 0.8041666666666667 0.06640625 0.15833333333333333
205 0.4421875 0.8020833333333334 0.0640625 0.15833333333333333
205 0.501953125 0.775 0.05859375 0.13541666666666666
34 0.564453125 0.8083333333333333 0.06796875 0.13541666666666666
34 0.622265625 0.80625 0.06796875 0.13333333333333333
34 0.673828125 0.8083333333333333 0.06484375 0.13541666666666666
342 0.729296875 0.8098958333333334 0.07265625 0.12604166666666666
342 0.783203125 0.8083333333333333 0.06484375 0.12708333333333333
342 0.83203125 0.8083333333333333 0.0734375 0.12708333333333333
186 0.84765625 0.35885416666666664 0.03125 0.042708333333333334
186 0.869140625 0.359375 0.03984375 0.041666666666666664
186 0.903515625 0.35885416666666664 0.04296875 0.042708333333333334
268 0.93671875 0.35833333333333334 0.040625 0.041666666666666664
268 0.953515625 0.3921875 0.03203125 0.03229166666666667
268 0.927734375 0.39166666666666666 0.03671875 0.03333333333333333
186 0.89765625 0.3921875 0.040625 0.03229166666666667
186 0.8640625 0.3921875 0.0328125 0.03229166666666667
186 0.843359375 0.3921875 0.02265625 0.03229166666666667
218 0.148828125 0.821875 0.07421875 0.12083333333333333
218 0.207421875 0.8151041666666666 0.07109375 0.13229166666666667
218 0.26640625 0.8135416666666667 0.06875 0.12916666666666668
194 0.148046875 0.7567708333333333 0.07265625 0.015625
262 0.869140625 0.18802083333333333 0.05078125 0.08854166666666667
262 0.91328125 0.18854166666666666 0.0453125 0.0875
308 0.964453125 0.1890625 0.06796875 0.090625
85 0.86953125 0.7609375 0.0921875 0.090625
85 0.95078125 0.7661458333333333 0.090625 0.11145833333333334
