50 0.1291089108910891 0.13155021834061134 0.07762376237623762 0.11899563318777293
330 0.20336633663366335 0.12472707423580787 0.07722772277227723 0.13700873362445415
108 0.44772277227722773 0.1345524017467249 0.06930693069306931 0.10753275109170306
108 0.5051485148514852 0.1345524017467249 0.07247524752475247 0.10534934497816593
148 0.5994059405940594 0.12581877729257643 0.061386138613861385 0.12390829694323144
14 0.6566336633663367 0.1277292576419214 0.06178217821782178 0.11790393013100436
260 0.9645544554455445 0.2606441048034934 0.05584158415841584 0.09770742358078603
260 0.9645544554455445 0.34443231441048033 0.046336633663366336 0.08733624454148471
201 0.8376237623762376 0.34443231441048033 0.055445544554455446 0.09388646288209607
201 0.7881188118811882 0.3474344978165939 0.05861386138613861 0.08788209606986899
315 0.744950495049505 0.3474344978165939 0.055445544554455446 0.08788209606986899
261 0.6441584158415842 0.34852620087336245 0.05584158415841584 0.08569868995633188
261 0.5978217821782178 0.34852620087336245 0.051089108910891086 0.08788209606986899
75 0.5514851485148515 0.3414301310043668 0.06851485148514852 0.11299126637554585
194 0.48495049504950494 0.34252183406113534 0.06851485148514852 0.11299126637554585
194 0.4306930693069307 0.34252183406113534 0.06376237623762376 0.11299126637554585
47 0.37663366336633664 0.34443231441048033 0.06178217821782178 0.11026200873362445
305 0.3223762376237624 0.3474344978165939 0.06178217821782178 0.10971615720524018
117 0.2730693069306931 0.34852620087336245 0.0598019801980198 0.1009825327510917
78 0.21584158415841584 0.3474344978165939 0.06178217821782178 0.10753275109170306
47 0.16633663366336635 0.3400655021834061 0.06495049504950495 0.1277292576419214
214 0.1104950495049505 0.34852620087336245 0.06178217821782178 0.11189956331877729
240 0.0502970297029703 0.35152838427947597 0.06178217821782178 0.11026200873362445
29 0.22336633663366337 0.5207423580786026 0.08316831683168317 0.14410480349344978
29 0.29465346534653464 0.5158296943231441 0.07762376237623762 0.14410480349344978
162 0.3596039603960396 0.5100982532751092 0.07762376237623762 0.15556768558951964
197 0.504950495049505 0.5040938864628821 0.07524752475247524 0.15556768558951964
197 0.5714851485148514 0.5040938864628821 0.07762376237623762 0.15556768558951964
130 0.6441584158415842 0.5040938864628821 0.07722772277227723 0.1490174672489083
130 0.7138613861386138 0.5081877729257642 0.07722772277227723 0.14410480349344978
30 0.781980198019802 0.5040938864628821 0.07722772277227723 0.14465065502183405
121 0.8514851485148515 0.5010917030567685 0.07049504950495049 0.14410480349344978
121 0.9211881188118812 0.49836244541484714 0.07049504950495049 0.14410480349344978
121 0.9691089108910891 0.5002729257641921 0.04514851485148515 0.14683406113537117
164 0.8423762376237623 0.677674672489083 0.07049504950495049 0.1490174672489083
145 0.7788118811881188 0.6924126637554585 0.06455445544554456 0.12609170305676856
97 0.7077227722772277 0.6894104803493449 0.07049504950495049 0.13537117903930132
97 0.6443564356435644 0.6875 0.07603960396039604 0.14246724890829696
97 0.5685148514851485 0.69132096069869 0.0700990099009901 0.13482532751091703
97 0.5081188118811881 0.69132096069869 0.07049504950495049 0.13919213973799127
181 0.4322772277227723 0.6940502183406113 0.08277227722772278 0.1490174672489083
181 0.36574257425742573 0.6962336244541485 0.07564356435643564 0.1490174672489083
187 0.2992079207920792 0.7030567685589519 0.07722772277227723 0.13646288209606988
187 0.22811881188118813 0.7060589519650655 0.08158415841584159 0.13700873362445415
342 0.15386138613861386 0.7082423580786026 0.08198019801980198 0.1413755458515284
342 0.08574257425742575 0.7079694323144105 0.08198019801980198 0.14847161572052403
34 0.06712871287128713 0.9012008733624454 0.08435643564356436 0.19759825327510916
34 0.13980198019801982 0.8960152838427947 0.0895049504950495 0.20796943231441048
23 0.21247524752475247 0.9080240174672489 0.07881188118811881 0.162117903930131
162 0.27603960396039606 0.9183951965065502 0.08158415841584159 0.1435589519650655
218 0.35346534653465345 0.8842794759825328 0.08198019801980198 0.2074235807860262
218 0.42 0.8842794759825328 0.08435643564356436 0.2074235807860262
218 0.4803960396039604 0.8834606986899564 0.0895049504950495 0.20796943231441048
205 0.5605940594059406 0.8815502183406113 0.07881188118811881 0.20087336244541484
205 0.6287128712871287 0.8902838427947598 0.07564356435643564 0.18668122270742357
7 0.6968316831683168 0.8578056768558951 0.06455445544554456 0.13919213973799127
7 0.7540594059405941 0.8578056768558951 0.06653465346534654 0.1413755458515284
85 0.8421782178217821 0.8627183406113537 0.06059405940594059 0.16320960698689957
15 0.8902970297029703 0.8695414847161572 0.07603960396039604 0.14847161572052403
15 0.9598019801980198 0.8845524017467249 0.07881188118811881 0.18831877729257643
328 0.7029702970297029 0.12882096069868995 0.06178217821782178 0.11572052401746726
53 0.43524752475247525 0.5128275109170306 0.08396039603960397 0.16102620087336245
53 0.1491089108910891 0.5286572052401747 0.08198019801980198 0.1304585152838428
53 0.0702970297029703 0.5286572052401747 0.07722772277227723 0.13482532751091703
50 0.057821782178217825 0.1277292576419214 0.0895049504950495 0.12336244541484716
223 0.27603960396039606 0.1277292576419214 0.08871287128712871 0.12554585152838427
214 0.7691089108910891 0.04503275109170306 0.05465346534653465 0.08679039301310043
214 0.7671287128712871 0.13155021834061134 0.05306930693069307 0.09716157205240175
186 0.9354455445544555 0.11926855895196506 0.034851485148514855 0.048580786026200876
186 0.9376237623762376 0.15775109170305676 0.030495049504950494 0.03820960698689956
186 0.9398019801980197 0.07587336244541484 0.03643564356435643 0.05021834061135371
268 0.982970297029703 0.03056768558951965 0.03405940594059406 0.04912663755458515
268 0.982970297029703 0.07368995633187773 0.03405940594059406 0.04912663755458515
186 0.9815841584158416 0.11817685589519651 0.03683168316831683 0.04967248908296943
268 0.9835643564356435 0.15502183406113537 0.03287128712871287 0.04039301310043668
35 0.8912871287128713 0.6768558951965066 0.05900990099009901 0.11790393013100436
35 0.9475247524752475 0.6768558951965066 0.06217821782178218 0.11899563318777293
315 0.735049504950495 0.26883187772925765 0.049900990099009904 0.08460698689956332
61 0.9188118811881189 0.34361353711790393 0.030099009900990098 0.08351528384279476
61 0.8853465346534654 0.34306768558951967 0.03683168316831683 0.08679039301310043
