121 0.37290167865707435 0.6209239130434783 0.11031175059952038 0.17481884057971014
121 0.27727817745803357 0.6209239130434783 0.11690647482014388 0.17481884057971014
75 0.04436450839328537 0.4696557971014493 0.06235011990407674 0.16576086956521738
75 0.09922062350119903 0.46195652173913043 0.05935251798561151 0.15579710144927536
194 0.19514388489208634 0.4483695652173913 0.07973621103117506 0.161231884057971
23 0.2934652278177458 0.44067028985507245 0.11690647482014388 0.1693840579710145
23 0.3800959232613909 0.44067028985507245 0.10191846522781775 0.16576086956521738
97 0.3872901678657074 0.259963768115942 0.10191846522781775 0.16666666666666666
201 0.3288369304556355 0.10326086956521739 0.07733812949640288 0.11231884057971014
108 0.03597122302158273 0.0792572463768116 0.07194244604316546 0.14583333333333334
50 0.08123501199040767 0.07971014492753623 0.06654676258992806 0.14673913043478262
50 0.12140287769784172 0.08106884057971014 0.04136690647482014 0.14402173913043478
50 0.1642685851318945 0.08152173913043478 0.07793764988009592 0.14130434782608695
201 0.21252997601918466 0.09918478260869565 0.048561151079136694 0.10960144927536232
53 0.0578537170263789 0.2826086956521739 0.08333333333333333 0.161231884057971
53 0.12470023980815348 0.2798913043478261 0.07913669064748201 0.15579710144927536
53 0.18375299760191846 0.2758152173913043 0.06654676258992806 0.15489130434782608
130 0.24970023980815348 0.26268115942028986 0.09172661870503597 0.18115942028985507
130 0.30605515587529974 0.2617753623188406 0.0605515587529976 0.17391304347826086
97 0.47002398081534774 0.26358695652173914 0.09112709832134293 0.1503623188405797
181 0.5374700239808153 0.26222826086956524 0.07613908872901679 0.14764492753623187
97 0.5920263788968825 0.26132246376811596 0.07014388489208633 0.14583333333333334
97 0.6429856115107914 0.2608695652173913 0.06414868105515588 0.1431159420289855
164 0.6918465227817746 0.2608695652173913 0.05875299760191847 0.1358695652173913
164 0.7341127098321343 0.259963768115942 0.05575539568345324 0.1358695652173913
145 0.7721822541966427 0.2604166666666667 0.05875299760191847 0.1331521739130435
145 0.8120503597122302 0.259963768115942 0.06294964028776978 0.1322463768115942
14 0.8462230215827338 0.2563405797101449 0.04136690647482014 0.1358695652173913
14 0.8752997601918465 0.2563405797101449 0.047961630695443645 0.13043478260869565
148 0.9115707434052758 0.2586050724637681 0.047362110311750596 0.12047101449275362
148 0.9388489208633094 0.25905797101449274 0.04196642685851319 0.11775362318840579
148 0.9577338129496403 0.25769927536231885 0.029376498800959234 0.11684782608695653
330 0.8830935251798561 0.10733695652173914 0.046762589928057555 0.09873188405797101
22 0.8576139088729017 0.10733695652173914 0.048561151079136694 0.09873188405797101
22 0.8381294964028777 0.1068840579710145 0.046762589928057555 0.09963768115942029
261 0.8060551558752997 0.10733695652173914 0.048561151079136694 0.10235507246376811
261 0.7757793764988009 0.11005434782608696 0.04436450839328537 0.09329710144927536
261 0.7491007194244604 0.10869565217391304 0.043764988009592325 0.09420289855072464
315 0.7197242206235012 0.10733695652173914 0.043764988009592325 0.09510869565217392
315 0.6855515587529976 0.1068840579710145 0.046163069544364506 0.09601449275362318
315 0.6525779376498801 0.10552536231884058 0.044964028776978415 0.09873188405797101
61 0.6270983213429256 0.10552536231884058 0.04436450839328537 0.09873188405797101
61 0.5932254196642686 0.10507246376811594 0.043764988009592325 0.09963768115942029
61 0.559052757793765 0.10507246376811594 0.043764988009592325 0.09782608695652174
61 0.533273381294964 0.10416666666666667 0.043764988009592325 0.09782608695652174
261 0.5086930455635491 0.10099637681159421 0.03657074340527578 0.10235507246376811
260 0.4847122302158273 0.10190217391304347 0.044964028776978415 0.10054347826086957
330 0.44514388489208634 0.09918478260869565 0.03657074340527578 0.10054347826086957
260 0.37440047961630696 0.10190217391304347 0.046163069544364506 0.10054347826086957
260 0.40977218225419665 0.10144927536231885 0.048561151079136694 0.10144927536231885
342 0.605515587529976 0.5806159420289855 0.07673860911270983 0.161231884057971
35 0.8000599520383693 0.5620471014492754 0.05935251798561151 0.1403985507246377
35 0.8666067146282974 0.5516304347826086 0.07134292565947242 0.13768115942028986
15 0.914568345323741 0.5484601449275363 0.07853717026378897 0.13677536231884058
15 0.9457434052757794 0.5416666666666666 0.07733812949640288 0.12318840579710146
197 0.459832134292566 0.42346014492753625 0.05995203836930456 0.1331521739130435
197 0.5122901678657075 0.4230072463768116 0.06294964028776978 0.1322463768115942
197 0.5611510791366906 0.42391304347826086 0.0671462829736211 0.12681159420289856
305 0.6199040767386091 0.42617753623188404 0.0683453237410072 0.12590579710144928
240 0.6801558752997602 0.4270833333333333 0.06654676258992806 0.11684782608695653
240 0.7101318944844125 0.4207427536231884 0.04136690647482014 0.12047101449275362
117 0.7470023980815348 0.4221014492753623 0.05995203836930456 0.11594202898550725
305 0.7796762589928058 0.41757246376811596 0.05935251798561151 0.11231884057971014
117 0.8114508393285371 0.41530797101449274 0.06414868105515588 0.11141304347826086
305 0.8785971223021583 0.40896739130434784 0.0605515587529976 0.10778985507246377
117 0.919664268585132 0.40806159420289856 0.04436450839328537 0.10235507246376811
187 0.7281175059952039 0.5706521739130435 0.12050359712230216 0.14855072463768115
342 0.4565347721822542 0.5978260869565217 0.06414868105515588 0.16666666666666666
342 0.5083932853717026 0.5901268115942029 0.06594724220623502 0.16576086956521738
342 0.5386690647482014 0.5715579710144928 0.0605515587529976 0.13949275362318841
34 0.6945443645083933 0.7459239130434783 0.0737410071942446 0.17481884057971014
34 0.6366906474820144 0.7413949275362319 0.050359712230215826 0.1621376811594203
34 0.6076139088729017 0.7631340579710145 0.05695443645083933 0.1838768115942029
34 0.560251798561151 0.7717391304347826 0.05695443645083933 0.18659420289855072
85 0.8767985611510791 0.6716485507246377 0.09052757793764989 0.057065217391304345
85 0.9499400479616307 0.667572463768116 0.09772182254196643 0.05434782608695652
7 0.7688848920863309 0.7223731884057971 0.08693045563549161 0.07880434782608696
7 0.810251798561151 0.697463768115942 0.11930455635491606 0.07065217391304347
29 0.03597122302158273 0.8709239130434783 0.06954436450839328 0.19655797101449277
29 0.10461630695443645 0.8582427536231884 0.0725419664268585 0.19293478260869565
29 0.16606714628297362 0.84375 0.07673860911270983 0.19293478260869565
145 0.2185251798561151 0.8170289855072463 0.06414868105515588 0.17391304347826086
162 0.2904676258992806 0.8165760869565217 0.08333333333333333 0.1947463768115942
162 0.35071942446043164 0.8061594202898551 0.05155875299760192 0.14492753623188406
355 0.43135491606714627 0.792572463768116 0.0725419664268585 0.1793478260869565
355 0.49610311750599523 0.7857789855072463 0.06175059952038369 0.17119565217391305
342 0.5266786570743405 0.779891304347826 0.008992805755395683 0.15942028985507245
191 0.047961630695443645 0.6544384057971014 0.08513189448441247 0.16032608695652173
191 0.12020383693045564 0.646286231884058 0.0725419664268585 0.15307971014492755
191 0.18555155875299761 0.6381340579710145 0.06774580335731414 0.14583333333333334
