96 0.08779761904761904 0.7762896825396826 0.05357142857142857 0.06316137566137567
96 0.1267361111111111 0.7820767195767195 0.05357142857142857 0.05291005291005291
96 0.09064980158730158 0.7194113756613757 0.036458333333333336 0.05654761904761905
96 0.1267361111111111 0.7263558201058201 0.05357142857142857 0.059854497354497355
271 0.17274305555555555 0.7263558201058201 0.04985119047619048 0.05125661375661376
271 0.22941468253968253 0.7253637566137566 0.0625 0.050595238095238096
271 0.23028273809523808 0.7800925925925926 0.061755952380952384 0.0667989417989418
271 0.17857142857142858 0.779265873015873 0.04563492063492063 0.05654761904761905
349 0.29092261904761907 0.7156084656084656 0.05357142857142857 0.06018518518518518
349 0.29377480158730157 0.7751322751322751 0.045882936507936505 0.06018518518518518
349 0.34362599206349204 0.7723214285714286 0.05084325396825397 0.059854497354497355
152 0.3913690476190476 0.7752976190476191 0.05357142857142857 0.05720899470899471
152 0.4461805555555556 0.767526455026455 0.050595238095238096 0.06878306878306878
246 0.6990327380952381 0.7566137566137566 0.06473214285714286 0.06018518518518518
246 0.761656746031746 0.7566137566137566 0.06845238095238096 0.06018518518518518
66 0.8298611111111112 0.7566137566137566 0.06746031746031746 0.06415343915343916
329 0.8836805555555556 0.7488425925925926 0.06994047619047619 0.07043650793650794
329 0.9373759920634921 0.7428902116402116 0.07713293650793651 0.07308201058201058
329 0.8680555555555556 0.6853505291005291 0.06994047619047619 0.06646825396825397
109 0.9315476190476191 0.6795634920634921 0.060515873015873016 0.06018518518518518
62 0.9315476190476191 0.8630952380952381 0.060515873015873016 0.10846560846560846
62 0.8875248015873016 0.9002976190476191 0.07663690476190477 0.12400793650793651
84 0.7927827380952381 0.937334656084656 0.13368055555555555 0.05324074074074074
84 0.792906746031746 0.8718584656084656 0.13839285714285715 0.0796957671957672
338 0.6405009920634921 0.8523478835978836 0.12425595238095238 0.07175925925925926
338 0.6405009920634921 0.9295634920634921 0.13368055555555555 0.08333333333333333
132 0.5409226190476191 0.94130291005291 0.06547619047619048 0.06514550264550265
132 0.5409226190476191 0.8738425925925926 0.06845238095238096 0.07175925925925926
132 0.4782986111111111 0.8708664021164021 0.06969246031746032 0.06646825396825397
132 0.47619047619047616 0.9522156084656085 0.07787698412698413 0.07771164021164022
208 0.41195436507936506 0.9391534391534392 0.050595238095238096 0.10052910052910052
208 0.412078373015873 0.8660714285714286 0.045882936507936505 0.06018518518518518
33 0.2371031746031746 0.9165013227513228 0.06646825396825397 0.12797619047619047
33 0.16393849206349206 0.9194775132275133 0.07291666666666667 0.13392857142857142
52 0.1576140873015873 0.13657407407407407 0.051835317460317464 0.057539682539682536
52 0.11197916666666667 0.14285714285714285 0.05431547619047619 0.05489417989417989
52 0.10081845238095238 0.18931878306878308 0.054811507936507936 0.04398148148148148
52 0.15029761904761904 0.1840277777777778 0.05109126984126984 0.04265873015873016
280 0.26277281746031744 0.14070767195767195 0.029017857142857144 0.07506613756613757
280 0.2261904761904762 0.16352513227513227 0.041666666666666664 0.0710978835978836
280 0.19283234126984128 0.16683201058201058 0.03943452380952381 0.0710978835978836
307 0.4539930555555556 0.10333994708994709 0.03249007936507937 0.059854497354497355
307 0.45461309523809523 0.1671626984126984 0.03273809523809524 0.08432539682539683
307 0.421875 0.1669973544973545 0.03670634920634921 0.0873015873015873
307 0.3878968253968254 0.1712962962962963 0.03869047619047619 0.083994708994709
307 0.39037698412698413 0.1109457671957672 0.03373015873015873 0.054563492063492064
188 0.6293402777777778 0.06613756613756613 0.036458333333333336 0.08531746031746032
188 0.6293402777777778 0.14136904761904762 0.03695436507936508 0.06845238095238096
188 0.5932539682539683 0.0701058201058201 0.037698412698412696 0.09457671957671958
188 0.5952380952380952 0.1433531746031746 0.03571428571428571 0.06712962962962964
239 0.5558035714285714 0.1378968253968254 0.03373015873015873 0.082010582010582
239 0.5553075396825397 0.0667989417989418 0.032242063492063495 0.07407407407407407
239 0.5203373015873016 0.05654761904761905 0.03720238095238095 0.10912698412698413
239 0.5236855158730159 0.14203042328042328 0.033482142857142856 0.07506613756613757
239 0.49007936507936506 0.14087301587301587 0.03521825396825397 0.08333333333333333
239 0.4867311507936508 0.05439814814814815 0.037450396825396824 0.10482804232804233
11 0.7901785714285714 0.12483465608465609 0.09871031746031746 0.08697089947089948
11 0.7165178571428571 0.13078703703703703 0.0873015873015873 0.08035714285714286
157 0.9470486111111112 0.2275132275132275 0.05828373015873016 0.07936507936507936
157 0.9451884920634921 0.298776455026455 0.06001984126984127 0.07506613756613757
265 0.9844990079365079 0.3062169312169312 0.028025793650793652 0.05952380952380952
157 0.894593253968254 0.30654761904761907 0.044642857142857144 0.06018518518518518
284 0.8482142857142857 0.30753968253968256 0.049107142857142856 0.06283068783068783
157 0.8764880952380952 0.24487433862433863 0.061507936507936505 0.06514550264550265
217 0.7984871031746031 0.3029100529100529 0.04935515873015873 0.052248677248677246
217 0.7502480158730159 0.30505952380952384 0.047619047619047616 0.05324074074074074
217 0.7516121031746031 0.24404761904761904 0.04985119047619048 0.07407407407407407
73 0.5952380952380952 0.2509920634920635 0.04117063492063492 0.03306878306878307
204 0.5993303571428571 0.3209325396825397 0.047371031746031744 0.054563492063492064
73 0.6498015873015873 0.23462301587301587 0.05654761904761905 0.05324074074074074
73 0.6498015873015873 0.30952380952380953 0.054563492063492064 0.05357142857142857
73 0.6960565476190477 0.24289021164021163 0.034970238095238096 0.03736772486772487
73 0.7003968253968254 0.3133267195767196 0.04861111111111111 0.06382275132275132
333 0.4567212301587302 0.3219246031746032 0.04985119047619048 0.0744047619047619
264 0.5094246031746031 0.32523148148148145 0.04712301587301587 0.0625
264 0.5048363095238095 0.2700066137566138 0.04538690476190476 0.07043650793650794
265 0.5500992063492064 0.2690145502645503 0.04265873015873016 0.060515873015873016
265 0.5539434523809523 0.32523148148148145 0.04389880952380952 0.05787037037037037
143 0.3864087301587302 0.3404431216931217 0.0873015873015873 0.04398148148148148
143 0.3882688492063492 0.29728835978835977 0.0845734126984127 0.046296296296296294
236 0.1609623015873016 0.44907407407407407 0.06398809523809523 0.06283068783068783
207 0.0992063492063492 0.451223544973545 0.07142857142857142 0.06712962962962964
12 0.057291666666666664 0.4451058201058201 0.06944444444444445 0.061507936507936505
12 0.049975198412698416 0.5057870370370371 0.06522817460317461 0.06316137566137567
207 0.10577876984126984 0.5074404761904762 0.05679563492063492 0.05125661375661376
236 0.1613343253968254 0.5034722222222222 0.06374007936507936 0.0539021164021164
303 0.5329861111111112 0.4869378306878307 0.028769841269841268 0.054563492063492064
92 0.5009920634920635 0.4887566137566138 0.03571428571428571 0.05489417989417989
92 0.46577380952380953 0.4923941798941799 0.033234126984126984 0.051587301587301584
92 0.466765873015873 0.43783068783068785 0.034722222222222224 0.06018518518518518
92 0.5012400793650794 0.43617724867724866 0.034722222222222224 0.052248677248677246
243 0.6156994047619048 0.4401455026455027 0.11532738095238096 0.057539682539682536
243 0.6143353174603174 0.4887566137566138 0.1130952380952381 0.0496031746031746
296 0.7132936507936508 0.5634920634920635 0.05505952380952381 0.06481481481481481
296 0.7658730158730159 0.5595238095238095 0.056051587301587304 0.06481481481481481
296 0.8158482142857143 0.558531746031746 0.058779761904761904 0.06415343915343916
296 0.8188244047619048 0.6157407407407407 0.05282738095238095 0.05357142857142857
296 0.7667410714285714 0.6173941798941799 0.057291666666666664 0.05357142857142857
296 0.7136656746031746 0.6190476190476191 0.05580357142857143 0.05291005291005291
109 0.9708581349206349 0.5539021164021164 0.05530753968253968 0.0582010582010582
109 0.9211309523809523 0.5553902116402116 0.051587301587301584 0.05787037037037037
109 0.8720238095238095 0.5565476190476191 0.054563492063492064 0.06349206349206349
109 0.8718998015873016 0.6135912698412699 0.05431547619047619 0.05191798941798942
109 0.921875 0.6106150793650794 0.05406746031746032 0.05324074074074074
109 0.9696180555555556 0.6079695767195767 0.05133928571428571 0.054563492063492064
21 0.2958829365079365 0.6162367724867724 0.040674603174603176 0.08763227513227513
21 0.3244047619047619 0.6139219576719577 0.03125 0.09292328042328042
39 0.35912698412698413 0.6137566137566137 0.044642857142857144 0.09193121693121693
39 0.39050099206349204 0.6117724867724867 0.036458333333333336 0.08862433862433862
39 0.4176587301587302 0.6117724867724867 0.03521825396825397 0.08862433862433862
38 0.5234375 0.6051587301587301 0.037450396825396824 0.09193121693121693
38 0.4895833333333333 0.6059854497354498 0.03373015873015873 0.09292328042328042
38 0.4575892857142857 0.6071428571428571 0.03720238095238095 0.09523809523809523
3 0.5765128968253969 0.6058201058201058 0.06324404761904762 0.08002645502645503
3 0.6465773809523809 0.6028439153439153 0.07242063492063493 0.08134920634920635
86 0.505828373015873 0.7152777777777778 0.06522817460317461 0.061507936507936505
86 0.5696924603174603 0.7154431216931217 0.06448412698412699 0.06316137566137567
246 0.6326884920634921 0.7166005291005291 0.062003968253968256 0.06481481481481481
246 0.6326884920634921 0.7721560846560847 0.06299603174603174 0.04828042328042328
86 0.5693204365079365 0.7718253968253969 0.06374007936507936 0.051587301587301584
86 0.5070684523809523 0.771494708994709 0.06374007936507936 0.05886243386243386
82 0.25806051587301587 0.583994708994709 0.028521825396825396 0.0582010582010582
82 0.25297619047619047 0.6365740740740741 0.039186507936507936 0.05291005291005291
82 0.21316964285714285 0.6360780423280423 0.044890873015873016 0.054563492063492064
250 0.16121031746031747 0.6372354497354498 0.059027777777777776 0.05291005291005291
250 0.16121031746031747 0.5874669312169312 0.044642857142857144 0.05191798941798942
233 0.11619543650793651 0.6370701058201058 0.034970238095238096 0.055224867724867725
233 0.08234126984126984 0.638558201058201 0.04017857142857143 0.05291005291005291
0 0.3552827380952381 0.49718915343915343 0.037450396825396824 0.059854497354497355
212 0.39347718253968256 0.49603174603174605 0.033482142857142856 0.05423280423280423
212 0.42956349206349204 0.4930555555555556 0.03373015873015873 0.0582010582010582
349 0.3453621031746032 0.7152777777777778 0.047371031746031744 0.0496031746031746
152 0.3897569444444444 0.7273478835978836 0.047371031746031744 0.05257936507936508
8 0.08382936507936507 0.9032738095238095 0.07242063492063493 0.060515873015873016
8 0.0951140873015873 0.9627976190476191 0.07415674603174603 0.04332010582010582
