290 0.237125 0.27819715808170514 0.03675 0.07149200710479574
131 0.271375 0.2761989342806394 0.04575 0.0719360568383659
132 0.333875 0.28685612788632325 0.04175 0.0497335701598579
131 0.37 0.25266429840142096 0.0495 0.1127886323268206
290 0.4295 0.24977797513321492 0.0565 0.10257548845470693
290 0.48425 0.255550621669627 0.052 0.09813499111900532
290 0.535125 0.2566607460035524 0.05175 0.09236234458259325
109 0.593625 0.255550621669627 0.05175 0.09458259325044405
109 0.6405 0.2730905861456483 0.046 0.0541740674955595
228 0.69025 0.255550621669627 0.052 0.08658969804618118
251 0.75675 0.25288632326820604 0.0605 0.08658969804618118
290 0.707875 0.4342806394316163 0.03425 0.0586145648312611
246 0.668875 0.42073712255772644 0.04275 0.09547069271758436
246 0.63075 0.42073712255772644 0.046 0.09724689165186501
243 0.5955 0.4225133214920071 0.036 0.09991119005328597
243 0.56425 0.4227353463587922 0.0385 0.09769094138543517
109 0.524375 0.4256216696269982 0.03925 0.09191829484902309
278 0.489125 0.42739786856127887 0.03625 0.09014209591474245
243 0.451125 0.41007992895204265 0.04575 0.12921847246891652
265 0.407125 0.41873889875666076 0.04575 0.11634103019538189
345 0.355375 0.4225133214920071 0.04875 0.10346358792184725
101 0.3075 0.4342806394316163 0.0435 0.08348134991119005
346 0.268375 0.44027531083481347 0.04225 0.07238010657193605
109 0.228375 0.44404973357015987 0.04875 0.06660746003552398
101 0.185375 0.44316163410301956 0.04575 0.06660746003552398
109 0.136625 0.4400532859680284 0.04375 0.07992895204262877
109 0.38075 0.022868561278863234 0.032 0.04573712255772647
243 0.411375 0.022424511545293072 0.03425 0.044849023090586145
109 0.38325 0.06705150976909414 0.0315 0.047957371225577264
109 0.412625 0.06660746003552398 0.03025 0.046181172291296625
317 0.3855 0.102797513321492 0.029 0.026198934280639432
52 0.41575 0.10257548845470693 0.029 0.02664298401420959
331 0.44475 0.08436944937833037 0.029 0.06216696269982238
331 0.472 0.08325932504440497 0.027 0.06349911190053285
331 0.499375 0.0830373001776199 0.02825 0.06483126110124333
331 0.52625 0.08259325044404973 0.028 0.06483126110124333
251 0.555625 0.06349911190053285 0.02775 0.0497335701598579
251 0.583875 0.0630550621669627 0.02925 0.0497335701598579
251 0.611625 0.06105683836589698 0.02775 0.049289520426287745
331 0.639375 0.06105683836589698 0.02675 0.047513321492007106
331 0.611625 0.09724689165186501 0.02875 0.03197158081705151
251 0.637125 0.09724689165186501 0.02675 0.02930728241563055
131 0.583875 0.09991119005328597 0.02675 0.028419182948490232
131 0.556875 0.09991119005328597 0.02675 0.03019538188277087
246 0.666625 0.07682060390763766 0.02675 0.06838365896980461
52 0.688 0.07904085257548846 0.0205 0.06216696269982238
243 0.023875 0.09547069271758436 0.04775 0.08792184724689166
278 0.05825 0.10523978685612789 0.02 0.0630550621669627
21 0.084 0.10679396092362345 0.021 0.05550621669626998
109 0.102 0.10457371225577265 0.0295 0.0608348134991119
109 0.09725 0.038632326820603906 0.041 0.07548845470692718
0 0.128125 0.10102131438721136 0.02875 0.05994671403197158
109 0.1595 0.09991119005328597 0.0325 0.06127886323268206
109 0.185625 0.09991119005328597 0.02775 0.06039076376554174
257 0.2385 0.07371225577264653 0.0505 0.10479573712255773
109 0.301 0.06993783303730018 0.05 0.08925399644760214
109 0.03125 0.2257992895204263 0.05 0.07238010657193605
158 0.065125 0.23201598579040852 0.03225 0.0563943161634103
109 0.089375 0.23201598579040852 0.02975 0.05461811722912966
109 0.111375 0.21691829484902309 0.02325 0.08214920071047957
109 0.13325 0.21625222024866786 0.028 0.08259325044404973
109 0.16 0.21536412078152753 0.028 0.08259325044404973
109 0.193375 0.336145648312611 0.02875 0.046181172291296625
246 0.16975 0.33503552397868563 0.028 0.043072824156305506
109 0.148375 0.3363676731793961 0.02525 0.04129662522202487
109 0.020875 0.5626110124333925 0.03725 0.08703374777975133
109 0.055125 0.5621669626998224 0.03575 0.08703374777975133
109 0.103625 0.5619449378330373 0.04225 0.08658969804618118
209 0.135125 0.5610568383658969 0.04775 0.08747779751332149
257 0.18125 0.5692717584369449 0.0405 0.06660746003552398
109 0.21625 0.5670515097690941 0.0375 0.06927175843694494
101 0.26425 0.5659413854351687 0.0405 0.07238010657193605
321 0.296875 0.5703818827708703 0.04425 0.06349911190053285
290 0.3395 0.5537300177619894 0.043 0.09769094138543517
290 0.38275 0.5532859680284192 0.0425 0.09769094138543517
132 0.429625 0.5530639431616341 0.04325 0.09724689165186501
345 0.4725 0.5486234458259325 0.043 0.10523978685612789
132 0.51825 0.5530639431616341 0.039 0.09813499111900532
158 0.183125 0.6638543516873889 0.03825 0.08348134991119005
109 0.22625 0.6636323268206039 0.052 0.08570159857904085
109 0.26 0.6638543516873889 0.04 0.08436944937833037
158 0.29525 0.6707371225577264 0.0395 0.08925399644760214
109 0.334375 0.6740674955595026 0.03575 0.08259325044404973
346 0.37525 0.6707371225577264 0.0355 0.08836589698046181
346 0.412375 0.6729573712255773 0.03575 0.08392539964476022
228 0.45325 0.6616341030195382 0.034 0.08259325044404973
345 0.4875 0.6638543516873889 0.0355 0.08259325044404973
271 0.52825 0.6636323268206039 0.034 0.08570159857904085
290 0.02875 0.6654085257548845 0.038 0.08392539964476022
290 0.0665 0.6656305506216696 0.051 0.08436944937833037
329 0.106 0.6651865008880995 0.0445 0.08436944937833037
290 0.02025 0.7764209591474245 0.0345 0.08392539964476022
109 0.05375 0.7768650088809946 0.044 0.08481349911190053
290 0.093875 0.7768650088809946 0.04175 0.08392539964476022
17 0.135 0.7766429840142096 0.0445 0.08436944937833037
257 0.171875 0.7768650088809946 0.04525 0.08214920071047957
257 0.2125 0.7828596802841918 0.0475 0.07104795737122557
257 0.245125 0.7773090586145648 0.04525 0.08392539964476022
70 0.281625 0.7817495559502664 0.03975 0.0741563055062167
290 0.313 0.7761989342806395 0.038 0.0852575488454707
86 0.362875 0.7766429840142096 0.03775 0.0852575488454707
86 0.40225 0.7764209591474245 0.047 0.08392539964476022
86 0.460875 0.775088809946714 0.04025 0.06971580817051509
86 0.500125 0.7713143872113677 0.03825 0.07282415630550622
349 0.546 0.7777531083481349 0.038 0.0830373001776199
349 0.583 0.7773090586145648 0.0385 0.08481349911190053
109 0.621625 0.7710923623445826 0.03425 0.06971580817051509
109 0.64975 0.7715364120781527 0.038 0.06971580817051509
0 0.692 0.7726465364120781 0.041 0.06927175843694494
109 0.72775 0.772202486678508 0.043 0.07015985790408526
243 0.4725 0.9009769094138543 0.035 0.08703374777975133
243 0.5075 0.8963143872113677 0.035 0.09369449378330373
271 0.54475 0.8947602131438721 0.0355 0.07015985790408526
246 0.577125 0.8945381882770871 0.03275 0.07149200710479574
246 0.6125 0.8923179396092362 0.034 0.07682060390763766
209 0.642875 0.8903197158081705 0.03825 0.08081705150976909
228 0.68975 0.8869893428063943 0.0305 0.08925399644760214
109 0.714125 0.8903197158081705 0.03825 0.0852575488454707
271 0.22475 0.9076376554174067 0.037 0.07015985790408526
271 0.25725 0.9074156305506217 0.0425 0.06971580817051509
33 0.291875 0.905417406749556 0.03875 0.06571936056838366
109 0.32475 0.9069715808170515 0.0365 0.06882770870337478
33 0.356375 0.9069715808170515 0.03675 0.06882770870337478
0 0.396125 0.9076376554174067 0.04075 0.07015985790408526
271 0.435 0.9069715808170515 0.038 0.06882770870337478
109 0.020125 0.9025310834813499 0.03475 0.05550621669626998
271 0.050125 0.9027531083481349 0.04825 0.05595026642984014
132 0.085125 0.9027531083481349 0.04475 0.05595026642984014
132 0.118625 0.9020870337477798 0.04275 0.05461811722912966
132 0.153875 0.9025310834813499 0.04475 0.05550621669626998
33 0.187625 0.9094138543516874 0.04075 0.06927175843694494
109 0.74225 0.4302841918294849 0.044 0.07726465364120781
243 0.713375 0.07460035523978685 0.02675 0.07104795737122557
109 0.74225 0.08214920071047957 0.0235 0.05150976909413854
109 0.767125 0.07992895204262877 0.03375 0.0541740674955595
101 0.78925 0.0819271758436945 0.019 0.047513321492007106
