280 0.5076884920634921 0.20386904761904762 0.030257936507936508 0.06646825396825397
280 0.5389384920634921 0.20386904761904762 0.030753968253968252 0.07175925925925926
280 0.5711805555555556 0.2048611111111111 0.03373015873015873 0.07374338624338625
333 0.6747271825396826 0.20304232804232805 0.045882936507936505 0.07076719576719577
333 0.7235863095238095 0.20105820105820105 0.045882936507936505 0.07473544973544974
11 0.8748759920634921 0.19212962962962962 0.07366071428571429 0.09986772486772487
52 0.8768601190476191 0.44907407407407407 0.057787698412698416 0.05423280423280423
52 0.8748759920634921 0.4998346560846561 0.053323412698412696 0.05125661375661376
52 0.8280009920634921 0.4998346560846561 0.051835317460317464 0.05324074074074074
233 0.7802579365079365 0.4998346560846561 0.039186507936507936 0.05324074074074074
233 0.7420634920634921 0.4998346560846561 0.04017857142857143 0.050595238095238096
233 0.7420634920634921 0.455026455026455 0.04365079365079365 0.05423280423280423
250 0.6657986111111112 0.4538690476190476 0.03844246031746032 0.05324074074074074
250 0.6677827380952381 0.4998346560846561 0.04290674603174603 0.04927248677248677
250 0.6082589285714286 0.4998346560846561 0.04935515873015873 0.049933862433862435
250 0.5966021825396826 0.45105820105820105 0.036458333333333336 0.05423280423280423
157 0.19928075396825398 0.1423611111111111 0.05084325396825397 0.06845238095238096
157 0.1984126984126984 0.20419973544973544 0.05257936507936508 0.060515873015873016
217 0.14620535714285715 0.20403439153439154 0.04985119047619048 0.06018518518518518
217 0.13392857142857142 0.13508597883597884 0.054563492063492064 0.07837301587301587
284 0.09052579365079365 0.14070767195767195 0.04662698412698413 0.06977513227513228
284 0.09858630952380952 0.2037037037037037 0.04985119047619048 0.06018518518518518
265 0.0496031746031746 0.14203042328042328 0.0496031746031746 0.06845238095238096
265 0.046750992063492064 0.20320767195767195 0.05679563492063492 0.059854497354497355
239 0.24677579365079366 0.19444444444444445 0.03968253968253968 0.08267195767195767
239 0.27132936507936506 0.20436507936507936 0.019345238095238096 0.06283068783068783
239 0.28955853174603174 0.21593915343915343 0.018601190476190476 0.03968253968253968
239 0.31237599206349204 0.1962632275132275 0.035962301587301584 0.0796957671957672
188 0.3489583333333333 0.20171957671957672 0.034722222222222224 0.07076719576719577
188 0.3814484126984127 0.20717592592592593 0.031746031746031744 0.06117724867724868
307 0.41257440476190477 0.20552248677248677 0.033482142857142856 0.06580687830687831
73 0.06634424603174603 0.3576388888888889 0.051835317460317464 0.05853174603174603
73 0.1148313492063492 0.35813492063492064 0.056051587301587304 0.0582010582010582
204 0.16927083333333334 0.35912698412698413 0.047371031746031744 0.056878306878306875
204 0.21292162698412698 0.359457671957672 0.046378968253968256 0.056216931216931214
264 0.26450892857142855 0.3587962962962963 0.053323412698412696 0.057539682539682536
264 0.22544642857142858 0.30357142857142855 0.050595238095238096 0.062169312169312166
204 0.18129960317460317 0.3017526455026455 0.04563492063492063 0.059854497354497355
12 0.4104662698412698 0.451223544973545 0.04662698412698413 0.05787037037037037
12 0.4572172619047619 0.4522156084656085 0.04836309523809524 0.05787037037037037
207 0.5065724206349206 0.45337301587301587 0.047867063492063495 0.05555555555555555
207 0.5535714285714286 0.4537037037037037 0.049107142857142856 0.0582010582010582
207 0.5540674603174603 0.50380291005291 0.047619047619047616 0.044642857142857144
207 0.5070684523809523 0.5033068783068783 0.046378968253968256 0.04563492063492063
12 0.4574652777777778 0.5024801587301587 0.047371031746031744 0.04728835978835979
12 0.4105902777777778 0.5024801587301587 0.047371031746031744 0.04728835978835979
82 0.3634672619047619 0.5041335978835979 0.035962301587301584 0.044642857142857144
82 0.3635912698412698 0.45419973544973546 0.037698412698412696 0.0539021164021164
82 0.33581349206349204 0.49966931216931215 0.020833333333333332 0.05489417989417989
0 0.2984871031746032 0.49603174603174605 0.03695436507936508 0.05886243386243386
0 0.2614087301587302 0.49636243386243384 0.03720238095238095 0.0582010582010582
243 0.11520337301587301 0.46395502645502645 0.11086309523809523 0.05092592592592592
243 0.11867559523809523 0.5062830687830688 0.10441468253968254 0.03968253968253968
66 0.20064484126984128 0.4644510582010582 0.07341269841269842 0.04927248677248677
66 0.20386904761904762 0.5062830687830688 0.06646825396825397 0.03902116402116402
296 0.3567708333333333 0.6125992063492064 0.04985119047619048 0.05125661375661376
296 0.3081597222222222 0.6134259259259259 0.05282738095238095 0.052248677248677246
345 0.23685515873015872 0.6101190476190477 0.03670634920634921 0.04034391534391534
345 0.26351686507936506 0.6111111111111112 0.03447420634920635 0.037698412698412696
212 0.1935763888888889 0.6121031746031746 0.03943452380952381 0.037698412698412696
212 0.16592261904761904 0.6076388888888888 0.033234126984126984 0.04728835978835979
92 0.13157242063492064 0.6122685185185185 0.03695436507936508 0.03670634920634921
92 0.09821428571428571 0.6205357142857143 0.03422619047619048 0.020833333333333332
92 0.06187996031746032 0.5791997354497355 0.041914682539682536 0.03802910052910053
38 0.3984375 0.5940806878306878 0.03149801587301587 0.08895502645502645
38 0.4270833333333333 0.5983796296296297 0.030257936507936508 0.08035714285714286
38 0.4572172619047619 0.5952380952380952 0.03149801587301587 0.0873015873015873
3 0.5004960317460317 0.5997023809523809 0.05654761904761905 0.07705026455026455
3 0.5554315476190477 0.5988756613756614 0.05828373015873016 0.07804232804232804
21 0.5958581349206349 0.5947420634920635 0.031994047619047616 0.08697089947089948
21 0.6233878968253969 0.5947420634920635 0.030009920634920636 0.08697089947089948
21 0.6516617063492064 0.5970568783068783 0.030009920634920636 0.08167989417989419
143 0.7064732142857143 0.5834986772486772 0.07118055555555555 0.050595238095238096
143 0.7057291666666666 0.6190476190476191 0.06919642857142858 0.037037037037037035
316 0.7755456349206349 0.5810185185185185 0.0798611111111111 0.046296296296296294
316 0.7736855158730159 0.6185515873015873 0.07316468253968254 0.03736772486772487
271 0.7466517857142857 0.7275132275132276 0.05381944444444445 0.056216931216931214
271 0.7191220238095238 0.6813822751322751 0.03844246031746032 0.045965608465608467
271 0.761780753968254 0.6800595238095238 0.04935515873015873 0.04794973544973545
271 0.7125496031746031 0.7240410052910053 0.0248015873015873 0.040674603174603176
96 0.8050595238095238 0.7261904761904762 0.057539682539682536 0.04828042328042328
96 0.8521825396825397 0.7298280423280423 0.043154761904761904 0.03902116402116402
96 0.8077876984126984 0.6846891534391535 0.053075396825396824 0.05720899470899471
96 0.8523065476190477 0.68369708994709 0.043402777777777776 0.054563492063492064
152 0.5905257936507936 0.685681216931217 0.044642857142857144 0.05720899470899471
152 0.5892857142857143 0.732473544973545 0.041666666666666664 0.03902116402116402
349 0.6345486111111112 0.7270171957671958 0.047867063492063495 0.03670634920634921
349 0.6780753968253969 0.7266865079365079 0.04265873015873016 0.03736772486772487
349 0.6778273809523809 0.6832010582010583 0.04265873015873016 0.05423280423280423
349 0.6357886904761905 0.6825396825396826 0.048859126984126984 0.05357142857142857
86 0.5376984126984127 0.6825396825396826 0.05505952380952381 0.05555555555555555
86 0.48412698412698413 0.6863425925925926 0.05555555555555555 0.055224867724867725
86 0.4304315476190476 0.6868386243386243 0.05580357142857143 0.05489417989417989
86 0.5376984126984127 0.730489417989418 0.05406746031746032 0.04563492063492063
86 0.484375 0.7333002645502645 0.05357142857142857 0.0419973544973545
86 0.43154761904761907 0.7341269841269841 0.05357142857142857 0.041666666666666664
329 0.12549603174603174 0.7141203703703703 0.05952380952380952 0.09490740740740741
329 0.1884920634920635 0.7078373015873016 0.07886904761904762 0.1001984126984127
109 0.23313492063492064 0.7180886243386243 0.03670634920634921 0.054563492063492064
109 0.2708333333333333 0.7337962962962963 0.04712301587301587 0.04563492063492063
109 0.2708333333333333 0.6843584656084656 0.04712301587301587 0.055224867724867725
246 0.3210565476190476 0.6848544973544973 0.05133928571428571 0.056216931216931214
246 0.369171626984127 0.6850198412698413 0.04241071428571429 0.05588624338624339
246 0.369171626984127 0.7311507936507936 0.03993055555555555 0.037698412698412696
246 0.326140873015873 0.7308201058201058 0.037698412698412696 0.037037037037037035
62 0.10863095238095238 0.857308201058201 0.07242063492063493 0.11011904761904762
62 0.16889880952380953 0.8510251322751323 0.0679563492063492 0.10218253968253968
338 0.2509920634920635 0.8091931216931217 0.11011904761904762 0.056878306878306875
338 0.24454365079365079 0.8635912698412699 0.10416666666666667 0.07705026455026455
84 0.3551587301587302 0.8194444444444444 0.10912698412698413 0.05952380952380952
84 0.3525545634920635 0.8678902116402116 0.07961309523809523 0.03935185185185185
132 0.43762400793650796 0.8665674603174603 0.05282738095238095 0.0333994708994709
132 0.4381200396825397 0.8191137566137566 0.054811507936507936 0.05357142857142857
132 0.48921130952380953 0.8664021164021164 0.05282738095238095 0.03373015873015873
132 0.48921130952380953 0.814484126984127 0.054811507936507936 0.05886243386243386
208 0.5403025793650794 0.8253968253968254 0.043402777777777776 0.056216931216931214
208 0.5437748015873016 0.8718584656084656 0.03249007936507937 0.03935185185185185
235 0.6822916666666666 0.8472222222222222 0.057539682539682536 0.09060846560846561
235 0.7335069444444444 0.8465608465608465 0.06522817460317461 0.09060846560846561
33 0.7890625 0.8430886243386243 0.07018849206349206 0.09226190476190477
33 0.8466021825396826 0.8430886243386243 0.06274801587301587 0.09226190476190477
92 0.09250992063492064 0.5785383597883598 0.033234126984126984 0.03935185185185185
