265 0.02725 0.24983333333333332 0.054 0.06966666666666667
284 0.076125 0.246 0.05725 0.06666666666666667
284 0.133625 0.243 0.06175 0.062
217 0.189375 0.24 0.04575 0.056666666666666664
217 0.2235 0.23216666666666666 0.0425 0.06433333333333334
239 0.25575 0.21466666666666667 0.0395 0.08333333333333333
239 0.29375 0.20883333333333334 0.0395 0.08833333333333333
239 0.329 0.206 0.043 0.092
307 0.414875 0.206 0.04075 0.06933333333333333
307 0.450125 0.20483333333333334 0.03675 0.067
280 0.48425 0.19316666666666665 0.037 0.083
280 0.520375 0.19033333333333333 0.03925 0.08333333333333333
280 0.559375 0.18733333333333332 0.04275 0.08333333333333333
244 0.61325 0.18933333333333333 0.0665 0.076
52 0.690375 0.18733333333333332 0.06975 0.06666666666666667
52 0.75675 0.1795 0.0665 0.069
333 0.841625 0.159 0.07375 0.1
143 0.9345 0.10516666666666667 0.1225 0.07366666666666667
143 0.938375 0.17266666666666666 0.12225 0.062
333 0.758625 0.12783333333333333 0.05175 0.053
244 0.61325 0.13083333333333333 0.0605 0.03766666666666667
333 0.7635 0.13066666666666665 0.0605 0.056666666666666664
233 0.949125 0.5018333333333334 0.06125 0.07033333333333333
233 0.98425 0.5018333333333334 0.0285 0.069
233 0.894375 0.5028333333333334 0.07625 0.06633333333333333
250 0.820125 0.49983333333333335 0.06475 0.060333333333333336
250 0.742125 0.49983333333333335 0.05175 0.06433333333333334
207 0.69325 0.5106666666666667 0.0535 0.05733333333333333
207 0.638625 0.5125 0.05075 0.060333333333333336
236 0.573125 0.5135 0.05725 0.06166666666666667
236 0.516375 0.5135 0.05075 0.059666666666666666
12 0.46175 0.5203333333333333 0.0535 0.054
12 0.412 0.5223333333333333 0.0495 0.050666666666666665
82 0.364125 0.5243333333333333 0.05175 0.04666666666666667
82 0.321125 0.5263333333333333 0.06025 0.048
82 0.286875 0.5263333333333333 0.05175 0.048
82 0.36225 0.4765 0.0435 0.055
82 0.31925 0.48033333333333333 0.0435 0.04933333333333333
82 0.287 0.4831666666666667 0.037 0.041
66 0.227375 0.5281666666666667 0.07675 0.051666666666666666
243 0.145375 0.5291666666666667 0.08375 0.051666666666666666
243 0.137625 0.4861666666666667 0.09775 0.051
73 0.080625 0.4073333333333333 0.03575 0.059333333333333335
73 0.109375 0.4045 0.05275 0.060333333333333336
204 0.1525 0.4021666666666667 0.046 0.06233333333333333
204 0.19275 0.3993333333333333 0.056 0.06266666666666666
264 0.242125 0.3953333333333333 0.04925 0.066
38 0.689625 0.6303333333333333 0.03825 0.09466666666666666
38 0.72425 0.6335 0.038 0.087
38 0.760375 0.6296666666666667 0.04125 0.09533333333333334
21 0.799 0.6291666666666667 0.0415 0.097
21 0.83975 0.6311666666666667 0.05 0.09366666666666666
290 0.886375 0.6308333333333334 0.05025 0.09366666666666666
21 0.915375 0.6283333333333333 0.04275 0.09866666666666667
21 0.959 0.6273333333333333 0.054 0.10066666666666667
296 0.594125 0.6473333333333333 0.04925 0.04666666666666667
296 0.644125 0.6473333333333333 0.05275 0.04666666666666667
152 0.383125 0.5981666666666666 0.05075 0.05433333333333333
152 0.431375 0.5981666666666666 0.05175 0.05366666666666667
152 0.38475 0.6476666666666666 0.047 0.04733333333333333
152 0.430875 0.6476666666666666 0.05225 0.04733333333333333
345 0.312 0.6531666666666667 0.039 0.026333333333333334
345 0.278375 0.654 0.03575 0.028666666666666667
212 0.24325 0.6538333333333334 0.034 0.028333333333333332
212 0.21075 0.6536666666666666 0.036 0.028
92 0.177875 0.6578333333333334 0.03875 0.036333333333333336
92 0.150125 0.6525 0.03125 0.025666666666666667
92 0.126875 0.6525 0.03225 0.025666666666666667
329 0.165375 0.7361666666666666 0.05225 0.08433333333333333
329 0.215625 0.7396666666666667 0.05875 0.09133333333333334
86 0.270625 0.7603333333333333 0.05925 0.05
86 0.323625 0.761 0.06175 0.051333333333333335
86 0.380125 0.7621666666666667 0.05725 0.053
86 0.435375 0.7628333333333334 0.06025 0.055
349 0.49325 0.7501666666666666 0.044 0.051
349 0.53575 0.7658333333333334 0.047 0.055
349 0.582625 0.7661666666666667 0.04825 0.05633333333333333
132 0.639125 0.7646666666666667 0.06025 0.04733333333333333
132 0.696625 0.7648333333333334 0.05775 0.04766666666666667
271 0.75425 0.7636666666666667 0.053 0.06866666666666667
271 0.794375 0.718 0.06325 0.046
271 0.804625 0.7606666666666667 0.05375 0.056
96 0.86575 0.7676666666666667 0.07 0.066
96 0.922875 0.769 0.07225 0.06533333333333333
208 0.65425 0.872 0.0555 0.048666666666666664
235 0.7125 0.8993333333333333 0.0695 0.09266666666666666
235 0.772 0.8993333333333333 0.0685 0.098
33 0.855625 0.905 0.07975 0.094
33 0.926625 0.9071666666666667 0.08925 0.09833333333333333
246 0.48025 0.858 0.059 0.06333333333333334
246 0.48175 0.9078333333333334 0.0565 0.047
246 0.5365 0.8898333333333334 0.0565 0.067
246 0.588625 0.8625 0.05375 0.06166666666666667
84 0.39975 0.8993333333333333 0.108 0.066
338 0.289375 0.8368333333333333 0.10375 0.052333333333333336
338 0.282125 0.8861666666666667 0.09175 0.063
62 0.192375 0.838 0.06375 0.10133333333333333
