50 0.72578125 0.30457380457380456 0.0984375 0.17255717255717257
50 0.64765625 0.3024948024948025 0.0890625 0.17255717255717257
330 0.546875 0.30665280665280664 0.103125 0.1683991683991684
330 0.47890625 0.3076923076923077 0.1015625 0.1704781704781705
53 0.37265625 0.2972972972972973 0.1203125 0.18711018711018712
53 0.26015625 0.29625779625779625 0.1234375 0.1891891891891892
53 0.146875 0.29521829521829523 0.13125 0.19126819126819128
34 0.175 0.5550935550935551 0.13125 0.2286902286902287
34 0.28671875 0.5550935550935551 0.1203125 0.22453222453222454
34 0.38984375 0.5239085239085239 0.1015625 0.20374220374220375
187 0.49765625 0.5654885654885655 0.1140625 0.19542619542619544
148 0.6578125 0.5675675675675675 0.084375 0.16216216216216217
223 0.73125 0.5550935550935551 0.084375 0.15384615384615385
223 0.81640625 0.5675675675675675 0.0984375 0.1496881496881497
181 0.93515625 0.7598752598752598 0.1078125 0.17671517671517672
181 0.8546875 0.7588357588357588 0.09375 0.1787941787941788
181 0.775 0.7765072765072765 0.10625 0.20166320166320167
97 0.68359375 0.7817047817047817 0.1109375 0.2079002079002079
97 0.58515625 0.7848232848232848 0.1078125 0.21413721413721415
23 0.4828125 0.7900207900207901 0.103125 0.2079002079002079
23 0.38515625 0.8024948024948025 0.1109375 0.19542619542619544
342 0.28671875 0.7900207900207901 0.1078125 0.21205821205821207
342 0.17890625 0.8087318087318087 0.1296875 0.21205821205821207
47 0.809375 0.31496881496881496 0.08125 0.14345114345114346
47 0.88046875 0.316008316008316 0.0796875 0.14137214137214138
305 0.95 0.31704781704781704 0.084375 0.1392931392931393
164 0.90859375 0.5582120582120582 0.0921875 0.1600831600831601
164 0.9671875 0.5582120582120582 0.059375 0.15592515592515593
194 0.85234375 0.5665280665280665 0.0203125 0.14345114345114346
