133 0.021241830065359478 0.924264705882353 0.042483660130718956 0.1142156862745098
171 0.06045751633986928 0.9154411764705882 0.07450980392156863 0.09362745098039216
171 0.12483660130718954 0.9261029411764706 0.08169934640522876 0.10759803921568628
63 0.20098039215686275 0.9310049019607843 0.08169934640522876 0.08602941176470588
63 0.2604575163398693 0.9272058823529412 0.08169934640522876 0.09509803921568627
63 0.33088235294117646 0.9182598039215686 0.07875816993464052 0.09632352941176471
172 0.4042483660130719 0.9153186274509804 0.09542483660130718 0.08897058823529412
266 0.8143790849673203 0.6868872549019608 0.07712418300653595 0.08259803921568627
169 0.7947712418300653 0.7894607843137255 0.08169934640522876 0.06519607843137255
169 0.6990196078431372 0.7924019607843137 0.08169934640522876 0.06519607843137255
136 0.6326797385620915 0.7884803921568627 0.056862745098039215 0.06862745098039216
136 0.5769607843137254 0.7943627450980392 0.06111111111111111 0.0696078431372549
136 0.5261437908496732 0.7933823529411764 0.060784313725490195 0.0696078431372549
266 0.6844771241830065 0.689828431372549 0.07352941176470588 0.08063725490196079
266 0.7478758169934641 0.6878676470588235 0.06895424836601308 0.07916666666666666
189 0.6140522875816994 0.5911764705882353 0.10196078431372549 0.0446078431372549
27 0.6120915032679739 0.5530637254901961 0.1084967320261438 0.03848039215686275
24 0.6071895424836601 0.4573529411764706 0.10457516339869281 0.057352941176470586
355 0.6727124183006536 0.4553921568627451 0.07679738562091504 0.057352941176470586
24 0.751797385620915 0.45441176470588235 0.07679738562091504 0.054411764705882354
24 0.8230392156862745 0.45159313725490197 0.08333333333333333 0.0571078431372549
215 0.876797385620915 0.21127450980392157 0.08300653594771241 0.057352941176470586
215 0.7947712418300653 0.2133578431372549 0.08758169934640522 0.05612745098039216
165 0.7947712418300653 0.16544117647058823 0.0869281045751634 0.041176470588235294
173 0.4050653594771242 0.22389705882352942 0.12450980392156863 0.04436274509803922
174 0.28316993464052287 0.22401960784313726 0.12973856209150328 0.04607843137254902
309 0.28316993464052287 0.29926470588235293 0.12058823529411765 0.04607843137254902
309 0.2869281045751634 0.3431372549019608 0.12091503267973856 0.04411764705882353
309 0.38169934640522873 0.34901960784313724 0.14705882352941177 0.03725490196078431
309 0.38169934640522873 0.29926470588235293 0.14705882352941177 0.04607843137254902
89 0.49493464052287583 0.33431372549019606 0.09967320261437909 0.054411764705882354
297 0.5008169934640523 0.42426470588235293 0.10947712418300654 0.04607843137254902
297 0.49983660130718954 0.4632352941176471 0.11535947712418301 0.0446078431372549
46 0.388562091503268 0.4681372549019608 0.10457516339869281 0.03872549019607843
46 0.384640522875817 0.42720588235294116 0.11503267973856209 0.0446078431372549
46 0.2761437908496732 0.43014705882352944 0.10392156862745099 0.0446078431372549
46 0.2763071895424837 0.4681372549019608 0.11143790849673203 0.03872549019607843
27 0.2861111111111111 0.5345588235294118 0.11078431372549019 0.03627450980392157
27 0.28594771241830064 0.5882352941176471 0.1084967320261438 0.057352941176470586
89 0.5779411764705882 0.33431372549019606 0.07483660130718954 0.054411764705882354
320 0.1892156862745098 0.5843137254901961 0.10457516339869281 0.0696078431372549
320 0.09738562091503268 0.592156862745098 0.10457516339869281 0.06274509803921569
178 0.021405228758169935 0.5726715686274509 0.04281045751633987 0.09877450980392156
137 0.075 0.4553921568627451 0.07026143790849673 0.06715686274509804
137 0.1326797385620915 0.45551470588235293 0.0738562091503268 0.06299019607843137
137 0.18937908496732025 0.45441176470588235 0.06111111111111111 0.06519607843137255
64 0.1454248366013072 0.3431372549019608 0.09477124183006536 0.08333333333333333
64 0.060294117647058824 0.34129901960784315 0.11993464052287582 0.08553921568627451
200 0.03594771241830065 0.23370098039215687 0.0718954248366013 0.07181372549019607
225 0.04330065359477124 0.08174019607843137 0.08594771241830065 0.08553921568627451
1 0.1326797385620915 0.09411764705882353 0.0738562091503268 0.057352941176470586
1 0.1854575163398693 0.09411764705882353 0.06568627450980392 0.061274509803921566
355 0.13954248366013072 0.7009803921568627 0.07712418300653595 0.06568627450980392
355 0.06650326797385621 0.7075980392156863 0.06895424836601308 0.0803921568627451
63 0.7928104575163398 0.9327205882352941 0.10915032679738562 0.07573529411764705
282 0.6970588235294117 0.9406862745098039 0.08627450980392157 0.06715686274509804
282 0.6014705882352941 0.9431372549019608 0.0977124183006536 0.059313725490196076
172 0.4973856209150327 0.9306372549019608 0.08758169934640522 0.0857843137254902
298 0.4655228758169935 0.796078431372549 0.05457516339869281 0.08725490196078431
298 0.4050653594771242 0.7892156862745098 0.06372549019607843 0.0857843137254902
298 0.33872549019607845 0.7895833333333333 0.07091503267973856 0.08799019607843138
298 0.27369281045751637 0.7917892156862745 0.0565359477124183 0.07720588235294118
56 0.21029411764705883 0.6979166666666666 0.07810457516339869 0.0840686274509804
56 0.2797385620915033 0.694485294117647 0.06666666666666667 0.08651960784313725
259 0.5475490196078432 0.7002450980392156 0.061764705882352944 0.06862745098039216
259 0.6176470588235294 0.6975490196078431 0.06993464052287582 0.06323529411764706
56 0.3468954248366013 0.6955882352941176 0.0565359477124183 0.08725490196078431
32 0.4181372549019608 0.703186274509804 0.07091503267973856 0.07941176470588235
32 0.47908496732026146 0.6993872549019607 0.060784313725490195 0.07181372549019607
355 0.3923202614379085 0.5954656862745098 0.09379084967320261 0.03700980392156863
355 0.38594771241830067 0.5594362745098039 0.08954248366013072 0.04240196078431373
355 0.4959150326797386 0.5952205882352941 0.10098039215686275 0.030147058823529412
355 0.4887254901960784 0.5595588235294118 0.11339869281045752 0.03627450980392157
355 0.48905228758169933 0.5158088235294118 0.0977124183006536 0.03553921568627451
122 0.8037581699346406 0.5528186274509804 0.10816993464052288 0.03848039215686275
122 0.8083333333333333 0.5893382352941177 0.09901960784313725 0.027696078431372548
122 0.7196078431372549 0.5888480392156863 0.09673202614379085 0.03161764705882353
200 0.1392156862745098 0.2338235294117647 0.12352941176470589 0.06568627450980392
334 0.7169934640522876 0.20183823529411765 0.06274509803921569 0.08504901960784314
334 0.6480392156862745 0.20294117647058824 0.06274509803921569 0.08431372549019608
177 0.5071895424836601 0.2 0.06993464052287582 0.09509803921568627
337 0.576797385620915 0.20330882352941176 0.07320261437908497 0.08799019607843138
37 0.8383986928104575 0.31899509803921566 0.06111111111111111 0.06838235294117648
37 0.7808823529411765 0.3197303921568627 0.061764705882352944 0.06887254901960785
87 0.7156862745098039 0.32169117647058826 0.06274509803921569 0.06887254901960785
87 0.6532679738562092 0.3224264705882353 0.058823529411764705 0.06887254901960785
339 0.02630718954248366 0.8053921568627451 0.05 0.060294117647058824
339 0.09640522875816994 0.805514705882353 0.10326797385620914 0.0571078431372549
339 0.18774509803921569 0.7988970588235295 0.09901960784313725 0.06887254901960785
